datetime,D21Z,D41Z,D42Z,Total
2024-03-01 01:00:00,2,0,1,3
2024-03-01 01:10:00,3,0,1,4
2024-03-01 01:20:00,1,0,0,1
2024-03-01 01:30:00,1,0,1,2
2024-03-01 01:40:00,1,1,0,2
2024-03-01 01:50:00,1,0,1,2
2024-03-01 02:00:00,0,1,1,2
2024-03-01 02:10:00,0,0,0,0
2024-03-01 02:20:00,1,0,0,1
2024-03-01 02:30:00,0,0,0,0
2024-03-01 02:40:00,1,1,1,3
2024-03-01 02:50:00,0,0,0,0
2024-03-01 03:00:00,0,0,0,0
2024-03-01 03:10:00,1,0,0,1
2024-03-01 03:20:00,1,0,0,1
2024-03-01 03:30:00,0,0,2,2
2024-03-01 03:40:00,2,0,0,2
2024-03-01 03:50:00,1,1,1,3
2024-03-01 04:00:00,1,0,0,1
2024-03-01 04:10:00,0,1,1,2
2024-03-01 04:20:00,0,0,0,0
2024-03-01 04:30:00,1,0,3,4
2024-03-01 04:40:00,1,1,2,4
2024-03-01 04:50:00,2,1,0,3
2024-03-01 05:00:00,1,2,0,3
2024-03-01 05:10:00,5,1,2,8
2024-03-01 05:20:00,0,1,3,4
2024-03-01 05:30:00,0,1,2,3
2024-03-01 05:40:00,2,2,2,6
2024-03-01 05:50:00,5,4,1,10
2024-03-01 06:00:00,5,3,7,15
2024-03-01 06:10:00,6,3,2,11
2024-03-01 06:20:00,4,5,5,14
2024-03-01 06:30:00,12,5,4,21
2024-03-01 06:40:00,11,15,6,32
2024-03-01 06:50:00,15,13,8,36
2024-03-01 07:00:00,16,16,7,39
2024-03-01 07:10:00,14,10,10,34
2024-03-01 07:20:00,18,14,12,44
2024-03-01 07:30:00,26,33,24,83
2024-03-01 07:40:00,31,27,9,67
2024-03-01 07:50:00,28,23,13,64
2024-03-01 08:00:00,35,20,13,68
2024-03-01 08:10:00,17,14,10,41
2024-03-01 08:20:00,22,19,9,50
2024-03-01 08:30:00,16,22,13,51
2024-03-01 08:40:00,22,23,10,55
2024-03-01 08:50:00,18,25,9,52
2024-03-01 09:00:00,25,18,12,55
2024-03-01 09:10:00,12,12,8,32
2024-03-01 09:20:00,23,21,11,55
2024-03-01 09:30:00,25,25,11,61
2024-03-01 09:40:00,22,13,9,44
2024-03-01 09:50:00,25,14,8,47
2024-03-01 10:00:00,22,15,11,48
2024-03-01 10:10:00,18,17,11,46
2024-03-01 10:20:00,18,8,10,36
2024-03-01 10:30:00,23,17,13,53
2024-03-01 10:40:00,24,17,10,51
2024-03-01 10:50:00,20,20,4,44
2024-03-01 11:00:00,21,9,5,35
2024-03-01 11:10:00,34,19,18,71
2024-03-01 11:20:00,23,14,16,53
2024-03-01 11:30:00,31,12,17,60
2024-03-01 11:40:00,20,18,10,48
2024-03-01 11:50:00,28,28,9,65
2024-03-01 12:00:00,24,17,1,42
2024-03-01 12:10:00,33,17,9,59
2024-03-01 12:20:00,22,21,8,51
2024-03-01 12:30:00,26,24,8,58
2024-03-01 12:40:00,25,27,11,63
2024-03-01 12:50:00,28,18,10,56
2024-03-01 13:00:00,22,20,9,51
2024-03-01 13:10:00,27,29,8,64
2024-03-01 13:20:00,38,16,8,62
2024-03-01 13:30:00,34,17,5,56
2024-03-01 13:40:00,24,18,5,47
2024-03-01 13:50:00,27,20,10,57
2024-03-01 14:00:00,21,14,8,43
2024-03-01 14:10:00,26,24,6,56
2024-03-01 14:20:00,32,23,6,61
2024-03-01 14:30:00,38,25,17,80
2024-03-01 14:40:00,29,32,13,74
2024-03-01 14:50:00,23,22,11,56
2024-03-01 15:00:00,34,14,8,56
2024-03-01 15:10:00,19,16,9,44
2024-03-01 15:20:00,32,27,6,65
2024-03-01 15:30:00,30,21,13,64
2024-03-01 15:40:00,28,18,13,59
2024-03-01 15:50:00,31,25,18,74
2024-03-01 16:00:00,28,24,9,61
2024-03-01 16:10:00,28,23,9,60
2024-03-01 16:20:00,17,14,15,46
2024-03-01 16:30:00,27,34,10,71
2024-03-01 16:40:00,38,23,13,74
2024-03-01 16:50:00,29,23,6,58
2024-03-01 17:00:00,35,20,10,65
2024-03-01 17:10:00,23,28,8,59
2024-03-01 17:20:00,27,17,10,54
2024-03-01 17:30:00,27,24,5,56
2024-03-01 17:40:00,30,23,11,64
2024-03-01 17:50:00,26,25,8,59
2024-03-01 18:00:00,25,20,14,59
2024-03-01 18:10:00,32,27,2,61
2024-03-01 18:20:00,30,25,9,64
2024-03-01 18:30:00,26,20,5,51
2024-03-01 18:40:00,22,23,10,55
2024-03-01 18:50:00,27,13,13,53
2024-03-01 19:00:00,22,17,14,53
2024-03-01 19:10:00,14,15,8,37
2024-03-01 19:20:00,19,9,10,38
2024-03-01 19:30:00,17,12,5,34
2024-03-01 19:40:00,15,17,7,39
2024-03-01 19:50:00,19,9,4,32
2024-03-01 20:00:00,17,19,9,45
2024-03-01 20:10:00,15,10,5,30
2024-03-01 20:20:00,6,17,11,34
2024-03-01 20:30:00,13,8,0,21
2024-03-01 20:40:00,15,7,5,27
2024-03-01 20:50:00,11,2,2,15
2024-03-01 21:00:00,11,14,5,30
2024-03-01 21:10:00,8,6,2,16
2024-03-01 21:20:00,5,9,3,17
2024-03-01 21:30:00,9,7,6,22
2024-03-01 21:40:00,11,8,4,23
2024-03-01 21:50:00,11,5,5,21
2024-03-01 22:00:00,7,4,2,13
2024-03-01 22:10:00,12,7,2,21
2024-03-01 22:20:00,13,10,8,31
2024-03-01 22:30:00,19,8,3,30
2024-03-01 22:40:00,15,10,1,26
2024-03-01 22:50:00,14,3,4,21
2024-03-01 23:00:00,7,8,2,17
2024-03-01 23:10:00,4,4,7,15
2024-03-01 23:20:00,7,2,4,13
2024-03-01 23:30:00,10,7,3,20
2024-03-01 23:40:00,11,3,1,15
2024-03-01 23:50:00,6,4,3,13
2024-03-02 00:00:00,5,2,2,9
2024-03-02 00:10:00,7,2,2,11
2024-03-02 00:20:00,4,5,3,12
2024-03-02 00:30:00,3,2,1,6
2024-03-02 00:40:00,4,2,0,6
2024-03-02 00:50:00,3,2,1,6
2024-03-02 01:00:00,3,3,3,9
2024-03-02 01:10:00,5,1,0,6
2024-03-02 01:20:00,3,1,1,5
2024-03-02 01:30:00,4,0,1,5
2024-03-02 01:40:00,3,2,0,5
2024-03-02 01:50:00,4,2,0,6
2024-03-02 02:00:00,4,1,1,6
2024-03-02 02:10:00,4,0,0,4
2024-03-02 02:20:00,4,2,0,6
2024-03-02 02:30:00,5,0,0,5
2024-03-02 02:40:00,1,0,0,1
2024-03-02 02:50:00,1,0,1,2
2024-03-02 03:00:00,1,0,1,2
2024-03-02 03:10:00,2,1,0,3
2024-03-02 03:20:00,4,0,0,4
2024-03-02 03:30:00,2,1,1,4
2024-03-02 03:40:00,1,0,0,1
2024-03-02 03:50:00,4,2,0,6
2024-03-02 04:00:00,3,4,1,8
2024-03-02 04:10:00,2,0,0,2
2024-03-02 04:20:00,3,0,0,3
2024-03-02 04:30:00,1,1,0,2
2024-03-02 04:40:00,4,1,0,5
2024-03-02 04:50:00,0,0,0,0
2024-03-02 05:00:00,1,2,2,5
2024-03-02 05:10:00,0,2,1,3
2024-03-02 05:20:00,0,0,3,3
2024-03-02 05:30:00,0,1,1,2
2024-03-02 05:40:00,2,2,1,5
2024-03-02 05:50:00,2,0,3,5
2024-03-02 06:00:00,2,1,0,3
2024-03-02 06:10:00,3,0,1,4
2024-03-02 06:20:00,1,3,0,4
2024-03-02 06:30:00,2,2,0,4
2024-03-02 06:40:00,3,0,0,3
2024-03-02 06:50:00,2,3,0,5
2024-03-02 07:00:00,1,2,1,4
2024-03-02 07:10:00,5,2,0,7
2024-03-02 07:20:00,5,2,1,8
2024-03-02 07:30:00,6,3,5,14
2024-03-02 07:40:00,13,3,6,22
2024-03-02 07:50:00,7,6,6,19
2024-03-02 08:00:00,10,6,1,17
2024-03-02 08:10:00,15,10,3,28
2024-03-02 08:20:00,10,7,3,20
2024-03-02 08:30:00,11,10,5,26
2024-03-02 08:40:00,7,8,9,24
2024-03-02 08:50:00,10,6,7,23
2024-03-02 09:00:00,15,15,3,33
2024-03-02 09:10:00,21,12,6,39
2024-03-02 09:20:00,17,12,9,38
2024-03-02 09:30:00,18,17,6,41
2024-03-02 09:40:00,17,14,7,38
2024-03-02 09:50:00,13,28,12,53
2024-03-02 10:00:00,24,21,11,56
2024-03-02 10:10:00,25,15,8,48
2024-03-02 10:20:00,20,11,10,41
2024-03-02 10:30:00,22,21,4,47
2024-03-02 10:40:00,24,23,11,58
2024-03-02 10:50:00,21,24,4,49
2024-03-02 11:00:00,28,13,9,50
2024-03-02 11:10:00,23,23,7,53
2024-03-02 11:20:00,16,17,3,36
2024-03-02 11:30:00,19,9,7,35
2024-03-02 11:40:00,24,15,11,50
2024-03-02 11:50:00,28,24,20,72
2024-03-02 12:00:00,22,13,11,46
2024-03-02 12:10:00,18,16,6,40
2024-03-02 12:20:00,26,31,15,72
2024-03-02 12:30:00,23,15,16,54
2024-03-02 12:40:00,17,18,7,42
2024-03-02 12:50:00,16,16,8,40
2024-03-02 13:00:00,19,24,3,46
2024-03-02 13:10:00,20,18,9,47
2024-03-02 13:20:00,21,33,11,65
2024-03-02 13:30:00,23,23,6,52
2024-03-02 13:40:00,26,32,8,66
2024-03-02 13:50:00,29,30,5,64
2024-03-02 14:00:00,26,34,9,69
2024-03-02 14:10:00,19,29,6,54
2024-03-02 14:20:00,23,32,8,63
2024-03-02 14:30:00,23,28,13,64
2024-03-02 14:40:00,27,22,8,57
2024-03-02 14:50:00,25,25,9,59
2024-03-02 15:00:00,26,15,9,50
2024-03-02 15:10:00,13,15,9,37
2024-03-02 15:20:00,22,19,11,52
2024-03-02 15:30:00,24,21,7,52
2024-03-02 15:40:00,28,12,4,44
2024-03-02 15:50:00,16,13,7,36
2024-03-02 16:00:00,13,10,7,30
2024-03-02 16:10:00,27,15,6,48
2024-03-02 16:20:00,19,7,6,32
2024-03-02 16:30:00,31,11,5,47
2024-03-02 16:40:00,14,8,7,29
2024-03-02 16:50:00,24,9,6,39
2024-03-02 17:00:00,27,11,9,47
2024-03-02 17:10:00,29,15,10,54
2024-03-02 17:20:00,35,14,6,55
2024-03-02 17:30:00,36,15,7,58
2024-03-02 17:40:00,55,12,2,69
2024-03-02 17:50:00,44,16,6,66
2024-03-02 18:00:00,49,17,7,73
2024-03-02 18:10:00,28,13,6,47
2024-03-02 18:20:00,29,14,6,49
2024-03-02 18:30:00,20,10,8,38
2024-03-02 18:40:00,22,14,9,45
2024-03-02 18:50:00,19,8,7,34
2024-03-02 19:00:00,25,12,10,47
2024-03-02 19:10:00,18,17,8,43
2024-03-02 19:20:00,17,12,8,37
2024-03-02 19:30:00,19,13,6,38
2024-03-02 19:40:00,11,8,3,22
2024-03-02 19:50:00,8,7,4,19
2024-03-02 20:00:00,12,11,3,26
2024-03-02 20:10:00,14,6,4,24
2024-03-02 20:20:00,10,17,3,30
2024-03-02 20:30:00,17,7,8,32
2024-03-02 20:40:00,15,7,4,26
2024-03-02 20:50:00,14,11,3,28
2024-03-02 21:00:00,6,5,1,12
2024-03-02 21:10:00,9,3,2,14
2024-03-02 21:20:00,8,6,3,17
2024-03-02 21:30:00,14,5,1,20
2024-03-02 21:40:00,5,2,3,10
2024-03-02 21:50:00,5,5,1,11
2024-03-02 22:00:00,9,4,5,18
2024-03-02 22:10:00,7,3,1,11
2024-03-02 22:20:00,11,6,3,20
2024-03-02 22:30:00,10,6,3,19
2024-03-02 22:40:00,9,4,0,13
2024-03-02 22:50:00,11,6,1,18
2024-03-02 23:00:00,6,7,1,14
2024-03-02 23:10:00,13,9,2,24
2024-03-02 23:20:00,11,10,6,27
2024-03-02 23:30:00,6,8,2,16
2024-03-02 23:40:00,6,3,1,10
2024-03-02 23:50:00,9,5,3,17
2024-03-03 00:00:00,6,4,3,13
2024-03-03 00:10:00,10,4,6,20
2024-03-03 00:20:00,3,2,0,5
2024-03-03 00:30:00,7,3,3,13
2024-03-03 00:40:00,7,8,0,15
2024-03-03 00:50:00,9,0,1,10
2024-03-03 01:00:00,13,2,3,18
2024-03-03 01:10:00,5,2,0,7
2024-03-03 01:20:00,5,1,0,6
2024-03-03 01:30:00,2,3,2,7
2024-03-03 01:40:00,7,3,1,11
2024-03-03 01:50:00,7,1,2,10
2024-03-03 02:00:00,5,2,3,10
2024-03-03 02:10:00,5,0,0,5
2024-03-03 02:20:00,2,1,0,3
2024-03-03 02:30:00,2,0,2,4
2024-03-03 02:40:00,4,0,1,5
2024-03-03 02:50:00,3,2,0,5
2024-03-03 03:00:00,1,0,0,1
2024-03-03 03:10:00,3,1,2,6
2024-03-03 03:20:00,0,1,1,2
2024-03-03 03:30:00,2,2,1,5
2024-03-03 03:40:00,0,0,1,1
2024-03-03 03:50:00,2,1,2,5
2024-03-03 04:00:00,4,1,1,6
2024-03-03 04:10:00,0,0,0,0
2024-03-03 04:20:00,1,4,0,5
2024-03-03 04:30:00,3,1,0,4
2024-03-03 04:40:00,0,1,0,1
2024-03-03 04:50:00,0,0,1,1
2024-03-03 05:00:00,1,1,0,2
2024-03-03 05:10:00,1,0,2,3
2024-03-03 05:20:00,0,3,1,4
2024-03-03 05:30:00,1,2,0,3
2024-03-03 05:40:00,2,1,1,4
2024-03-03 05:50:00,1,0,1,2
2024-03-03 06:00:00,0,1,1,2
2024-03-03 06:10:00,2,0,2,4
2024-03-03 06:20:00,0,1,0,1
2024-03-03 06:30:00,1,3,0,4
2024-03-03 06:40:00,0,1,1,2
2024-03-03 06:50:00,0,0,1,1
2024-03-03 07:00:00,3,2,0,5
2024-03-03 07:10:00,3,1,0,4
2024-03-03 07:20:00,2,0,0,2
2024-03-03 07:30:00,1,1,2,4
2024-03-03 07:40:00,2,2,0,4
2024-03-03 07:50:00,7,2,6,15
2024-03-03 08:00:00,5,3,1,9
2024-03-03 08:10:00,2,1,1,4
2024-03-03 08:20:00,5,3,3,11
2024-03-03 08:30:00,6,3,1,10
2024-03-03 08:40:00,6,4,2,12
2024-03-03 08:50:00,5,4,5,14
2024-03-03 09:00:00,9,9,6,24
2024-03-03 09:10:00,8,10,5,23
2024-03-03 09:20:00,12,10,2,24
2024-03-03 09:30:00,13,12,6,31
2024-03-03 09:40:00,8,11,4,23
2024-03-03 09:50:00,12,7,3,22
2024-03-03 10:00:00,11,7,6,24
2024-03-03 10:10:00,13,7,5,25
2024-03-03 10:20:00,15,6,7,28
2024-03-03 10:30:00,16,11,5,32
2024-03-03 10:40:00,13,15,3,31
2024-03-03 10:50:00,12,16,4,32
2024-03-03 11:00:00,16,10,5,31
2024-03-03 11:10:00,16,10,2,28
2024-03-03 11:20:00,13,12,2,27
2024-03-03 11:30:00,22,14,7,43
2024-03-03 11:40:00,11,12,4,27
2024-03-03 11:50:00,15,8,3,26
2024-03-03 12:00:00,24,17,6,47
2024-03-03 12:10:00,28,12,5,45
2024-03-03 12:20:00,15,11,4,30
2024-03-03 12:30:00,21,16,3,40
2024-03-03 12:40:00,15,17,9,41
2024-03-03 12:50:00,16,18,9,43
2024-03-03 13:00:00,22,8,7,37
2024-03-03 13:10:00,27,14,2,43
2024-03-03 13:20:00,20,17,7,44
2024-03-03 13:30:00,23,14,8,45
2024-03-03 13:40:00,27,8,8,43
2024-03-03 13:50:00,22,18,6,46
2024-03-03 14:00:00,17,10,5,32
2024-03-03 14:10:00,16,24,6,46
2024-03-03 14:20:00,22,11,10,43
2024-03-03 14:30:00,12,15,13,40
2024-03-03 14:40:00,23,21,9,53
2024-03-03 14:50:00,18,15,1,34
2024-03-03 15:00:00,16,13,10,39
2024-03-03 15:10:00,17,15,5,37
2024-03-03 15:20:00,18,11,4,33
2024-03-03 15:30:00,20,8,3,31
2024-03-03 15:40:00,15,19,3,37
2024-03-03 15:50:00,15,8,8,31
2024-03-03 16:00:00,18,10,4,32
2024-03-03 16:10:00,15,10,3,28
2024-03-03 16:20:00,11,6,4,21
2024-03-03 16:30:00,21,11,6,38
2024-03-03 16:40:00,17,13,11,41
2024-03-03 16:50:00,11,13,6,30
2024-03-03 17:00:00,25,9,9,43
2024-03-03 17:10:00,21,7,4,32
2024-03-03 17:20:00,17,6,6,29
2024-03-03 17:30:00,25,15,9,49
2024-03-03 17:40:00,19,12,9,40
2024-03-03 17:50:00,21,16,2,39
2024-03-03 18:00:00,22,16,1,39
2024-03-03 18:10:00,17,14,5,36
2024-03-03 18:20:00,17,8,7,32
2024-03-03 18:30:00,13,17,5,35
2024-03-03 18:40:00,23,13,9,45
2024-03-03 18:50:00,11,14,4,29
2024-03-03 19:00:00,12,13,8,33
2024-03-03 19:10:00,11,5,10,26
2024-03-03 19:20:00,10,10,7,27
2024-03-03 19:30:00,11,10,2,23
2024-03-03 19:40:00,12,9,6,27
2024-03-03 19:50:00,10,11,9,30
2024-03-03 20:00:00,10,9,5,24
2024-03-03 20:10:00,13,5,2,20
2024-03-03 20:20:00,5,5,3,13
2024-03-03 20:30:00,10,5,4,19
2024-03-03 20:40:00,8,7,3,18
2024-03-03 20:50:00,12,9,3,24
2024-03-03 21:00:00,10,5,3,18
2024-03-03 21:10:00,8,5,7,20
2024-03-03 21:20:00,6,1,3,10
2024-03-03 21:30:00,5,7,0,12
2024-03-03 21:40:00,6,2,1,9
2024-03-03 21:50:00,4,6,1,11
2024-03-03 22:00:00,6,4,4,14
2024-03-03 22:10:00,10,2,4,16
2024-03-03 22:20:00,9,5,3,17
2024-03-03 22:30:00,7,6,1,14
2024-03-03 22:40:00,4,2,2,8
2024-03-03 22:50:00,2,2,0,4
2024-03-03 23:00:00,6,0,2,8
2024-03-03 23:10:00,1,2,2,5
2024-03-03 23:20:00,3,0,1,4
2024-03-03 23:30:00,4,2,0,6
2024-03-03 23:40:00,2,2,0,4
2024-03-03 23:50:00,3,1,0,4
2024-03-04 00:00:00,2,2,1,5
2024-03-04 00:10:00,2,1,1,4
2024-03-04 00:20:00,1,1,1,3
2024-03-04 00:30:00,0,0,0,0
2024-03-04 00:40:00,1,2,0,3
2024-03-04 00:50:00,2,1,0,3
2024-03-04 01:00:00,0,1,0,1
2024-03-04 01:10:00,2,1,2,5
2024-03-04 01:20:00,1,0,0,1
2024-03-04 01:30:00,0,0,0,0
2024-03-04 01:40:00,0,0,0,0
2024-03-04 01:50:00,0,0,1,1
2024-03-04 02:00:00,0,0,0,0
2024-03-04 02:10:00,1,0,0,1
2024-03-04 02:20:00,0,0,0,0
2024-03-04 02:30:00,0,0,0,0
2024-03-04 02:40:00,0,0,0,0
2024-03-04 02:50:00,0,0,0,0
2024-03-04 03:00:00,0,1,0,1
2024-03-04 03:10:00,1,0,1,2
2024-03-04 03:20:00,0,0,0,0
2024-03-04 03:30:00,0,0,1,1
2024-03-04 03:40:00,1,1,1,3
2024-03-04 03:50:00,1,2,0,3
2024-03-04 04:00:00,2,0,1,3
2024-03-04 04:10:00,0,0,0,0
2024-03-04 04:20:00,0,0,0,0
2024-03-04 04:30:00,0,0,1,1
2024-03-04 04:40:00,0,1,1,2
2024-03-04 04:50:00,0,1,0,1
2024-03-04 05:00:00,1,0,2,3
2024-03-04 05:10:00,1,1,1,3
2024-03-04 05:20:00,2,1,3,6
2024-03-04 05:30:00,1,1,7,9
2024-03-04 05:40:00,4,3,1,8
2024-03-04 05:50:00,4,2,1,7
2024-03-04 06:00:00,7,3,2,12
2024-03-04 06:10:00,4,1,4,9
2024-03-04 06:20:00,10,10,4,24
2024-03-04 06:30:00,8,9,8,25
2024-03-04 06:40:00,15,8,4,27
2024-03-04 06:50:00,12,10,4,26
2024-03-04 07:00:00,20,12,9,41
2024-03-04 07:10:00,15,13,4,32
2024-03-04 07:20:00,35,23,8,66
2024-03-04 07:30:00,24,36,20,80
2024-03-04 07:40:00,34,27,17,78
2024-03-04 07:50:00,45,28,14,87
2024-03-04 08:00:00,47,25,14,86
2024-03-04 08:10:00,33,20,18,71
2024-03-04 08:20:00,24,24,11,59
2024-03-04 08:30:00,42,14,12,68
2024-03-04 08:40:00,32,17,13,62
2024-03-04 08:50:00,18,24,11,53
2024-03-04 09:00:00,20,22,9,51
2024-03-04 09:10:00,28,12,14,54
2024-03-04 09:20:00,17,5,8,30
2024-03-04 09:30:00,21,15,12,48
2024-03-04 09:40:00,19,20,5,44
2024-03-04 09:50:00,24,14,7,45
2024-03-04 10:00:00,21,9,5,35
2024-03-04 10:10:00,16,9,4,29
2024-03-04 10:20:00,22,18,6,46
2024-03-04 10:30:00,13,22,7,42
2024-03-04 10:40:00,28,18,5,51
2024-03-04 10:50:00,18,13,9,40
2024-03-04 11:00:00,21,12,10,43
2024-03-04 11:10:00,18,10,8,36
2024-03-04 11:20:00,22,15,5,42
2024-03-04 11:30:00,12,6,8,26
2024-03-04 11:40:00,20,8,3,31
2024-03-04 11:50:00,29,14,7,50
2024-03-04 12:00:00,24,16,4,44
2024-03-04 12:10:00,20,10,6,36
2024-03-04 12:20:00,27,18,10,55
2024-03-04 12:30:00,15,15,4,34
2024-03-04 12:40:00,12,18,7,37
2024-03-04 12:50:00,21,14,11,46
2024-03-04 13:00:00,19,19,3,41
2024-03-04 13:10:00,34,14,9,57
2024-03-04 13:20:00,29,19,9,57
2024-03-04 13:30:00,19,16,5,40
2024-03-04 13:40:00,23,13,4,40
2024-03-04 13:50:00,28,17,14,59
2024-03-04 14:00:00,19,13,5,37
2024-03-04 14:10:00,22,19,6,47
2024-03-04 14:20:00,25,25,10,60
2024-03-04 14:30:00,22,20,12,54
2024-03-04 14:40:00,25,15,14,54
2024-03-04 14:50:00,25,29,8,62
2024-03-04 15:00:00,33,29,10,72
2024-03-04 15:10:00,20,15,4,39
2024-03-04 15:20:00,18,23,9,50
2024-03-04 15:30:00,27,33,12,72
2024-03-04 15:40:00,27,21,8,56
2024-03-04 15:50:00,26,16,11,53
2024-03-04 16:00:00,25,20,13,58
2024-03-04 16:10:00,28,22,13,63
2024-03-04 16:20:00,28,23,8,59
2024-03-04 16:30:00,34,27,8,69
2024-03-04 16:40:00,34,32,19,85
2024-03-04 16:50:00,22,23,11,56
2024-03-04 17:00:00,25,20,13,58
2024-03-04 17:10:00,30,26,6,62
2024-03-04 17:20:00,34,28,12,74
2024-03-04 17:30:00,30,23,11,64
2024-03-04 17:40:00,29,33,12,74
2024-03-04 17:50:00,24,25,15,64
2024-03-04 18:00:00,37,28,7,72
2024-03-04 18:10:00,29,21,12,62
2024-03-04 18:20:00,16,19,8,43
2024-03-04 18:30:00,16,14,5,35
2024-03-04 18:40:00,23,11,13,47
2024-03-04 18:50:00,25,16,7,48
2024-03-04 19:00:00,17,15,7,39
2024-03-04 19:10:00,25,14,5,44
2024-03-04 19:20:00,17,18,9,44
2024-03-04 19:30:00,19,9,3,31
2024-03-04 19:40:00,23,20,7,50
2024-03-04 19:50:00,8,13,4,25
2024-03-04 20:00:00,11,12,4,27
2024-03-04 20:10:00,15,12,6,33
2024-03-04 20:20:00,18,6,5,29
2024-03-04 20:30:00,14,5,8,27
2024-03-04 20:40:00,11,10,7,28
2024-03-04 20:50:00,11,4,3,18
2024-03-04 21:00:00,9,6,5,20
2024-03-04 21:10:00,10,7,3,20
2024-03-04 21:20:00,8,3,2,13
2024-03-04 21:30:00,16,8,0,24
2024-03-04 21:40:00,10,5,2,17
2024-03-04 21:50:00,2,4,4,10
2024-03-04 22:00:00,9,3,1,13
2024-03-04 22:10:00,10,6,1,17
2024-03-04 22:20:00,11,3,3,17
2024-03-04 22:30:00,5,3,3,11
2024-03-04 22:40:00,5,0,1,6
2024-03-04 22:50:00,7,2,0,9
2024-03-04 23:00:00,5,3,0,8
2024-03-04 23:10:00,8,3,1,12
2024-03-04 23:20:00,4,0,1,5
2024-03-04 23:30:00,4,0,0,4
2024-03-04 23:40:00,4,2,0,6
2024-03-04 23:50:00,2,0,0,2
2024-03-05 00:00:00,1,0,0,1
2024-03-05 00:10:00,2,0,0,2
2024-03-05 00:20:00,1,0,2,3
2024-03-05 00:30:00,3,3,1,7
2024-03-05 00:40:00,1,0,0,1
2024-03-05 00:50:00,0,0,1,1
2024-03-05 01:00:00,1,0,0,1
2024-03-05 01:10:00,2,0,0,2
2024-03-05 01:20:00,1,0,0,1
2024-03-05 01:30:00,0,0,1,1
2024-03-05 01:40:00,1,0,0,1
2024-03-05 01:50:00,0,0,0,0
2024-03-05 02:00:00,1,0,0,1
2024-03-05 02:10:00,0,0,0,0
2024-03-05 02:20:00,1,0,0,1
2024-03-05 02:30:00,0,0,0,0
2024-03-05 02:40:00,0,0,0,0
2024-03-05 02:50:00,1,0,0,1
2024-03-05 03:00:00,0,1,0,1
2024-03-05 03:10:00,0,0,1,1
2024-03-05 03:20:00,0,0,0,0
2024-03-05 03:30:00,0,0,0,0
2024-03-05 03:40:00,0,1,1,2
2024-03-05 03:50:00,1,0,0,1
2024-03-05 04:00:00,1,0,1,2
2024-03-05 04:10:00,0,1,1,2
2024-03-05 04:20:00,0,0,1,1
2024-03-05 04:30:00,0,0,1,1
2024-03-05 04:40:00,2,0,1,3
2024-03-05 04:50:00,0,0,1,1
2024-03-05 05:00:00,2,2,1,5
2024-03-05 05:10:00,0,1,0,1
2024-03-05 05:20:00,2,0,1,3
2024-03-05 05:30:00,3,3,3,9
2024-03-05 05:40:00,2,0,2,4
2024-03-05 05:50:00,7,2,1,10
2024-03-05 06:00:00,8,7,2,17
2024-03-05 06:10:00,6,6,4,16
2024-03-05 06:20:00,6,5,8,19
2024-03-05 06:30:00,7,5,7,19
2024-03-05 06:40:00,16,8,4,28
2024-03-05 06:50:00,19,7,4,30
2024-03-05 07:00:00,14,7,7,28
2024-03-05 07:10:00,22,10,6,38
2024-03-05 07:20:00,27,29,9,65
2024-03-05 07:30:00,25,32,15,72
2024-03-05 07:40:00,31,34,20,85
2024-03-05 07:50:00,38,20,16,74
2024-03-05 08:00:00,36,27,16,79
2024-03-05 08:10:00,32,19,14,65
2024-03-05 08:20:00,34,33,10,77
2024-03-05 08:30:00,33,16,12,61
2024-03-05 08:40:00,32,17,6,55
2024-03-05 08:50:00,23,23,12,58
2024-03-05 09:00:00,23,9,11,43
2024-03-05 09:10:00,20,8,10,38
2024-03-05 09:20:00,22,13,10,45
2024-03-05 09:30:00,27,14,13,54
2024-03-05 09:40:00,15,20,12,47
2024-03-05 09:50:00,20,18,8,46
2024-03-05 10:00:00,23,10,6,39
2024-03-05 10:10:00,14,20,8,42
2024-03-05 10:20:00,16,12,9,37
2024-03-05 10:30:00,20,17,6,43
2024-03-05 10:40:00,15,17,10,42
2024-03-05 10:50:00,27,13,4,44
2024-03-05 11:00:00,26,20,12,58
2024-03-05 11:10:00,9,16,7,32
2024-03-05 11:20:00,24,15,7,46
2024-03-05 11:30:00,13,12,14,39
2024-03-05 11:40:00,27,19,6,52
2024-03-05 11:50:00,23,15,6,44
2024-03-05 12:00:00,25,22,7,54
2024-03-05 12:10:00,23,13,11,47
2024-03-05 12:20:00,30,13,4,47
2024-03-05 12:30:00,27,20,11,58
2024-03-05 12:40:00,19,25,3,47
2024-03-05 12:50:00,30,22,9,61
2024-03-05 13:00:00,26,16,7,49
2024-03-05 13:10:00,28,13,7,48
2024-03-05 13:20:00,34,10,7,51
2024-03-05 13:30:00,18,24,11,53
2024-03-05 13:40:00,18,22,7,47
2024-03-05 13:50:00,20,25,8,53
2024-03-05 14:00:00,26,16,8,50
2024-03-05 14:10:00,25,19,7,51
2024-03-05 14:20:00,24,22,7,53
2024-03-05 14:30:00,30,21,16,67
2024-03-05 14:40:00,27,24,11,62
2024-03-05 14:50:00,21,15,4,40
2024-03-05 15:00:00,34,23,10,67
2024-03-05 15:10:00,20,20,10,50
2024-03-05 15:20:00,24,37,11,72
2024-03-05 15:30:00,27,20,12,59
2024-03-05 15:40:00,33,25,10,68
2024-03-05 15:50:00,27,23,15,65
2024-03-05 16:00:00,26,25,8,59
2024-03-05 16:10:00,22,23,17,62
2024-03-05 16:20:00,30,25,10,65
2024-03-05 16:30:00,24,38,11,73
2024-03-05 16:40:00,28,29,7,64
2024-03-05 16:50:00,35,30,5,70
2024-03-05 17:00:00,29,20,12,61
2024-03-05 17:10:00,26,27,13,66
2024-03-05 17:20:00,23,16,13,52
2024-03-05 17:30:00,22,24,19,65
2024-03-05 17:40:00,28,23,10,61
2024-03-05 17:50:00,22,22,7,51
2024-03-05 18:00:00,30,34,8,72
2024-03-05 18:10:00,27,30,18,75
2024-03-05 18:20:00,22,17,17,56
2024-03-05 18:30:00,23,15,21,59
2024-03-05 18:40:00,26,26,18,70
2024-03-05 18:50:00,26,18,9,53
2024-03-05 19:00:00,16,25,4,45
2024-03-05 19:10:00,19,16,5,40
2024-03-05 19:20:00,22,9,4,35
2024-03-05 19:30:00,16,5,6,27
2024-03-05 19:40:00,14,8,10,32
2024-03-05 19:50:00,15,11,2,28
2024-03-05 20:00:00,11,7,3,21
2024-03-05 20:10:00,16,10,4,30
2024-03-05 20:20:00,10,6,4,20
2024-03-05 20:30:00,11,5,6,22
2024-03-05 20:40:00,12,11,4,27
2024-03-05 20:50:00,14,7,2,23
2024-03-05 21:00:00,10,9,3,22
2024-03-05 21:10:00,7,15,5,27
2024-03-05 21:20:00,12,10,1,23
2024-03-05 21:30:00,13,5,5,23
2024-03-05 21:40:00,8,10,2,20
2024-03-05 21:50:00,9,6,2,17
2024-03-05 22:00:00,6,2,1,9
2024-03-05 22:10:00,8,8,4,20
2024-03-05 22:20:00,8,5,3,16
2024-03-05 22:30:00,9,5,1,15
2024-03-05 22:40:00,3,5,0,8
2024-03-05 22:50:00,7,0,1,8
2024-03-05 23:00:00,7,5,3,15
2024-03-05 23:10:00,5,1,0,6
2024-03-05 23:20:00,2,2,2,6
2024-03-05 23:30:00,5,1,2,8
2024-03-05 23:40:00,4,3,2,9
2024-03-05 23:50:00,2,4,0,6
2024-03-06 00:00:00,3,2,3,8
2024-03-06 00:10:00,2,0,0,2
2024-03-06 00:20:00,5,0,2,7
2024-03-06 00:30:00,2,5,1,8
2024-03-06 00:40:00,1,1,1,3
2024-03-06 00:50:00,3,2,2,7
2024-03-06 01:00:00,2,0,1,3
2024-03-06 01:10:00,0,0,2,2
2024-03-06 01:20:00,2,0,0,2
2024-03-06 01:30:00,2,0,0,2
2024-03-06 01:40:00,1,0,1,2
2024-03-06 01:50:00,2,0,0,2
2024-03-06 02:00:00,1,2,1,4
2024-03-06 02:10:00,0,0,0,0
2024-03-06 02:20:00,1,0,0,1
2024-03-06 02:30:00,0,1,0,1
2024-03-06 02:40:00,0,0,0,0
2024-03-06 02:50:00,0,0,0,0
2024-03-06 03:00:00,1,1,0,2
2024-03-06 03:10:00,1,0,0,1
2024-03-06 03:20:00,0,0,0,0
2024-03-06 03:30:00,0,0,1,1
2024-03-06 03:40:00,2,0,0,2
2024-03-06 03:50:00,0,1,1,2
2024-03-06 04:00:00,0,0,0,0
2024-03-06 04:10:00,0,0,1,1
2024-03-06 04:20:00,0,1,1,2
2024-03-06 04:30:00,1,0,0,1
2024-03-06 04:40:00,0,0,2,2
2024-03-06 04:50:00,0,1,0,1
2024-03-06 05:00:00,1,0,0,1
2024-03-06 05:10:00,1,0,0,1
2024-03-06 05:20:00,1,0,1,2
2024-03-06 05:30:00,5,3,7,15
2024-03-06 05:40:00,5,2,4,11
2024-03-06 05:50:00,4,0,1,5
2024-03-06 06:00:00,5,2,5,12
2024-03-06 06:10:00,7,4,4,15
2024-03-06 06:20:00,10,7,7,24
2024-03-06 06:30:00,11,4,8,23
2024-03-06 06:40:00,15,5,8,28
2024-03-06 06:50:00,16,6,4,26
2024-03-06 07:00:00,18,11,1,30
2024-03-06 07:10:00,18,14,9,41
2024-03-06 07:20:00,26,29,6,61
2024-03-06 07:30:00,26,26,19,71
2024-03-06 07:40:00,37,21,23,81
2024-03-06 07:50:00,44,26,15,85
2024-03-06 08:00:00,32,21,13,66
2024-03-06 08:10:00,38,20,15,73
2024-03-06 08:20:00,37,22,12,71
2024-03-06 08:30:00,31,14,9,54
2024-03-06 08:40:00,30,26,16,72
2024-03-06 08:50:00,29,17,8,54
2024-03-06 09:00:00,29,12,11,52
2024-03-06 09:10:00,13,10,6,29
2024-03-06 09:20:00,17,14,18,49
2024-03-06 09:30:00,32,11,8,51
2024-03-06 09:40:00,18,15,9,42
2024-03-06 09:50:00,20,16,11,47
2024-03-06 10:00:00,15,13,11,39
2024-03-06 10:10:00,23,15,11,49
2024-03-06 10:20:00,16,16,10,42
2024-03-06 10:30:00,20,15,8,43
2024-03-06 10:40:00,22,18,13,53
2024-03-06 10:50:00,19,12,8,39
2024-03-06 11:00:00,17,16,9,42
2024-03-06 11:10:00,17,11,10,38
2024-03-06 11:20:00,22,16,11,49
2024-03-06 11:30:00,22,15,12,49
2024-03-06 11:40:00,16,11,4,31
2024-03-06 11:50:00,32,20,12,64
2024-03-06 12:00:00,21,19,9,49
2024-03-06 12:10:00,25,23,11,59
2024-03-06 12:20:00,26,9,8,43
2024-03-06 12:30:00,26,17,7,50
2024-03-06 12:40:00,14,21,12,47
2024-03-06 12:50:00,23,15,4,42
2024-03-06 13:00:00,26,14,7,47
2024-03-06 13:10:00,31,9,10,50
2024-03-06 13:20:00,22,13,11,46
2024-03-06 13:30:00,22,18,6,46
2024-03-06 13:40:00,24,19,8,51
2024-03-06 13:50:00,18,25,7,50
2024-03-06 14:00:00,27,22,4,53
2024-03-06 14:10:00,31,19,8,58
2024-03-06 14:20:00,24,10,10,44
2024-03-06 14:30:00,24,24,8,56
2024-03-06 14:40:00,31,19,8,58
2024-03-06 14:50:00,18,18,6,42
2024-03-06 15:00:00,25,17,9,51
2024-03-06 15:10:00,26,12,14,52
2024-03-06 15:20:00,26,23,13,62
2024-03-06 15:30:00,20,25,10,55
2024-03-06 15:40:00,35,23,3,61
2024-03-06 15:50:00,19,26,16,61
2024-03-06 16:00:00,21,19,7,47
2024-03-06 16:10:00,25,22,7,54
2024-03-06 16:20:00,30,25,10,65
2024-03-06 16:30:00,30,24,9,63
2024-03-06 16:40:00,26,23,10,59
2024-03-06 16:50:00,23,28,11,62
2024-03-06 17:00:00,29,31,11,71
2024-03-06 17:10:00,28,20,7,55
2024-03-06 17:20:00,26,27,6,59
2024-03-06 17:30:00,27,28,13,68
2024-03-06 17:40:00,26,32,13,71
2024-03-06 17:50:00,38,25,13,76
2024-03-06 18:00:00,31,20,10,61
2024-03-06 18:10:00,28,31,9,68
2024-03-06 18:20:00,33,25,6,64
2024-03-06 18:30:00,24,20,7,51
2024-03-06 18:40:00,17,12,10,39
2024-03-06 18:50:00,14,30,9,53
2024-03-06 19:00:00,17,16,7,40
2024-03-06 19:10:00,12,16,5,33
2024-03-06 19:20:00,13,13,5,31
2024-03-06 19:30:00,22,14,7,43
2024-03-06 19:40:00,15,12,5,32
2024-03-06 19:50:00,10,15,5,30
2024-03-06 20:00:00,18,10,6,34
2024-03-06 20:10:00,21,11,5,37
2024-03-06 20:20:00,14,7,4,25
2024-03-06 20:30:00,13,5,7,25
2024-03-06 20:40:00,14,9,2,25
2024-03-06 20:50:00,11,8,4,23
2024-03-06 21:00:00,9,8,3,20
2024-03-06 21:10:00,7,18,8,33
2024-03-06 21:20:00,7,11,2,20
2024-03-06 21:30:00,13,6,4,23
2024-03-06 21:40:00,12,7,2,21
2024-03-06 21:50:00,11,9,3,23
2024-03-06 22:00:00,7,4,2,13
2024-03-06 22:10:00,8,5,1,14
2024-03-06 22:20:00,10,4,0,14
2024-03-06 22:30:00,8,4,3,15
2024-03-06 22:40:00,5,4,5,14
2024-03-06 22:50:00,7,1,2,10
2024-03-06 23:00:00,6,4,2,12
2024-03-06 23:10:00,8,1,1,10
2024-03-06 23:20:00,1,2,2,5
2024-03-06 23:30:00,5,2,0,7
2024-03-06 23:40:00,2,1,0,3
2024-03-06 23:50:00,1,0,0,1
2024-03-07 00:00:00,2,0,0,2
2024-03-07 00:10:00,1,1,1,3
2024-03-07 00:20:00,2,0,1,3
2024-03-07 00:30:00,3,1,0,4
2024-03-07 00:40:00,3,0,2,5
2024-03-07 00:50:00,0,1,0,1
2024-03-07 01:00:00,2,0,1,3
2024-03-07 01:10:00,1,2,0,3
2024-03-07 01:20:00,0,0,0,0
2024-03-07 01:30:00,0,0,1,1
2024-03-07 01:40:00,3,0,0,3
2024-03-07 01:50:00,0,0,0,0
2024-03-07 02:00:00,1,0,2,3
2024-03-07 02:10:00,2,0,1,3
2024-03-07 02:20:00,0,0,0,0
2024-03-07 02:30:00,0,0,0,0
2024-03-07 02:40:00,0,1,0,1
2024-03-07 02:50:00,0,0,1,1
2024-03-07 03:00:00,1,1,0,2
2024-03-07 03:10:00,1,0,0,1
2024-03-07 03:20:00,0,0,0,0
2024-03-07 03:30:00,0,0,0,0
2024-03-07 03:40:00,1,1,0,2
2024-03-07 03:50:00,1,2,1,4
2024-03-07 04:00:00,0,0,0,0
2024-03-07 04:10:00,1,1,0,2
2024-03-07 04:20:00,0,0,1,1
2024-03-07 04:30:00,2,0,0,2
2024-03-07 04:40:00,1,0,1,2
2024-03-07 04:50:00,1,1,0,2
2024-03-07 05:00:00,0,0,0,0
2024-03-07 05:10:00,3,0,0,3
2024-03-07 05:20:00,4,1,1,6
2024-03-07 05:30:00,2,2,5,9
2024-03-07 05:40:00,4,3,4,11
2024-03-07 05:50:00,4,0,0,4
2024-03-07 06:00:00,3,0,1,4
2024-03-07 06:10:00,5,2,3,10
2024-03-07 06:20:00,6,8,4,18
2024-03-07 06:30:00,11,2,7,20
2024-03-07 06:40:00,10,9,6,25
2024-03-07 06:50:00,17,6,5,28
2024-03-07 07:00:00,19,7,6,32
2024-03-07 07:10:00,20,14,7,41
2024-03-07 07:20:00,24,19,9,52
2024-03-07 07:30:00,31,31,22,84
2024-03-07 07:40:00,32,39,15,86
2024-03-07 07:50:00,34,27,15,76
2024-03-07 08:00:00,35,26,19,80
2024-03-07 08:10:00,26,24,15,65
2024-03-07 08:20:00,34,23,13,70
2024-03-07 08:30:00,32,17,6,55
2024-03-07 08:40:00,26,17,13,56
2024-03-07 08:50:00,26,20,16,62
2024-03-07 09:00:00,27,14,7,48
2024-03-07 09:10:00,30,22,10,62
2024-03-07 09:20:00,24,13,10,47
2024-03-07 09:30:00,26,13,13,52
2024-03-07 09:40:00,15,17,6,38
2024-03-07 09:50:00,26,21,10,57
2024-03-07 10:00:00,23,19,6,48
2024-03-07 10:10:00,24,11,11,46
2024-03-07 10:20:00,15,10,8,33
2024-03-07 10:30:00,18,8,8,34
2024-03-07 10:40:00,22,12,7,41
2024-03-07 10:50:00,22,17,12,51
2024-03-07 11:00:00,17,15,10,42
2024-03-07 11:10:00,26,14,6,46
2024-03-07 11:20:00,24,18,4,46
2024-03-07 11:30:00,20,22,13,55
2024-03-07 11:40:00,11,24,14,49
2024-03-07 11:50:00,23,19,13,55
2024-03-07 12:00:00,22,9,3,34
2024-03-07 12:10:00,19,10,9,38
2024-03-07 12:20:00,24,20,3,47
2024-03-07 12:30:00,22,25,9,56
2024-03-07 12:40:00,23,20,8,51
2024-03-07 12:50:00,26,17,11,54
2024-03-07 13:00:00,17,15,6,38
2024-03-07 13:10:00,42,16,9,67
2024-03-07 13:20:00,38,17,12,67
2024-03-07 13:30:00,20,18,7,45
2024-03-07 13:40:00,23,22,5,50
2024-03-07 13:50:00,21,26,15,62
2024-03-07 14:00:00,24,19,6,49
2024-03-07 14:10:00,18,21,7,46
2024-03-07 14:20:00,33,26,7,66
2024-03-07 14:30:00,13,31,6,50
2024-03-07 14:40:00,29,32,6,67
2024-03-07 14:50:00,25,26,7,58
2024-03-07 15:00:00,20,24,12,56
2024-03-07 15:10:00,18,21,16,55
2024-03-07 15:20:00,31,30,9,70
2024-03-07 15:30:00,22,20,14,56
2024-03-07 15:40:00,24,33,10,67
2024-03-07 15:50:00,20,18,11,49
2024-03-07 16:00:00,27,27,13,67
2024-03-07 16:10:00,27,29,13,69
2024-03-07 16:20:00,31,31,11,73
2024-03-07 16:30:00,28,28,12,68
2024-03-07 16:40:00,27,23,6,56
2024-03-07 16:50:00,28,29,15,72
2024-03-07 17:00:00,31,23,7,61
2024-03-07 17:10:00,37,28,6,71
2024-03-07 17:20:00,31,33,10,74
2024-03-07 17:30:00,27,28,14,69
2024-03-07 17:40:00,25,41,16,82
2024-03-07 17:50:00,32,28,14,74
2024-03-07 18:00:00,34,33,10,77
2024-03-07 18:10:00,30,27,8,65
2024-03-07 18:20:00,24,29,8,61
2024-03-07 18:30:00,26,19,6,51
2024-03-07 18:40:00,34,15,13,62
2024-03-07 18:50:00,23,23,6,52
2024-03-07 19:00:00,19,23,7,49
2024-03-07 19:10:00,24,19,9,52
2024-03-07 19:20:00,18,14,7,39
2024-03-07 19:30:00,29,17,7,53
2024-03-07 19:40:00,17,12,9,38
2024-03-07 19:50:00,7,13,6,26
2024-03-07 20:00:00,15,10,8,33
2024-03-07 20:10:00,17,8,4,29
2024-03-07 20:20:00,11,9,5,25
2024-03-07 20:30:00,10,6,7,23
2024-03-07 20:40:00,7,10,4,21
2024-03-07 20:50:00,12,10,3,25
2024-03-07 21:00:00,16,12,5,33
2024-03-07 21:10:00,8,3,5,16
2024-03-07 21:20:00,16,4,4,24
2024-03-07 21:30:00,10,13,4,27
2024-03-07 21:40:00,6,5,4,15
2024-03-07 21:50:00,10,6,3,19
2024-03-07 22:00:00,6,5,2,13
2024-03-07 22:10:00,13,2,2,17
2024-03-07 22:20:00,11,6,2,19
2024-03-07 22:30:00,11,2,2,15
2024-03-07 22:40:00,8,7,1,16
2024-03-07 22:50:00,4,2,1,7
2024-03-07 23:00:00,9,2,2,13
2024-03-07 23:10:00,2,2,0,4
2024-03-07 23:20:00,1,2,1,4
2024-03-07 23:30:00,3,3,0,6
2024-03-07 23:40:00,4,0,1,5
2024-03-07 23:50:00,3,2,0,5
2024-03-08 00:00:00,2,1,2,5
2024-03-08 00:10:00,4,1,2,7
2024-03-08 00:20:00,3,1,0,4
2024-03-08 00:30:00,1,1,1,3
2024-03-08 00:40:00,2,3,0,5
2024-03-08 00:50:00,1,1,0,2
2024-03-08 01:00:00,1,0,1,2
2024-03-08 01:10:00,1,0,0,1
2024-03-08 01:20:00,1,0,1,2
2024-03-08 01:30:00,0,0,0,0
2024-03-08 01:40:00,3,0,0,3
2024-03-08 01:50:00,0,0,0,0
2024-03-08 02:00:00,0,1,0,1
2024-03-08 02:10:00,1,0,0,1
2024-03-08 02:20:00,1,0,0,1
2024-03-08 02:30:00,0,0,0,0
2024-03-08 02:40:00,0,0,0,0
2024-03-08 02:50:00,0,0,1,1
2024-03-08 03:00:00,2,1,0,3
2024-03-08 03:10:00,0,0,0,0
2024-03-08 03:20:00,0,0,0,0
2024-03-08 03:30:00,0,0,0,0
2024-03-08 03:40:00,1,1,1,3
2024-03-08 03:50:00,0,0,1,1
2024-03-08 04:00:00,0,0,2,2
2024-03-08 04:10:00,1,0,0,1
2024-03-08 04:20:00,0,2,0,2
2024-03-08 04:30:00,2,1,0,3
2024-03-08 04:40:00,0,0,1,1
2024-03-08 04:50:00,2,1,2,5
2024-03-08 05:00:00,0,2,0,2
2024-03-08 05:10:00,1,3,1,5
2024-03-08 05:20:00,2,0,1,3
2024-03-08 05:30:00,2,0,4,6
2024-03-08 05:40:00,2,2,2,6
2024-03-08 05:50:00,4,4,3,11
2024-03-08 06:00:00,3,3,3,9
2024-03-08 06:10:00,5,2,3,10
2024-03-08 06:20:00,7,2,6,15
2024-03-08 06:30:00,14,2,9,25
2024-03-08 06:40:00,14,11,7,32
2024-03-08 06:50:00,19,13,2,34
2024-03-08 07:00:00,16,7,3,26
2024-03-08 07:10:00,22,17,6,45
2024-03-08 07:20:00,20,18,8,46
2024-03-08 07:30:00,27,26,21,74
2024-03-08 07:40:00,25,32,9,66
2024-03-08 07:50:00,32,25,10,67
2024-03-08 08:00:00,23,23,15,61
2024-03-08 08:10:00,27,21,8,56
2024-03-08 08:20:00,26,22,12,60
2024-03-08 08:30:00,28,15,13,56
2024-03-08 08:40:00,20,29,13,62
2024-03-08 08:50:00,27,11,13,51
2024-03-08 09:00:00,15,23,8,46
2024-03-08 09:10:00,25,4,13,42
2024-03-08 09:20:00,24,7,6,37
2024-03-08 09:30:00,12,21,8,41
2024-03-08 09:40:00,21,18,9,48
2024-03-08 09:50:00,26,14,16,56
2024-03-08 10:00:00,13,17,15,45
2024-03-08 10:10:00,17,14,7,38
2024-03-08 10:20:00,19,12,5,36
2024-03-08 10:30:00,22,17,4,43
2024-03-08 10:40:00,21,15,5,41
2024-03-08 10:50:00,32,16,6,54
2024-03-08 11:00:00,20,18,10,48
2024-03-08 11:10:00,15,17,8,40
2024-03-08 11:20:00,23,18,6,47
2024-03-08 11:30:00,17,16,9,42
2024-03-08 11:40:00,18,19,7,44
2024-03-08 11:50:00,28,18,10,56
2024-03-08 12:00:00,16,16,3,35
2024-03-08 12:10:00,26,20,4,50
2024-03-08 12:20:00,20,12,8,40
2024-03-08 12:30:00,23,19,7,49
2024-03-08 12:40:00,27,20,13,60
2024-03-08 12:50:00,29,16,15,60
2024-03-08 13:00:00,19,18,13,50
2024-03-08 13:10:00,35,26,14,75
2024-03-08 13:20:00,34,30,8,72
2024-03-08 13:30:00,35,23,6,64
2024-03-08 13:40:00,24,26,7,57
2024-03-08 13:50:00,18,23,11,52
2024-03-08 14:00:00,24,18,7,49
2024-03-08 14:10:00,26,22,5,53
2024-03-08 14:20:00,28,24,7,59
2024-03-08 14:30:00,26,21,13,60
2024-03-08 14:40:00,30,23,14,67
2024-03-08 14:50:00,28,26,12,66
2024-03-08 15:00:00,26,27,9,62
2024-03-08 15:10:00,23,22,9,54
2024-03-08 15:20:00,30,25,8,63
2024-03-08 15:30:00,25,25,10,60
2024-03-08 15:40:00,28,16,10,54
2024-03-08 15:50:00,28,21,12,61
2024-03-08 16:00:00,32,14,13,59
2024-03-08 16:10:00,26,23,6,55
2024-03-08 16:20:00,29,24,18,71
2024-03-08 16:30:00,32,23,13,68
2024-03-08 16:40:00,27,26,17,70
2024-03-08 16:50:00,32,23,9,64
2024-03-08 17:00:00,23,27,12,62
2024-03-08 17:10:00,28,21,12,61
2024-03-08 17:20:00,31,24,12,67
2024-03-08 17:30:00,24,17,11,52
2024-03-08 17:40:00,28,27,10,65
2024-03-08 17:50:00,24,22,8,54
2024-03-08 18:00:00,29,17,9,55
2024-03-08 18:10:00,30,17,10,57
2024-03-08 18:20:00,21,18,9,48
2024-03-08 18:30:00,20,17,9,46
2024-03-08 18:40:00,24,19,12,55
2024-03-08 18:50:00,21,22,11,54
2024-03-08 19:00:00,23,13,4,40
2024-03-08 19:10:00,23,11,9,43
2024-03-08 19:20:00,19,11,5,35
2024-03-08 19:30:00,21,11,10,42
2024-03-08 19:40:00,19,15,8,42
2024-03-08 19:50:00,12,12,6,30
2024-03-08 20:00:00,14,14,6,34
2024-03-08 20:10:00,14,13,6,33
2024-03-08 20:20:00,19,8,6,33
2024-03-08 20:30:00,10,7,5,22
2024-03-08 20:40:00,9,11,7,27
2024-03-08 20:50:00,9,7,2,18
2024-03-08 21:00:00,11,3,3,17
2024-03-08 21:10:00,9,7,3,19
2024-03-08 21:20:00,18,7,4,29
2024-03-08 21:30:00,7,6,3,16
2024-03-08 21:40:00,12,5,4,21
2024-03-08 21:50:00,6,7,5,18
2024-03-08 22:00:00,16,4,3,23
2024-03-08 22:10:00,13,9,4,26
2024-03-08 22:20:00,10,6,0,16
2024-03-08 22:30:00,18,6,2,26
2024-03-08 22:40:00,11,4,5,20
2024-03-08 22:50:00,13,5,3,21
2024-03-08 23:00:00,12,1,2,15
2024-03-08 23:10:00,19,4,2,25
2024-03-08 23:20:00,6,2,1,9
2024-03-08 23:30:00,8,3,1,12
2024-03-08 23:40:00,13,2,2,17
2024-03-08 23:50:00,5,3,0,8
2024-03-09 00:00:00,4,1,1,6
2024-03-09 00:10:00,2,2,2,6
2024-03-09 00:20:00,3,0,3,6
2024-03-09 00:30:00,5,3,0,8
2024-03-09 00:40:00,3,2,0,5
2024-03-09 00:50:00,6,0,1,7
2024-03-09 01:00:00,7,1,1,9
2024-03-09 01:10:00,1,6,0,7
2024-03-09 01:20:00,5,1,3,9
2024-03-09 01:30:00,6,2,2,10
2024-03-09 01:40:00,0,1,1,2
2024-03-09 01:50:00,1,1,2,4
2024-03-09 02:00:00,5,0,3,8
2024-03-09 02:10:00,3,1,2,6
2024-03-09 02:20:00,0,0,0,0
2024-03-09 02:30:00,2,1,0,3
2024-03-09 02:40:00,4,1,0,5
2024-03-09 02:50:00,1,1,1,3
2024-03-09 03:00:00,4,0,0,4
2024-03-09 03:10:00,2,0,1,3
2024-03-09 03:20:00,4,2,0,6
2024-03-09 03:30:00,2,0,0,2
2024-03-09 03:40:00,1,0,0,1
2024-03-09 03:50:00,3,0,1,4
2024-03-09 04:00:00,1,1,1,3
2024-03-09 04:10:00,1,0,0,1
2024-03-09 04:20:00,1,0,1,2
2024-03-09 04:30:00,2,0,0,2
2024-03-09 04:40:00,2,1,0,3
2024-03-09 04:50:00,0,0,2,2
2024-03-09 05:00:00,2,2,0,4
2024-03-09 05:10:00,1,0,1,2
2024-03-09 05:20:00,1,1,2,4
2024-03-09 05:30:00,2,0,2,4
2024-03-09 05:40:00,2,3,2,7
2024-03-09 05:50:00,1,8,1,10
2024-03-09 06:00:00,2,1,4,7
2024-03-09 06:10:00,5,2,3,10
2024-03-09 06:20:00,6,5,0,11
2024-03-09 06:30:00,1,2,3,6
2024-03-09 06:40:00,3,3,1,7
2024-03-09 06:50:00,5,1,2,8
2024-03-09 07:00:00,6,3,2,11
2024-03-09 07:10:00,7,2,2,11
2024-03-09 07:20:00,3,3,2,8
2024-03-09 07:30:00,6,5,7,18
2024-03-09 07:40:00,7,4,7,18
2024-03-09 07:50:00,11,3,4,18
2024-03-09 08:00:00,9,7,5,21
2024-03-09 08:10:00,11,5,1,17
2024-03-09 08:20:00,10,8,1,19
2024-03-09 08:30:00,10,9,4,23
2024-03-09 08:40:00,15,8,6,29
2024-03-09 08:50:00,16,9,6,31
2024-03-09 09:00:00,14,14,10,38
2024-03-09 09:10:00,24,11,2,37
2024-03-09 09:20:00,13,11,5,29
2024-03-09 09:30:00,21,7,6,34
2024-03-09 09:40:00,13,15,8,36
2024-03-09 09:50:00,25,15,14,54
2024-03-09 10:00:00,14,13,8,35
2024-03-09 10:10:00,22,15,6,43
2024-03-09 10:20:00,24,18,10,52
2024-03-09 10:30:00,20,23,8,51
2024-03-09 10:40:00,20,18,9,47
2024-03-09 10:50:00,27,23,7,57
2024-03-09 11:00:00,25,19,11,55
2024-03-09 11:10:00,20,16,7,43
2024-03-09 11:20:00,23,18,9,50
2024-03-09 11:30:00,25,17,13,55
2024-03-09 11:40:00,21,10,12,43
2024-03-09 11:50:00,22,19,11,52
2024-03-09 12:00:00,24,11,6,41
2024-03-09 12:10:00,29,23,13,65
2024-03-09 12:20:00,29,26,4,59
2024-03-09 12:30:00,24,18,5,47
2024-03-09 12:40:00,31,19,9,59
2024-03-09 12:50:00,26,21,9,56
2024-03-09 13:00:00,24,12,8,44
2024-03-09 13:10:00,17,11,4,32
2024-03-09 13:20:00,21,11,12,44
2024-03-09 13:30:00,21,14,9,44
2024-03-09 13:40:00,29,20,9,58
2024-03-09 13:50:00,22,21,12,55
2024-03-09 14:00:00,25,11,9,45
2024-03-09 14:10:00,31,18,6,55
2024-03-09 14:20:00,26,18,11,55
2024-03-09 14:30:00,31,14,8,53
2024-03-09 14:40:00,22,15,10,47
2024-03-09 14:50:00,15,14,5,34
2024-03-09 15:00:00,27,20,10,57
2024-03-09 15:10:00,21,15,6,42
2024-03-09 15:20:00,19,18,4,41
2024-03-09 15:30:00,20,10,9,39
2024-03-09 15:40:00,20,14,5,39
2024-03-09 15:50:00,17,12,5,34
2024-03-09 16:00:00,22,17,10,49
2024-03-09 16:10:00,19,7,8,34
2024-03-09 16:20:00,17,14,4,35
2024-03-09 16:30:00,19,16,9,44
2024-03-09 16:40:00,15,10,5,30
2024-03-09 16:50:00,13,14,7,34
2024-03-09 17:00:00,17,12,11,40
2024-03-09 17:10:00,23,9,4,36
2024-03-09 17:20:00,25,8,5,38
2024-03-09 17:30:00,20,16,9,45
2024-03-09 17:40:00,23,14,8,45
2024-03-09 17:50:00,20,16,3,39
2024-03-09 18:00:00,20,11,5,36
2024-03-09 18:10:00,21,15,6,42
2024-03-09 18:20:00,19,10,6,35
2024-03-09 18:30:00,20,13,7,40
2024-03-09 18:40:00,17,12,7,36
2024-03-09 18:50:00,18,13,13,44
2024-03-09 19:00:00,10,17,7,34
2024-03-09 19:10:00,13,8,6,27
2024-03-09 19:20:00,11,4,5,20
2024-03-09 19:30:00,19,4,9,32
2024-03-09 19:40:00,6,5,4,15
2024-03-09 19:50:00,10,5,5,20
2024-03-09 20:00:00,13,16,8,37
2024-03-09 20:10:00,9,13,9,31
2024-03-09 20:20:00,11,10,4,25
2024-03-09 20:30:00,9,8,5,22
2024-03-09 20:40:00,13,3,4,20
2024-03-09 20:50:00,17,6,5,28
2024-03-09 21:00:00,9,4,5,18
2024-03-09 21:10:00,13,6,1,20
2024-03-09 21:20:00,9,5,4,18
2024-03-09 21:30:00,6,3,1,10
2024-03-09 21:40:00,7,9,4,20
2024-03-09 21:50:00,14,4,4,22
2024-03-09 22:00:00,16,3,5,24
2024-03-09 22:10:00,12,7,4,23
2024-03-09 22:20:00,9,6,9,24
2024-03-09 22:30:00,12,4,3,19
2024-03-09 22:40:00,9,2,3,14
2024-03-09 22:50:00,12,5,3,20
2024-03-09 23:00:00,17,6,5,28
2024-03-09 23:10:00,11,6,4,21
2024-03-09 23:20:00,10,3,3,16
2024-03-09 23:30:00,6,11,4,21
2024-03-09 23:40:00,9,3,3,15
2024-03-09 23:50:00,12,7,1,20
2024-03-10 00:00:00,5,4,0,9
2024-03-10 00:10:00,4,5,1,10
2024-03-10 00:20:00,6,2,2,10
2024-03-10 00:30:00,8,4,1,13
2024-03-10 00:40:00,4,2,3,9
2024-03-10 00:50:00,7,4,3,14
2024-03-10 01:00:00,3,2,0,5
2024-03-10 01:10:00,9,3,0,12
2024-03-10 01:20:00,4,2,2,8
2024-03-10 01:30:00,3,6,2,11
2024-03-10 01:40:00,2,1,1,4
2024-03-10 01:50:00,6,3,1,10
2024-03-10 02:00:00,2,2,0,4
2024-03-10 02:10:00,4,2,1,7
2024-03-10 02:20:00,4,1,0,5
2024-03-10 02:30:00,5,1,3,9
2024-03-10 02:40:00,1,2,1,4
2024-03-10 02:50:00,2,3,3,8
2024-03-10 03:00:00,0,0,1,1
2024-03-10 03:10:00,0,1,0,1
2024-03-10 03:20:00,4,1,1,6
2024-03-10 03:30:00,2,1,0,3
2024-03-10 03:40:00,3,2,1,6
2024-03-10 03:50:00,1,0,1,2
2024-03-10 04:00:00,2,0,2,4
2024-03-10 04:10:00,4,3,2,9
2024-03-10 04:20:00,2,1,1,4
2024-03-10 04:30:00,1,0,0,1
2024-03-10 04:40:00,5,2,2,9
2024-03-10 04:50:00,0,2,2,4
2024-03-10 05:00:00,2,0,0,2
2024-03-10 05:10:00,1,1,1,3
2024-03-10 05:20:00,0,0,2,2
2024-03-10 05:30:00,0,2,1,3
2024-03-10 05:40:00,1,0,0,1
2024-03-10 05:50:00,0,0,1,1
2024-03-10 06:00:00,2,2,0,4
2024-03-10 06:10:00,1,0,3,4
2024-03-10 06:20:00,1,0,1,2
2024-03-10 06:30:00,1,0,1,2
2024-03-10 06:40:00,1,0,0,1
2024-03-10 06:50:00,2,1,0,3
2024-03-10 07:00:00,1,1,0,2
2024-03-10 07:10:00,3,0,1,4
2024-03-10 07:20:00,2,2,0,4
2024-03-10 07:30:00,2,1,3,6
2024-03-10 07:40:00,3,2,4,9
2024-03-10 07:50:00,2,2,1,5
2024-03-10 08:00:00,3,2,3,8
2024-03-10 08:10:00,4,2,1,7
2024-03-10 08:20:00,4,5,1,10
2024-03-10 08:30:00,10,3,5,18
2024-03-10 08:40:00,9,2,2,13
2024-03-10 08:50:00,4,7,3,14
2024-03-10 09:00:00,9,14,1,24
2024-03-10 09:10:00,6,6,3,15
2024-03-10 09:20:00,7,5,4,16
2024-03-10 09:30:00,11,2,5,18
2024-03-10 09:40:00,12,10,5,27
2024-03-10 09:50:00,14,9,5,28
2024-03-10 10:00:00,9,8,7,24
2024-03-10 10:10:00,12,8,4,24
2024-03-10 10:20:00,12,8,3,23
2024-03-10 10:30:00,7,5,3,15
2024-03-10 10:40:00,15,14,6,35
2024-03-10 10:50:00,17,11,4,32
2024-03-10 11:00:00,14,10,10,34
2024-03-10 11:10:00,20,10,0,30
2024-03-10 11:20:00,25,11,3,39
2024-03-10 11:30:00,15,12,4,31
2024-03-10 11:40:00,9,8,3,20
2024-03-10 11:50:00,16,14,5,35
2024-03-10 12:00:00,14,11,4,29
2024-03-10 12:10:00,13,12,9,34
2024-03-10 12:20:00,17,7,5,29
2024-03-10 12:30:00,17,17,4,38
2024-03-10 12:40:00,17,11,4,32
2024-03-10 12:50:00,19,15,2,36
2024-03-10 13:00:00,13,13,5,31
2024-03-10 13:10:00,14,10,5,29
2024-03-10 13:20:00,17,13,4,34
2024-03-10 13:30:00,23,10,10,43
2024-03-10 13:40:00,15,13,7,35
2024-03-10 13:50:00,13,7,7,27
2024-03-10 14:00:00,18,13,1,32
2024-03-10 14:10:00,20,8,8,36
2024-03-10 14:20:00,19,12,7,38
2024-03-10 14:30:00,17,15,3,35
2024-03-10 14:40:00,18,15,6,39
2024-03-10 14:50:00,19,17,7,43
2024-03-10 15:00:00,22,13,2,37
2024-03-10 15:10:00,22,7,3,32
2024-03-10 15:20:00,17,12,2,31
2024-03-10 15:30:00,15,11,6,32
2024-03-10 15:40:00,10,13,6,29
2024-03-10 15:50:00,14,8,5,27
2024-03-10 16:00:00,21,8,7,36
2024-03-10 16:10:00,19,15,4,38
2024-03-10 16:20:00,16,7,1,24
2024-03-10 16:30:00,13,7,8,28
2024-03-10 16:40:00,15,12,9,36
2024-03-10 16:50:00,21,9,10,40
2024-03-10 17:00:00,18,15,0,33
2024-03-10 17:10:00,21,13,7,41
2024-03-10 17:20:00,19,12,12,43
2024-03-10 17:30:00,22,16,7,45
2024-03-10 17:40:00,14,8,6,28
2024-03-10 17:50:00,14,14,7,35
2024-03-10 18:00:00,24,10,7,41
2024-03-10 18:10:00,18,17,7,42
2024-03-10 18:20:00,16,14,3,33
2024-03-10 18:30:00,10,9,4,23
2024-03-10 18:40:00,11,12,4,27
2024-03-10 18:50:00,11,12,7,30
2024-03-10 19:00:00,11,15,4,30
2024-03-10 19:10:00,13,4,5,22
2024-03-10 19:20:00,16,10,3,29
2024-03-10 19:30:00,10,12,9,31
2024-03-10 19:40:00,10,14,7,31
2024-03-10 19:50:00,18,6,5,29
2024-03-10 20:00:00,12,8,4,24
2024-03-10 20:10:00,12,3,6,21
2024-03-10 20:20:00,12,8,4,24
2024-03-10 20:30:00,7,9,6,22
2024-03-10 20:40:00,7,7,3,17
2024-03-10 20:50:00,5,4,4,13
2024-03-10 21:00:00,8,4,4,16
2024-03-10 21:10:00,3,2,2,7
2024-03-10 21:20:00,15,6,2,23
2024-03-10 21:30:00,7,5,2,14
2024-03-10 21:40:00,6,1,4,11
2024-03-10 21:50:00,6,2,1,9
2024-03-10 22:00:00,6,3,3,12
2024-03-10 22:10:00,6,1,1,8
2024-03-10 22:20:00,4,4,3,11
2024-03-10 22:30:00,5,2,2,9
2024-03-10 22:40:00,4,4,1,9
2024-03-10 22:50:00,3,1,1,5
2024-03-10 23:00:00,3,4,2,9
2024-03-10 23:10:00,4,1,1,6
2024-03-10 23:20:00,2,3,0,5
2024-03-10 23:30:00,4,1,0,5
2024-03-10 23:40:00,0,3,1,4
2024-03-10 23:50:00,4,1,0,5
2024-03-11 00:00:00,0,2,2,4
2024-03-11 00:10:00,1,3,2,6
2024-03-11 00:20:00,4,2,1,7
2024-03-11 00:30:00,0,1,1,2
2024-03-11 00:40:00,2,0,0,2
2024-03-11 00:50:00,1,0,0,1
2024-03-11 01:00:00,1,0,1,2
2024-03-11 01:10:00,0,2,1,3
2024-03-11 01:20:00,0,0,1,1
2024-03-11 01:30:00,2,1,0,3
2024-03-11 01:40:00,0,0,0,0
2024-03-11 01:50:00,0,1,0,1
2024-03-11 02:00:00,0,0,0,0
2024-03-11 02:10:00,0,0,0,0
2024-03-11 02:20:00,1,0,0,1
2024-03-11 02:30:00,0,0,0,0
2024-03-11 02:40:00,0,0,0,0
2024-03-11 02:50:00,0,0,1,1
2024-03-11 03:00:00,0,0,0,0
2024-03-11 03:10:00,1,0,0,1
2024-03-11 03:20:00,0,0,0,0
2024-03-11 03:30:00,1,0,0,1
2024-03-11 03:40:00,1,0,1,2
2024-03-11 03:50:00,3,2,0,5
2024-03-11 04:00:00,1,2,0,3
2024-03-11 04:10:00,0,0,0,0
2024-03-11 04:20:00,1,0,0,1
2024-03-11 04:30:00,0,0,0,0
2024-03-11 04:40:00,0,1,3,4
2024-03-11 04:50:00,1,0,0,1
2024-03-11 05:00:00,0,2,2,4
2024-03-11 05:10:00,3,3,1,7
2024-03-11 05:20:00,1,1,0,2
2024-03-11 05:30:00,2,1,3,6
2024-03-11 05:40:00,1,4,6,11
2024-03-11 05:50:00,4,2,3,9
2024-03-11 06:00:00,8,3,1,12
2024-03-11 06:10:00,6,2,4,12
2024-03-11 06:20:00,5,9,5,19
2024-03-11 06:30:00,5,6,5,16
2024-03-11 06:40:00,19,7,5,31
2024-03-11 06:50:00,22,7,3,32
2024-03-11 07:00:00,20,9,5,34
2024-03-11 07:10:00,14,16,6,36
2024-03-11 07:20:00,33,21,7,61
2024-03-11 07:30:00,23,36,26,85
2024-03-11 07:40:00,24,36,14,74
2024-03-11 07:50:00,40,25,14,79
2024-03-11 08:00:00,39,24,10,73
2024-03-11 08:10:00,32,18,9,59
2024-03-11 08:20:00,36,21,8,65
2024-03-11 08:30:00,26,19,15,60
2024-03-11 08:40:00,26,23,13,62
2024-03-11 08:50:00,20,23,13,56
2024-03-11 09:00:00,20,15,5,40
2024-03-11 09:10:00,25,15,5,45
2024-03-11 09:20:00,22,10,10,42
2024-03-11 09:30:00,23,10,7,40
2024-03-11 09:40:00,27,7,4,38
2024-03-11 09:50:00,15,14,12,41
2024-03-11 10:00:00,12,15,8,35
2024-03-11 10:10:00,21,18,4,43
2024-03-11 10:20:00,26,8,5,39
2024-03-11 10:30:00,18,16,7,41
2024-03-11 10:40:00,15,13,7,35
2024-03-11 10:50:00,15,13,10,38
2024-03-11 11:00:00,19,9,10,38
2024-03-11 11:10:00,18,15,5,38
2024-03-11 11:20:00,20,15,10,45
2024-03-11 11:30:00,14,23,8,45
2024-03-11 11:40:00,18,12,6,36
2024-03-11 11:50:00,20,18,13,51
2024-03-11 12:00:00,14,18,6,38
2024-03-11 12:10:00,23,12,6,41
2024-03-11 12:20:00,27,20,11,58
2024-03-11 12:30:00,23,17,14,54
2024-03-11 12:40:00,25,22,13,60
2024-03-11 12:50:00,25,14,3,42
2024-03-11 13:00:00,22,15,7,44
2024-03-11 13:10:00,25,12,4,41
2024-03-11 13:20:00,36,18,4,58
2024-03-11 13:30:00,24,11,14,49
2024-03-11 13:40:00,23,13,11,47
2024-03-11 13:50:00,20,10,8,38
2024-03-11 14:00:00,19,22,9,50
2024-03-11 14:10:00,27,14,7,48
2024-03-11 14:20:00,33,18,4,55
2024-03-11 14:30:00,33,20,9,62
2024-03-11 14:40:00,24,24,7,55
2024-03-11 14:50:00,24,19,14,57
2024-03-11 15:00:00,24,20,9,53
2024-03-11 15:10:00,30,26,6,62
2024-03-11 15:20:00,24,25,11,60
2024-03-11 15:30:00,21,20,10,51
2024-03-11 15:40:00,23,23,10,56
2024-03-11 15:50:00,27,28,8,63
2024-03-11 16:00:00,34,18,16,68
2024-03-11 16:10:00,27,20,19,66
2024-03-11 16:20:00,34,24,12,70
2024-03-11 16:30:00,24,24,10,58
2024-03-11 16:40:00,29,23,8,60
2024-03-11 16:50:00,37,34,11,82
2024-03-11 17:00:00,31,30,12,73
2024-03-11 17:10:00,33,27,12,72
2024-03-11 17:20:00,26,24,12,62
2024-03-11 17:30:00,20,26,9,55
2024-03-11 17:40:00,33,24,14,71
2024-03-11 17:50:00,29,36,13,78
2024-03-11 18:00:00,26,30,12,68
2024-03-11 18:10:00,22,22,11,55
2024-03-11 18:20:00,25,14,7,46
2024-03-11 18:30:00,25,26,9,60
2024-03-11 18:40:00,28,19,10,57
2024-03-11 18:50:00,21,15,11,47
2024-03-11 19:00:00,25,10,7,42
2024-03-11 19:10:00,19,17,7,43
2024-03-11 19:20:00,24,8,12,44
2024-03-11 19:30:00,16,10,4,30
2024-03-11 19:40:00,20,11,5,36
2024-03-11 19:50:00,18,9,5,32
2024-03-11 20:00:00,15,10,3,28
2024-03-11 20:10:00,21,10,4,35
2024-03-11 20:20:00,15,8,9,32
2024-03-11 20:30:00,14,10,4,28
2024-03-11 20:40:00,10,4,5,19
2024-03-11 20:50:00,12,9,3,24
2024-03-11 21:00:00,10,6,6,22
2024-03-11 21:10:00,9,10,6,25
2024-03-11 21:20:00,13,5,4,22
2024-03-11 21:30:00,7,4,1,12
2024-03-11 21:40:00,12,6,2,20
2024-03-11 21:50:00,10,6,2,18
2024-03-11 22:00:00,6,7,4,17
2024-03-11 22:10:00,7,3,5,15
2024-03-11 22:20:00,3,6,1,10
2024-03-11 22:30:00,11,7,2,20
2024-03-11 22:40:00,9,1,2,12
2024-03-11 22:50:00,2,2,6,10
2024-03-11 23:00:00,2,4,1,7
2024-03-11 23:10:00,4,2,2,8
2024-03-11 23:20:00,6,1,0,7
2024-03-11 23:30:00,2,0,3,5
2024-03-11 23:40:00,3,0,0,3
2024-03-11 23:50:00,3,2,2,7
2024-03-12 00:00:00,0,2,3,5
2024-03-12 00:10:00,3,0,1,4
2024-03-12 00:20:00,0,0,0,0
2024-03-12 00:30:00,2,0,0,2
2024-03-12 00:40:00,4,0,1,5
2024-03-12 00:50:00,1,1,1,3
2024-03-12 01:00:00,0,1,0,1
2024-03-12 01:10:00,0,0,1,1
2024-03-12 01:20:00,1,0,0,1
2024-03-12 01:30:00,1,0,0,1
2024-03-12 01:40:00,1,1,0,2
2024-03-12 01:50:00,2,0,1,3
2024-03-12 02:00:00,1,2,0,3
2024-03-12 02:10:00,0,1,0,1
2024-03-12 02:20:00,0,0,0,0
2024-03-12 02:30:00,1,1,0,2
2024-03-12 02:40:00,1,1,1,3
2024-03-12 02:50:00,0,0,2,2
2024-03-12 03:00:00,1,0,1,2
2024-03-12 03:10:00,0,1,0,1
2024-03-12 03:20:00,0,0,1,1
2024-03-12 03:30:00,0,0,1,1
2024-03-12 03:40:00,1,0,0,1
2024-03-12 03:50:00,0,0,1,1
2024-03-12 04:00:00,0,1,0,1
2024-03-12 04:10:00,0,0,0,0
2024-03-12 04:20:00,0,1,0,1
2024-03-12 04:30:00,0,0,0,0
2024-03-12 04:40:00,0,0,1,1
2024-03-12 04:50:00,0,3,0,3
2024-03-12 05:00:00,0,0,1,1
2024-03-12 05:10:00,1,1,0,2
2024-03-12 05:20:00,4,3,1,8
2024-03-12 05:30:00,4,2,5,11
2024-03-12 05:40:00,2,2,4,8
2024-03-12 05:50:00,4,4,3,11
2024-03-12 06:00:00,6,3,2,11
2024-03-12 06:10:00,6,4,2,12
2024-03-12 06:20:00,8,5,6,19
2024-03-12 06:30:00,14,10,10,34
2024-03-12 06:40:00,18,8,7,33
2024-03-12 06:50:00,16,8,7,31
2024-03-12 07:00:00,16,11,7,34
2024-03-12 07:10:00,33,14,8,55
2024-03-12 07:20:00,23,23,11,57
2024-03-12 07:30:00,24,34,21,79
2024-03-12 07:40:00,36,36,11,83
2024-03-12 07:50:00,45,26,9,80
2024-03-12 08:00:00,34,18,16,68
2024-03-12 08:10:00,35,20,14,69
2024-03-12 08:20:00,27,28,7,62
2024-03-12 08:30:00,30,23,10,63
2024-03-12 08:40:00,37,23,12,72
2024-03-12 08:50:00,33,13,10,56
2024-03-12 09:00:00,26,19,16,61
2024-03-12 09:10:00,23,20,12,55
2024-03-12 09:20:00,28,17,12,57
2024-03-12 09:30:00,19,16,9,44
2024-03-12 09:40:00,21,15,7,43
2024-03-12 09:50:00,15,13,8,36
2024-03-12 10:00:00,18,14,9,41
2024-03-12 10:10:00,24,13,5,42
2024-03-12 10:20:00,24,18,5,47
2024-03-12 10:30:00,30,12,7,49
2024-03-12 10:40:00,17,16,12,45
2024-03-12 10:50:00,17,13,6,36
2024-03-12 11:00:00,26,13,10,49
2024-03-12 11:10:00,15,12,8,35
2024-03-12 11:20:00,20,19,5,44
2024-03-12 11:30:00,23,16,14,53
2024-03-12 11:40:00,25,12,14,51
2024-03-12 11:50:00,17,17,10,44
2024-03-12 12:00:00,21,15,10,46
2024-03-12 12:10:00,28,16,7,51
2024-03-12 12:20:00,23,11,8,42
2024-03-12 12:30:00,21,19,6,46
2024-03-12 12:40:00,23,18,7,48
2024-03-12 12:50:00,15,22,8,45
2024-03-12 13:00:00,26,13,7,46
2024-03-12 13:10:00,33,19,9,61
2024-03-12 13:20:00,36,13,3,52
2024-03-12 13:30:00,26,14,10,50
2024-03-12 13:40:00,13,17,6,36
2024-03-12 13:50:00,22,16,9,47
2024-03-12 14:00:00,26,19,10,55
2024-03-12 14:10:00,26,16,7,49
2024-03-12 14:20:00,28,21,10,59
2024-03-12 14:30:00,31,29,13,73
2024-03-12 14:40:00,19,26,16,61
2024-03-12 14:50:00,25,29,11,65
2024-03-12 15:00:00,21,22,16,59
2024-03-12 15:10:00,26,21,13,60
2024-03-12 15:20:00,31,21,14,66
2024-03-12 15:30:00,15,29,9,53
2024-03-12 15:40:00,29,30,12,71
2024-03-12 15:50:00,21,24,13,58
2024-03-12 16:00:00,30,31,10,71
2024-03-12 16:10:00,27,27,9,63
2024-03-12 16:20:00,27,20,11,58
2024-03-12 16:30:00,32,21,7,60
2024-03-12 16:40:00,26,26,8,60
2024-03-12 16:50:00,33,30,11,74
2024-03-12 17:00:00,29,25,11,65
2024-03-12 17:10:00,27,27,9,63
2024-03-12 17:20:00,24,22,16,62
2024-03-12 17:30:00,31,23,8,62
2024-03-12 17:40:00,33,28,11,72
2024-03-12 17:50:00,25,32,14,71
2024-03-12 18:00:00,33,34,9,76
2024-03-12 18:10:00,28,22,9,59
2024-03-12 18:20:00,24,24,9,57
2024-03-12 18:30:00,22,21,3,46
2024-03-12 18:40:00,21,12,6,39
2024-03-12 18:50:00,18,20,7,45
2024-03-12 19:00:00,19,15,3,37
2024-03-12 19:10:00,26,16,6,48
2024-03-12 19:20:00,23,17,5,45
2024-03-12 19:30:00,17,12,10,39
2024-03-12 19:40:00,18,14,8,40
2024-03-12 19:50:00,16,13,7,36
2024-03-12 20:00:00,21,6,3,30
2024-03-12 20:10:00,16,7,3,26
2024-03-12 20:20:00,12,5,1,18
2024-03-12 20:30:00,11,6,0,17
2024-03-12 20:40:00,8,9,3,20
2024-03-12 20:50:00,8,8,3,19
2024-03-12 21:00:00,15,8,3,26
2024-03-12 21:10:00,11,7,2,20
2024-03-12 21:20:00,14,3,2,19
2024-03-12 21:30:00,10,10,2,22
2024-03-12 21:40:00,8,6,3,17
2024-03-12 21:50:00,7,3,5,15
2024-03-12 22:00:00,17,5,0,22
2024-03-12 22:10:00,4,1,1,6
2024-03-12 22:20:00,9,4,4,17
2024-03-12 22:30:00,5,3,2,10
2024-03-12 22:40:00,8,2,1,11
2024-03-12 22:50:00,5,2,1,8
2024-03-12 23:00:00,5,4,0,9
2024-03-12 23:10:00,6,1,0,7
2024-03-12 23:20:00,2,2,1,5
2024-03-12 23:30:00,5,1,1,7
2024-03-12 23:40:00,5,2,3,10
2024-03-12 23:50:00,4,1,1,6
2024-03-13 00:00:00,2,2,2,6
2024-03-13 00:10:00,2,0,2,4
2024-03-13 00:20:00,0,0,0,0
2024-03-13 00:30:00,0,1,2,3
2024-03-13 00:40:00,1,0,2,3
2024-03-13 00:50:00,2,1,1,4
2024-03-13 01:00:00,1,0,0,1
2024-03-13 01:10:00,1,0,0,1
2024-03-13 01:20:00,0,0,0,0
2024-03-13 01:30:00,0,0,1,1
2024-03-13 01:40:00,0,0,0,0
2024-03-13 01:50:00,0,0,0,0
2024-03-13 02:00:00,0,0,0,0
2024-03-13 02:10:00,0,0,0,0
2024-03-13 02:20:00,0,0,0,0
2024-03-13 02:30:00,0,0,1,1
2024-03-13 02:40:00,1,0,0,1
2024-03-13 02:50:00,0,0,1,1
2024-03-13 03:00:00,0,1,0,1
2024-03-13 03:10:00,0,0,0,0
2024-03-13 03:20:00,1,0,0,1
2024-03-13 03:30:00,0,0,0,0
2024-03-13 03:40:00,0,0,0,0
2024-03-13 03:50:00,1,1,1,3
2024-03-13 04:00:00,0,0,1,1
2024-03-13 04:10:00,0,0,2,2
2024-03-13 04:20:00,0,0,0,0
2024-03-13 04:30:00,0,0,1,1
2024-03-13 04:40:00,1,1,1,3
2024-03-13 04:50:00,0,0,0,0
2024-03-13 05:00:00,0,1,2,3
2024-03-13 05:10:00,0,1,4,5
2024-03-13 05:20:00,2,0,3,5
2024-03-13 05:30:00,3,3,4,10
2024-03-13 05:40:00,3,1,1,5
2024-03-13 05:50:00,7,5,7,19
2024-03-13 06:00:00,12,1,1,14
2024-03-13 06:10:00,7,4,5,16
2024-03-13 06:20:00,8,4,4,16
2024-03-13 06:30:00,4,10,15,29
2024-03-13 06:40:00,16,3,8,27
2024-03-13 06:50:00,16,9,0,25
2024-03-13 07:00:00,21,6,2,29
2024-03-13 07:10:00,29,19,7,55
2024-03-13 07:20:00,21,18,10,49
2024-03-13 07:30:00,29,36,22,87
2024-03-13 07:40:00,30,33,14,77
2024-03-13 07:50:00,42,27,16,85
2024-03-13 08:00:00,29,23,9,61
2024-03-13 08:10:00,32,14,13,59
2024-03-13 08:20:00,35,24,9,68
2024-03-13 08:30:00,24,20,11,55
2024-03-13 08:40:00,34,25,11,70
2024-03-13 08:50:00,30,20,9,59
2024-03-13 09:00:00,35,12,11,58
2024-03-13 09:10:00,16,11,12,39
2024-03-13 09:20:00,17,13,10,40
2024-03-13 09:30:00,19,9,8,36
2024-03-13 09:40:00,21,14,10,45
2024-03-13 09:50:00,14,18,8,40
2024-03-13 10:00:00,22,16,7,45
2024-03-13 10:10:00,26,8,15,49
2024-03-13 10:20:00,19,16,10,45
2024-03-13 10:30:00,25,13,9,47
2024-03-13 10:40:00,26,12,9,47
2024-03-13 10:50:00,16,15,10,41
2024-03-13 11:00:00,27,13,8,48
2024-03-13 11:10:00,19,20,6,45
2024-03-13 11:20:00,22,13,6,41
2024-03-13 11:30:00,9,9,10,28
2024-03-13 11:40:00,18,20,8,46
2024-03-13 11:50:00,29,16,5,50
2024-03-13 12:00:00,18,21,4,43
2024-03-13 12:10:00,23,14,10,47
2024-03-13 12:20:00,15,17,7,39
2024-03-13 12:30:00,22,10,8,40
2024-03-13 12:40:00,25,14,8,47
2024-03-13 12:50:00,23,10,9,42
2024-03-13 13:00:00,25,22,7,54
2024-03-13 13:10:00,14,14,8,36
2024-03-13 13:20:00,23,14,6,43
2024-03-13 13:30:00,21,19,9,49
2024-03-13 13:40:00,28,14,8,50
2024-03-13 13:50:00,27,21,8,56
2024-03-13 14:00:00,21,13,7,41
2024-03-13 14:10:00,26,23,7,56
2024-03-13 14:20:00,19,20,6,45
2024-03-13 14:30:00,30,21,8,59
2024-03-13 14:40:00,27,16,9,52
2024-03-13 14:50:00,26,22,10,58
2024-03-13 15:00:00,27,19,8,54
2024-03-13 15:10:00,19,17,6,42
2024-03-13 15:20:00,26,12,9,47
2024-03-13 15:30:00,28,24,8,60
2024-03-13 15:40:00,26,24,10,60
2024-03-13 15:50:00,21,18,5,44
2024-03-13 16:00:00,29,34,7,70
2024-03-13 16:10:00,24,18,12,54
2024-03-13 16:20:00,22,23,16,61
2024-03-13 16:30:00,33,30,15,78
2024-03-13 16:40:00,23,32,12,67
2024-03-13 16:50:00,36,29,12,77
2024-03-13 17:00:00,20,32,10,62
2024-03-13 17:10:00,28,27,9,64
2024-03-13 17:20:00,22,27,15,64
2024-03-13 17:30:00,24,31,10,65
2024-03-13 17:40:00,29,36,10,75
2024-03-13 17:50:00,31,42,10,83
2024-03-13 18:00:00,31,17,9,57
2024-03-13 18:10:00,27,35,7,69
2024-03-13 18:20:00,31,25,17,73
2024-03-13 18:30:00,23,19,5,47
2024-03-13 18:40:00,19,20,8,47
2024-03-13 18:50:00,21,13,11,45
2024-03-13 19:00:00,21,15,11,47
2024-03-13 19:10:00,32,13,2,47
2024-03-13 19:20:00,14,13,9,36
2024-03-13 19:30:00,16,11,6,33
2024-03-13 19:40:00,22,20,13,55
2024-03-13 19:50:00,17,15,9,41
2024-03-13 20:00:00,10,8,4,22
2024-03-13 20:10:00,23,8,6,37
2024-03-13 20:20:00,14,10,7,31
2024-03-13 20:30:00,14,5,3,22
2024-03-13 20:40:00,10,8,5,23
2024-03-13 20:50:00,10,4,8,22
2024-03-13 21:00:00,14,9,1,24
2024-03-13 21:10:00,8,6,3,17
2024-03-13 21:20:00,12,12,1,25
2024-03-13 21:30:00,6,4,2,12
2024-03-13 21:40:00,5,8,4,17
2024-03-13 21:50:00,9,4,5,18
2024-03-13 22:00:00,8,6,2,16
2024-03-13 22:10:00,6,4,1,11
2024-03-13 22:20:00,10,6,2,18
2024-03-13 22:30:00,5,5,4,14
2024-03-13 22:40:00,11,6,0,17
2024-03-13 22:50:00,2,3,2,7
2024-03-13 23:00:00,3,4,1,8
2024-03-13 23:10:00,4,5,2,11
2024-03-13 23:20:00,1,2,1,4
2024-03-13 23:30:00,2,2,2,6
2024-03-13 23:40:00,4,1,1,6
2024-03-13 23:50:00,4,2,1,7
2024-03-14 00:00:00,3,1,6,10
2024-03-14 00:10:00,2,4,3,9
2024-03-14 00:20:00,3,0,1,4
2024-03-14 00:30:00,2,1,0,3
2024-03-14 00:40:00,0,0,1,1
2024-03-14 00:50:00,2,0,2,4
2024-03-14 01:00:00,2,0,1,3
2024-03-14 01:10:00,1,0,0,1
2024-03-14 01:20:00,1,0,0,1
2024-03-14 01:30:00,1,1,0,2
2024-03-14 01:40:00,0,1,0,1
2024-03-14 01:50:00,0,0,1,1
2024-03-14 02:00:00,1,0,0,1
2024-03-14 02:10:00,2,0,1,3
2024-03-14 02:20:00,0,0,0,0
2024-03-14 02:30:00,0,0,0,0
2024-03-14 02:40:00,1,0,1,2
2024-03-14 02:50:00,0,0,0,0
2024-03-14 03:00:00,0,0,1,1
2024-03-14 03:10:00,0,0,0,0
2024-03-14 03:20:00,0,0,0,0
2024-03-14 03:30:00,0,0,1,1
2024-03-14 03:40:00,1,0,1,2
2024-03-14 03:50:00,0,0,0,0
2024-03-14 04:00:00,0,1,2,3
2024-03-14 04:10:00,0,2,1,3
2024-03-14 04:20:00,0,0,1,1
2024-03-14 04:30:00,0,1,0,1
2024-03-14 04:40:00,1,0,1,2
2024-03-14 04:50:00,1,1,1,3
2024-03-14 05:00:00,0,0,1,1
2024-03-14 05:10:00,4,0,0,4
2024-03-14 05:20:00,1,4,2,7
2024-03-14 05:30:00,1,0,2,3
2024-03-14 05:40:00,6,3,6,15
2024-03-14 05:50:00,5,3,2,10
2024-03-14 06:00:00,7,0,1,8
2024-03-14 06:10:00,5,3,7,15
2024-03-14 06:20:00,8,8,5,21
2024-03-14 06:30:00,9,3,10,22
2024-03-14 06:40:00,17,8,2,27
2024-03-14 06:50:00,17,8,7,32
2024-03-14 07:00:00,15,17,5,37
2024-03-14 07:10:00,28,14,6,48
2024-03-14 07:20:00,27,15,13,55
2024-03-14 07:30:00,27,37,17,81
2024-03-14 07:40:00,30,37,13,80
2024-03-14 07:50:00,40,20,13,73
2024-03-14 08:00:00,37,23,14,74
2024-03-14 08:10:00,29,14,16,59
2024-03-14 08:20:00,31,24,14,69
2024-03-14 08:30:00,21,12,7,40
2024-03-14 08:40:00,34,22,9,65
2024-03-14 08:50:00,23,18,15,56
2024-03-14 09:00:00,20,21,10,51
2024-03-14 09:10:00,22,22,9,53
2024-03-14 09:20:00,17,11,11,39
2024-03-14 09:30:00,27,15,9,51
2024-03-14 09:40:00,18,16,10,44
2024-03-14 09:50:00,23,15,4,42
2024-03-14 10:00:00,19,13,11,43
2024-03-14 10:10:00,26,20,8,54
2024-03-14 10:20:00,18,9,6,33
2024-03-14 10:30:00,19,15,11,45
2024-03-14 10:40:00,19,18,9,46
2024-03-14 10:50:00,26,16,8,50
2024-03-14 11:00:00,18,17,13,48
2024-03-14 11:10:00,17,15,9,41
2024-03-14 11:20:00,25,19,6,50
2024-03-14 11:30:00,27,22,9,58
2024-03-14 11:40:00,23,24,14,61
2024-03-14 11:50:00,18,21,6,45
2024-03-14 12:00:00,20,16,6,42
2024-03-14 12:10:00,37,20,8,65
2024-03-14 12:20:00,23,14,8,45
2024-03-14 12:30:00,25,10,11,46
2024-03-14 12:40:00,21,17,9,47
2024-03-14 12:50:00,30,14,9,53
2024-03-14 13:00:00,23,14,9,46
2024-03-14 13:10:00,34,13,4,51
2024-03-14 13:20:00,33,14,7,54
2024-03-14 13:30:00,16,15,10,41
2024-03-14 13:40:00,32,19,9,60
2024-03-14 13:50:00,23,16,7,46
2024-03-14 14:00:00,26,17,11,54
2024-03-14 14:10:00,25,26,4,55
2024-03-14 14:20:00,25,31,8,64
2024-03-14 14:30:00,27,30,12,69
2024-03-14 14:40:00,22,22,7,51
2024-03-14 14:50:00,25,34,15,74
2024-03-14 15:00:00,30,21,17,68
2024-03-14 15:10:00,26,16,13,55
2024-03-14 15:20:00,19,17,7,43
2024-03-14 15:30:00,30,14,15,59
2024-03-14 15:40:00,34,33,7,74
2024-03-14 15:50:00,27,32,9,68
2024-03-14 16:00:00,29,30,6,65
2024-03-14 16:10:00,28,21,9,58
2024-03-14 16:20:00,21,23,6,50
2024-03-14 16:30:00,34,32,12,78
2024-03-14 16:40:00,26,23,10,59
2024-03-14 16:50:00,27,25,10,62
2024-03-14 17:00:00,27,31,18,76
2024-03-14 17:10:00,33,23,14,70
2024-03-14 17:20:00,30,45,9,84
2024-03-14 17:30:00,26,30,14,70
2024-03-14 17:40:00,33,23,13,69
2024-03-14 17:50:00,23,29,14,66
2024-03-14 18:00:00,37,24,19,80
2024-03-14 18:10:00,28,32,8,68
2024-03-14 18:20:00,28,23,10,61
2024-03-14 18:30:00,41,21,6,68
2024-03-14 18:40:00,34,10,5,49
2024-03-14 18:50:00,20,24,4,48
2024-03-14 19:00:00,20,25,7,52
2024-03-14 19:10:00,29,21,13,63
2024-03-14 19:20:00,23,20,7,50
2024-03-14 19:30:00,21,12,9,42
2024-03-14 19:40:00,18,13,7,38
2024-03-14 19:50:00,12,9,7,28
2024-03-14 20:00:00,14,15,11,40
2024-03-14 20:10:00,14,14,4,32
2024-03-14 20:20:00,15,6,4,25
2024-03-14 20:30:00,10,7,8,25
2024-03-14 20:40:00,10,9,5,24
2024-03-14 20:50:00,12,5,2,19
2024-03-14 21:00:00,12,7,4,23
2024-03-14 21:10:00,11,5,5,21
2024-03-14 21:20:00,14,12,3,29
2024-03-14 21:30:00,14,8,7,29
2024-03-14 21:40:00,12,12,3,27
2024-03-14 21:50:00,8,8,7,23
2024-03-14 22:00:00,8,5,2,15
2024-03-14 22:10:00,6,4,3,13
2024-03-14 22:20:00,8,3,5,16
2024-03-14 22:30:00,4,6,4,14
2024-03-14 22:40:00,7,4,5,16
2024-03-14 22:50:00,3,5,1,9
2024-03-14 23:00:00,8,4,2,14
2024-03-14 23:10:00,8,5,2,15
2024-03-14 23:20:00,4,1,1,6
2024-03-14 23:30:00,4,0,0,4
2024-03-14 23:40:00,4,1,1,6
2024-03-14 23:50:00,3,1,0,4
2024-03-15 00:00:00,1,0,2,3
2024-03-15 00:10:00,1,0,0,1
2024-03-15 00:20:00,0,2,1,3
2024-03-15 00:30:00,2,1,0,3
2024-03-15 00:40:00,2,4,3,9
2024-03-15 00:50:00,1,1,0,2
2024-03-15 01:00:00,2,0,1,3
2024-03-15 01:10:00,2,0,0,2
2024-03-15 01:20:00,1,0,0,1
2024-03-15 01:30:00,0,0,0,0
2024-03-15 01:40:00,1,0,2,3
2024-03-15 01:50:00,3,0,0,3
2024-03-15 02:00:00,1,2,1,4
2024-03-15 02:10:00,0,0,0,0
2024-03-15 02:20:00,0,0,0,0
2024-03-15 02:30:00,2,0,1,3
2024-03-15 02:40:00,0,1,0,1
2024-03-15 02:50:00,0,0,0,0
2024-03-15 03:00:00,0,0,0,0
2024-03-15 03:10:00,0,0,0,0
2024-03-15 03:20:00,0,0,0,0
2024-03-15 03:30:00,0,0,2,2
2024-03-15 03:40:00,3,1,0,4
2024-03-15 03:50:00,1,0,0,1
2024-03-15 04:00:00,1,1,1,3
2024-03-15 04:10:00,1,0,0,1
2024-03-15 04:20:00,0,0,0,0
2024-03-15 04:30:00,2,0,0,2
2024-03-15 04:40:00,0,0,0,0
2024-03-15 04:50:00,0,0,1,1
2024-03-15 05:00:00,0,2,2,4
2024-03-15 05:10:00,4,1,0,5
2024-03-15 05:20:00,3,1,0,4
2024-03-15 05:30:00,2,2,4,8
2024-03-15 05:40:00,1,3,2,6
2024-03-15 05:50:00,7,2,4,13
2024-03-15 06:00:00,4,0,0,4
2024-03-15 06:10:00,7,5,2,14
2024-03-15 06:20:00,4,4,6,14
2024-03-15 06:30:00,7,3,9,19
2024-03-15 06:40:00,14,11,5,30
2024-03-15 06:50:00,13,9,1,23
2024-03-15 07:00:00,18,10,4,32
2024-03-15 07:10:00,20,13,10,43
2024-03-15 07:20:00,25,18,16,59
2024-03-15 07:30:00,29,30,21,80
2024-03-15 07:40:00,29,38,10,77
2024-03-15 07:50:00,37,26,10,73
2024-03-15 08:00:00,21,22,15,58
2024-03-15 08:10:00,19,11,11,41
2024-03-15 08:20:00,26,20,13,59
2024-03-15 08:30:00,25,16,11,52
2024-03-15 08:40:00,28,17,13,58
2024-03-15 08:50:00,20,24,13,57
2024-03-15 09:00:00,16,16,13,45
2024-03-15 09:10:00,17,11,10,38
2024-03-15 09:20:00,21,22,13,56
2024-03-15 09:30:00,25,15,6,46
2024-03-15 09:40:00,19,18,9,46
2024-03-15 09:50:00,28,22,7,57
2024-03-15 10:00:00,20,15,10,45
2024-03-15 10:10:00,22,12,12,46
2024-03-15 10:20:00,25,13,6,44
2024-03-15 10:30:00,18,9,5,32
2024-03-15 10:40:00,21,10,5,36
2024-03-15 10:50:00,24,15,5,44
2024-03-15 11:00:00,19,16,8,43
2024-03-15 11:10:00,22,8,10,40
2024-03-15 11:20:00,24,11,8,43
2024-03-15 11:30:00,17,14,14,45
2024-03-15 11:40:00,22,18,6,46
2024-03-15 11:50:00,19,17,12,48
2024-03-15 12:00:00,17,14,9,40
2024-03-15 12:10:00,26,25,9,60
2024-03-15 12:20:00,28,20,5,53
2024-03-15 12:30:00,24,19,5,48
2024-03-15 12:40:00,21,28,19,68
2024-03-15 12:50:00,26,18,10,54
2024-03-15 13:00:00,19,15,18,52
2024-03-15 13:10:00,29,18,18,65
2024-03-15 13:20:00,37,17,7,61
2024-03-15 13:30:00,34,25,6,65
2024-03-15 13:40:00,24,15,12,51
2024-03-15 13:50:00,21,22,14,57
2024-03-15 14:00:00,28,28,4,60
2024-03-15 14:10:00,32,21,11,64
2024-03-15 14:20:00,31,16,13,60
2024-03-15 14:30:00,35,25,9,69
2024-03-15 14:40:00,25,35,14,74
2024-03-15 14:50:00,22,22,16,60
2024-03-15 15:00:00,31,32,17,80
2024-03-15 15:10:00,26,16,10,52
2024-03-15 15:20:00,32,39,11,82
2024-03-15 15:30:00,33,27,13,73
2024-03-15 15:40:00,27,28,14,69
2024-03-15 15:50:00,31,24,10,65
2024-03-15 16:00:00,19,20,15,54
2024-03-15 16:10:00,26,18,18,62
2024-03-15 16:20:00,31,22,9,62
2024-03-15 16:30:00,33,27,13,73
2024-03-15 16:40:00,38,30,8,76
2024-03-15 16:50:00,32,25,11,68
2024-03-15 17:00:00,26,28,11,65
2024-03-15 17:10:00,35,26,6,67
2024-03-15 17:20:00,28,25,11,64
2024-03-15 17:30:00,25,18,12,55
2024-03-15 17:40:00,28,21,8,57
2024-03-15 17:50:00,33,26,9,68
2024-03-15 18:00:00,22,19,14,55
2024-03-15 18:10:00,28,27,12,67
2024-03-15 18:20:00,38,20,10,68
2024-03-15 18:30:00,18,17,8,43
2024-03-15 18:40:00,22,19,15,56
2024-03-15 18:50:00,16,14,11,41
2024-03-15 19:00:00,20,15,8,43
2024-03-15 19:10:00,26,13,7,46
2024-03-15 19:20:00,17,11,4,32
2024-03-15 19:30:00,12,9,7,28
2024-03-15 19:40:00,21,12,8,41
2024-03-15 19:50:00,16,13,11,40
2024-03-15 20:00:00,17,10,5,32
2024-03-15 20:10:00,18,13,4,35
2024-03-15 20:20:00,12,12,3,27
2024-03-15 20:30:00,12,14,1,27
2024-03-15 20:40:00,14,13,3,30
2024-03-15 20:50:00,8,6,3,17
2024-03-15 21:00:00,17,14,6,37
2024-03-15 21:10:00,14,9,2,25
2024-03-15 21:20:00,20,2,3,25
2024-03-15 21:30:00,10,7,3,20
2024-03-15 21:40:00,7,9,3,19
2024-03-15 21:50:00,17,7,2,26
2024-03-15 22:00:00,9,6,2,17
2024-03-15 22:10:00,6,7,1,14
2024-03-15 22:20:00,10,3,2,15
2024-03-15 22:30:00,5,8,0,13
2024-03-15 22:40:00,8,8,3,19
2024-03-15 22:50:00,10,3,2,15
2024-03-15 23:00:00,12,7,2,21
2024-03-15 23:10:00,13,2,3,18
2024-03-15 23:20:00,8,8,3,19
2024-03-15 23:30:00,7,6,9,22
2024-03-15 23:40:00,8,2,2,12
2024-03-15 23:50:00,1,6,2,9
2024-03-16 00:00:00,1,1,3,5
2024-03-16 00:10:00,4,6,1,11
2024-03-16 00:20:00,3,2,2,7
2024-03-16 00:30:00,6,4,4,14
2024-03-16 00:40:00,2,3,4,9
2024-03-16 00:50:00,1,2,2,5
2024-03-16 01:00:00,5,2,3,10
2024-03-16 01:10:00,2,0,1,3
2024-03-16 01:20:00,3,4,1,8
2024-03-16 01:30:00,4,0,0,4
2024-03-16 01:40:00,4,0,0,4
2024-03-16 01:50:00,1,1,1,3
2024-03-16 02:00:00,3,1,1,5
2024-03-16 02:10:00,0,2,1,3
2024-03-16 02:20:00,2,1,1,4
2024-03-16 02:30:00,0,0,0,0
2024-03-16 02:40:00,1,0,0,1
2024-03-16 02:50:00,4,1,1,6
2024-03-16 03:00:00,3,1,1,5
2024-03-16 03:10:00,2,1,2,5
2024-03-16 03:20:00,0,0,1,1
2024-03-16 03:30:00,1,0,2,3
2024-03-16 03:40:00,3,0,0,3
2024-03-16 03:50:00,2,3,0,5
2024-03-16 04:00:00,3,1,1,5
2024-03-16 04:10:00,0,0,1,1
2024-03-16 04:20:00,0,0,0,0
2024-03-16 04:30:00,0,1,1,2
2024-03-16 04:40:00,2,2,2,6
2024-03-16 04:50:00,0,0,0,0
2024-03-16 05:00:00,1,1,0,2
2024-03-16 05:10:00,2,1,0,3
2024-03-16 05:20:00,1,0,0,1
2024-03-16 05:30:00,0,0,2,2
2024-03-16 05:40:00,2,1,3,6
2024-03-16 05:50:00,0,2,2,4
2024-03-16 06:00:00,0,0,2,2
2024-03-16 06:10:00,3,2,3,8
2024-03-16 06:20:00,3,1,2,6
2024-03-16 06:30:00,4,2,4,10
2024-03-16 06:40:00,4,2,1,7
2024-03-16 06:50:00,3,2,2,7
2024-03-16 07:00:00,5,1,0,6
2024-03-16 07:10:00,5,4,2,11
2024-03-16 07:20:00,4,3,5,12
2024-03-16 07:30:00,2,6,7,15
2024-03-16 07:40:00,4,4,2,10
2024-03-16 07:50:00,4,3,3,10
2024-03-16 08:00:00,9,5,4,18
2024-03-16 08:10:00,13,8,5,26
2024-03-16 08:20:00,13,8,8,29
2024-03-16 08:30:00,13,5,4,22
2024-03-16 08:40:00,15,3,5,23
2024-03-16 08:50:00,12,18,5,35
2024-03-16 09:00:00,15,10,9,34
2024-03-16 09:10:00,14,9,5,28
2024-03-16 09:20:00,16,7,6,29
2024-03-16 09:30:00,19,8,9,36
2024-03-16 09:40:00,21,19,7,47
2024-03-16 09:50:00,18,19,9,46
2024-03-16 10:00:00,16,13,5,34
2024-03-16 10:10:00,20,11,4,35
2024-03-16 10:20:00,22,17,7,46
2024-03-16 10:30:00,18,31,9,58
2024-03-16 10:40:00,29,18,8,55
2024-03-16 10:50:00,22,17,4,43
2024-03-16 11:00:00,31,15,10,56
2024-03-16 11:10:00,28,18,11,57
2024-03-16 11:20:00,22,24,9,55
2024-03-16 11:30:00,15,15,8,38
2024-03-16 11:40:00,19,17,9,45
2024-03-16 11:50:00,18,16,7,41
2024-03-16 12:00:00,21,16,5,42
2024-03-16 12:10:00,27,22,7,56
2024-03-16 12:20:00,23,29,6,58
2024-03-16 12:30:00,31,26,8,65
2024-03-16 12:40:00,24,22,9,55
2024-03-16 12:50:00,23,20,10,53
2024-03-16 13:00:00,27,12,6,45
2024-03-16 13:10:00,22,18,6,46
2024-03-16 13:20:00,22,18,7,47
2024-03-16 13:30:00,24,31,6,61
2024-03-16 13:40:00,22,27,10,59
2024-03-16 13:50:00,20,42,4,66
2024-03-16 14:00:00,24,29,12,65
2024-03-16 14:10:00,22,39,9,70
2024-03-16 14:20:00,22,44,11,77
2024-03-16 14:30:00,32,33,7,72
2024-03-16 14:40:00,23,23,11,57
2024-03-16 14:50:00,19,15,8,42
2024-03-16 15:00:00,21,18,7,46
2024-03-16 15:10:00,16,21,10,47
2024-03-16 15:20:00,25,11,8,44
2024-03-16 15:30:00,21,9,5,35
2024-03-16 15:40:00,11,11,10,32
2024-03-16 15:50:00,16,10,3,29
2024-03-16 16:00:00,18,19,5,42
2024-03-16 16:10:00,18,8,8,34
2024-03-16 16:20:00,17,14,3,34
2024-03-16 16:30:00,20,12,9,41
2024-03-16 16:40:00,19,14,9,42
2024-03-16 16:50:00,15,12,5,32
2024-03-16 17:00:00,17,11,4,32
2024-03-16 17:10:00,19,15,6,40
2024-03-16 17:20:00,22,15,9,46
2024-03-16 17:30:00,18,14,8,40
2024-03-16 17:40:00,43,19,7,69
2024-03-16 17:50:00,53,8,8,69
2024-03-16 18:00:00,67,12,10,89
2024-03-16 18:10:00,54,11,13,78
2024-03-16 18:20:00,42,12,6,60
2024-03-16 18:30:00,46,10,7,63
2024-03-16 18:40:00,29,15,5,49
2024-03-16 18:50:00,17,11,6,34
2024-03-16 19:00:00,16,10,8,34
2024-03-16 19:10:00,22,12,8,42
2024-03-16 19:20:00,15,6,8,29
2024-03-16 19:30:00,11,15,6,32
2024-03-16 19:40:00,16,7,6,29
2024-03-16 19:50:00,16,11,11,38
2024-03-16 20:00:00,16,9,11,36
2024-03-16 20:10:00,13,12,7,32
2024-03-16 20:20:00,16,8,8,32
2024-03-16 20:30:00,11,7,4,22
2024-03-16 20:40:00,8,10,1,19
2024-03-16 20:50:00,9,6,1,16
2024-03-16 21:00:00,8,8,1,17
2024-03-16 21:10:00,10,9,3,22
2024-03-16 21:20:00,9,7,3,19
2024-03-16 21:30:00,5,3,4,12
2024-03-16 21:40:00,14,4,3,21
2024-03-16 21:50:00,16,6,8,30
2024-03-16 22:00:00,14,6,4,24
2024-03-16 22:10:00,12,7,4,23
2024-03-16 22:20:00,11,6,3,20
2024-03-16 22:30:00,10,8,2,20
2024-03-16 22:40:00,11,8,6,25
2024-03-16 22:50:00,5,2,2,9
2024-03-16 23:00:00,11,7,2,20
2024-03-16 23:10:00,9,3,2,14
2024-03-16 23:20:00,8,6,1,15
2024-03-16 23:30:00,8,2,3,13
2024-03-16 23:40:00,9,3,7,19
2024-03-16 23:50:00,6,3,2,11
2024-03-17 00:00:00,7,5,2,14
2024-03-17 00:10:00,5,5,3,13
2024-03-17 00:20:00,5,1,1,7
2024-03-17 00:30:00,5,1,2,8
2024-03-17 00:40:00,3,3,3,9
2024-03-17 00:50:00,4,2,2,8
2024-03-17 01:00:00,9,3,3,15
2024-03-17 01:10:00,7,2,1,10
2024-03-17 01:20:00,2,1,2,5
2024-03-17 01:30:00,4,2,2,8
2024-03-17 01:40:00,2,1,0,3
2024-03-17 01:50:00,2,1,0,3
2024-03-17 02:00:00,4,4,1,9
2024-03-17 02:10:00,1,3,0,4
2024-03-17 02:20:00,2,0,3,5
2024-03-17 02:30:00,3,1,1,5
2024-03-17 02:40:00,2,0,1,3
2024-03-17 02:50:00,2,1,1,4
2024-03-17 03:00:00,5,1,0,6
2024-03-17 03:10:00,3,2,1,6
2024-03-17 03:20:00,0,1,1,2
2024-03-17 03:30:00,2,1,1,4
2024-03-17 03:40:00,3,0,2,5
2024-03-17 03:50:00,2,1,1,4
2024-03-17 04:00:00,3,0,1,4
2024-03-17 04:10:00,1,0,0,1
2024-03-17 04:20:00,3,0,1,4
2024-03-17 04:30:00,1,2,1,4
2024-03-17 04:40:00,1,1,0,2
2024-03-17 04:50:00,0,1,0,1
2024-03-17 05:00:00,1,1,1,3
2024-03-17 05:10:00,2,0,0,2
2024-03-17 05:20:00,0,0,1,1
2024-03-17 05:30:00,1,1,0,2
2024-03-17 05:40:00,2,0,1,3
2024-03-17 05:50:00,1,0,1,2
2024-03-17 06:00:00,2,0,0,2
2024-03-17 06:10:00,2,3,1,6
2024-03-17 06:20:00,1,0,3,4
2024-03-17 06:30:00,0,0,0,0
2024-03-17 06:40:00,0,1,1,2
2024-03-17 06:50:00,1,1,2,4
2024-03-17 07:00:00,2,0,0,2
2024-03-17 07:10:00,0,0,0,0
2024-03-17 07:20:00,2,0,1,3
2024-03-17 07:30:00,1,1,1,3
2024-03-17 07:40:00,7,6,4,17
2024-03-17 07:50:00,2,2,4,8
2024-03-17 08:00:00,5,5,2,12
2024-03-17 08:10:00,6,2,1,9
2024-03-17 08:20:00,3,2,1,6
2024-03-17 08:30:00,9,3,1,13
2024-03-17 08:40:00,10,1,2,13
2024-03-17 08:50:00,7,7,3,17
2024-03-17 09:00:00,5,6,2,13
2024-03-17 09:10:00,13,8,4,25
2024-03-17 09:20:00,3,8,4,15
2024-03-17 09:30:00,12,9,2,23
2024-03-17 09:40:00,7,10,6,23
2024-03-17 09:50:00,12,10,9,31
2024-03-17 10:00:00,7,7,10,24
2024-03-17 10:10:00,7,5,7,19
2024-03-17 10:20:00,13,11,1,25
2024-03-17 10:30:00,12,6,6,24
2024-03-17 10:40:00,15,4,2,21
2024-03-17 10:50:00,14,11,6,31
2024-03-17 11:00:00,16,12,5,33
2024-03-17 11:10:00,16,14,1,31
2024-03-17 11:20:00,17,8,8,33
2024-03-17 11:30:00,13,9,1,23
2024-03-17 11:40:00,21,10,6,37
2024-03-17 11:50:00,15,13,7,35
2024-03-17 12:00:00,12,7,3,22
2024-03-17 12:10:00,15,13,6,34
2024-03-17 12:20:00,15,11,7,33
2024-03-17 12:30:00,11,17,8,36
2024-03-17 12:40:00,16,14,9,39
2024-03-17 12:50:00,14,23,2,39
2024-03-17 13:00:00,10,18,5,33
2024-03-17 13:10:00,20,22,3,45
2024-03-17 13:20:00,17,6,6,29
2024-03-17 13:30:00,25,11,7,43
2024-03-17 13:40:00,15,16,6,37
2024-03-17 13:50:00,10,12,4,26
2024-03-17 14:00:00,20,7,7,34
2024-03-17 14:10:00,15,12,5,32
2024-03-17 14:20:00,22,24,6,52
2024-03-17 14:30:00,11,16,6,33
2024-03-17 14:40:00,19,16,2,37
2024-03-17 14:50:00,18,16,7,41
2024-03-17 15:00:00,14,18,7,39
2024-03-17 15:10:00,14,11,2,27
2024-03-17 15:20:00,17,13,4,34
2024-03-17 15:30:00,16,10,5,31
2024-03-17 15:40:00,23,16,4,43
2024-03-17 15:50:00,22,6,4,32
2024-03-17 16:00:00,16,13,4,33
2024-03-17 16:10:00,18,8,3,29
2024-03-17 16:20:00,16,9,5,30
2024-03-17 16:30:00,14,11,4,29
2024-03-17 16:40:00,10,16,7,33
2024-03-17 16:50:00,15,18,4,37
2024-03-17 17:00:00,18,12,11,41
2024-03-17 17:10:00,19,10,9,38
2024-03-17 17:20:00,26,11,7,44
2024-03-17 17:30:00,18,16,9,43
2024-03-17 17:40:00,23,10,7,40
2024-03-17 17:50:00,13,11,6,30
2024-03-17 18:00:00,12,9,6,27
2024-03-17 18:10:00,19,8,6,33
2024-03-17 18:20:00,12,13,8,33
2024-03-17 18:30:00,18,17,6,41
2024-03-17 18:40:00,14,15,6,35
2024-03-17 18:50:00,11,11,2,24
2024-03-17 19:00:00,16,13,4,33
2024-03-17 19:10:00,14,9,2,25
2024-03-17 19:20:00,12,10,6,28
2024-03-17 19:30:00,13,10,4,27
2024-03-17 19:40:00,10,5,8,23
2024-03-17 19:50:00,10,5,9,24
2024-03-17 20:00:00,14,8,7,29
2024-03-17 20:10:00,9,8,6,23
2024-03-17 20:20:00,11,8,4,23
2024-03-17 20:30:00,11,5,6,22
2024-03-17 20:40:00,6,7,0,13
2024-03-17 20:50:00,7,6,1,14
2024-03-17 21:00:00,13,10,7,30
2024-03-17 21:10:00,9,3,3,15
2024-03-17 21:20:00,5,4,3,12
2024-03-17 21:30:00,9,4,0,13
2024-03-17 21:40:00,8,4,3,15
2024-03-17 21:50:00,2,3,3,8
2024-03-17 22:00:00,3,8,4,15
2024-03-17 22:10:00,4,4,6,14
2024-03-17 22:20:00,4,1,1,6
2024-03-17 22:30:00,4,3,0,7
2024-03-17 22:40:00,2,3,3,8
2024-03-17 22:50:00,5,3,3,11
2024-03-17 23:00:00,2,4,0,6
2024-03-17 23:10:00,6,3,0,9
2024-03-17 23:20:00,2,3,2,7
2024-03-17 23:30:00,0,0,1,1
2024-03-17 23:40:00,1,1,0,2
2024-03-17 23:50:00,0,2,0,2
2024-03-18 00:00:00,2,0,1,3
2024-03-18 00:10:00,0,0,1,1
2024-03-18 00:20:00,0,0,0,0
2024-03-18 00:30:00,0,1,0,1
2024-03-18 00:40:00,0,1,1,2
2024-03-18 00:50:00,1,1,0,2
2024-03-18 01:00:00,0,0,0,0
2024-03-18 01:10:00,0,0,1,1
2024-03-18 01:20:00,0,0,1,1
2024-03-18 01:30:00,0,1,0,1
2024-03-18 01:40:00,0,0,1,1
2024-03-18 01:50:00,6,0,0,6
2024-03-18 02:00:00,0,0,0,0
2024-03-18 02:10:00,1,0,0,1
2024-03-18 02:20:00,2,1,1,4
2024-03-18 02:30:00,2,2,1,5
2024-03-18 02:40:00,0,0,0,0
2024-03-18 02:50:00,1,0,1,2
2024-03-18 03:00:00,0,0,0,0
2024-03-18 03:10:00,0,0,0,0
2024-03-18 03:20:00,0,1,0,1
2024-03-18 03:30:00,0,0,0,0
2024-03-18 03:40:00,1,2,1,4
2024-03-18 03:50:00,1,0,1,2
2024-03-18 04:00:00,0,2,1,3
2024-03-18 04:10:00,0,0,0,0
2024-03-18 04:20:00,0,0,0,0
2024-03-18 04:30:00,2,0,0,2
2024-03-18 04:40:00,0,0,0,0
2024-03-18 04:50:00,0,4,1,5
2024-03-18 05:00:00,2,0,2,4
2024-03-18 05:10:00,1,2,1,4
2024-03-18 05:20:00,3,4,2,9
2024-03-18 05:30:00,3,0,2,5
2024-03-18 05:40:00,4,4,4,12
2024-03-18 05:50:00,5,2,4,11
2024-03-18 06:00:00,7,2,2,11
2024-03-18 06:10:00,6,5,8,19
2024-03-18 06:20:00,9,6,6,21
2024-03-18 06:30:00,7,9,8,24
2024-03-18 06:40:00,9,4,9,22
2024-03-18 06:50:00,18,16,10,44
2024-03-18 07:00:00,23,15,9,47
2024-03-18 07:10:00,20,15,5,40
2024-03-18 07:20:00,30,23,8,61
2024-03-18 07:30:00,36,27,19,82
2024-03-18 07:40:00,29,34,20,83
2024-03-18 07:50:00,39,31,11,81
2024-03-18 08:00:00,39,20,11,70
2024-03-18 08:10:00,28,29,13,70
2024-03-18 08:20:00,36,28,12,76
2024-03-18 08:30:00,31,20,14,65
2024-03-18 08:40:00,30,24,10,64
2024-03-18 08:50:00,45,16,10,71
2024-03-18 09:00:00,29,14,9,52
2024-03-18 09:10:00,29,11,5,45
2024-03-18 09:20:00,28,24,15,67
2024-03-18 09:30:00,22,11,10,43
2024-03-18 09:40:00,27,8,15,50
2024-03-18 09:50:00,23,16,14,53
2024-03-18 10:00:00,27,20,11,58
2024-03-18 10:10:00,19,12,9,40
2024-03-18 10:20:00,20,13,8,41
2024-03-18 10:30:00,23,14,8,45
2024-03-18 10:40:00,27,15,4,46
2024-03-18 10:50:00,21,26,10,57
2024-03-18 11:00:00,31,14,7,52
2024-03-18 11:10:00,19,8,12,39
2024-03-18 11:20:00,18,14,8,40
2024-03-18 11:30:00,26,15,8,49
2024-03-18 11:40:00,32,14,8,54
2024-03-18 11:50:00,23,13,6,42
2024-03-18 12:00:00,26,14,6,46
2024-03-18 12:10:00,23,19,5,47
2024-03-18 12:20:00,26,12,8,46
2024-03-18 12:30:00,31,9,5,45
2024-03-18 12:40:00,28,17,15,60
2024-03-18 12:50:00,25,21,3,49
2024-03-18 13:00:00,16,11,6,33
2024-03-18 13:10:00,35,12,7,54
2024-03-18 13:20:00,36,10,9,55
2024-03-18 13:30:00,26,14,6,46
2024-03-18 13:40:00,28,16,12,56
2024-03-18 13:50:00,30,19,9,58
2024-03-18 14:00:00,23,16,12,51
2024-03-18 14:10:00,22,18,10,50
2024-03-18 14:20:00,38,12,7,57
2024-03-18 14:30:00,35,16,10,61
2024-03-18 14:40:00,25,23,10,58
2024-03-18 14:50:00,32,23,10,65
2024-03-18 15:00:00,19,16,7,42
2024-03-18 15:10:00,24,17,10,51
2024-03-18 15:20:00,23,27,13,63
2024-03-18 15:30:00,36,29,8,73
2024-03-18 15:40:00,38,26,15,79
2024-03-18 15:50:00,38,19,12,69
2024-03-18 16:00:00,30,33,11,74
2024-03-18 16:10:00,37,18,9,64
2024-03-18 16:20:00,35,25,6,66
2024-03-18 16:30:00,46,27,9,82
2024-03-18 16:40:00,41,25,7,73
2024-03-18 16:50:00,37,41,10,88
2024-03-18 17:00:00,43,30,18,91
2024-03-18 17:10:00,48,33,8,89
2024-03-18 17:20:00,33,25,6,64
2024-03-18 17:30:00,42,34,13,89
2024-03-18 17:40:00,32,31,9,72
2024-03-18 17:50:00,34,23,10,67
2024-03-18 18:00:00,29,37,10,76
2024-03-18 18:10:00,32,30,11,73
2024-03-18 18:20:00,23,33,10,66
2024-03-18 18:30:00,28,19,11,58
2024-03-18 18:40:00,34,19,11,64
2024-03-18 18:50:00,19,18,6,43
2024-03-18 19:00:00,24,21,5,50
2024-03-18 19:10:00,28,7,5,40
2024-03-18 19:20:00,20,12,8,40
2024-03-18 19:30:00,23,10,11,44
2024-03-18 19:40:00,27,10,6,43
2024-03-18 19:50:00,18,12,4,34
2024-03-18 20:00:00,27,11,4,42
2024-03-18 20:10:00,18,17,7,42
2024-03-18 20:20:00,23,9,4,36
2024-03-18 20:30:00,9,7,1,17
2024-03-18 20:40:00,16,7,3,26
2024-03-18 20:50:00,18,11,6,35
2024-03-18 21:00:00,13,1,2,16
2024-03-18 21:10:00,7,9,6,22
2024-03-18 21:20:00,14,4,5,23
2024-03-18 21:30:00,17,17,0,34
2024-03-18 21:40:00,15,6,3,24
2024-03-18 21:50:00,9,2,1,12
2024-03-18 22:00:00,12,6,2,20
2024-03-18 22:10:00,5,3,5,13
2024-03-18 22:20:00,12,0,2,14
2024-03-18 22:30:00,13,4,0,17
2024-03-18 22:40:00,6,2,3,11
2024-03-18 22:50:00,13,2,0,15
2024-03-18 23:00:00,7,7,4,18
2024-03-18 23:10:00,12,1,2,15
2024-03-18 23:20:00,8,2,0,10
2024-03-18 23:30:00,2,1,2,5
2024-03-18 23:40:00,1,1,1,3
2024-03-18 23:50:00,1,1,4,6
2024-03-19 00:00:00,3,1,0,4
2024-03-19 00:10:00,8,2,3,13
2024-03-19 00:20:00,1,0,0,1
2024-03-19 00:30:00,1,3,0,4
2024-03-19 00:40:00,1,2,1,4
2024-03-19 00:50:00,0,0,0,0
2024-03-19 01:00:00,3,1,0,4
2024-03-19 01:10:00,3,0,0,3
2024-03-19 01:20:00,2,1,0,3
2024-03-19 01:30:00,0,0,0,0
2024-03-19 01:40:00,0,0,0,0
2024-03-19 01:50:00,0,0,0,0
2024-03-19 02:00:00,0,0,0,0
2024-03-19 02:10:00,1,0,0,1
2024-03-19 02:20:00,0,1,5,6
2024-03-19 02:30:00,1,0,0,1
2024-03-19 02:40:00,0,0,2,2
2024-03-19 02:50:00,0,1,1,2
2024-03-19 03:00:00,0,0,0,0
2024-03-19 03:10:00,0,0,1,1
2024-03-19 03:20:00,1,0,0,1
2024-03-19 03:30:00,0,1,0,1
2024-03-19 03:40:00,2,0,1,3
2024-03-19 03:50:00,3,2,1,6
2024-03-19 04:00:00,0,0,0,0
2024-03-19 04:10:00,1,0,0,1
2024-03-19 04:20:00,0,1,0,1
2024-03-19 04:30:00,1,0,1,2
2024-03-19 04:40:00,2,1,2,5
2024-03-19 04:50:00,0,2,2,4
2024-03-19 05:00:00,3,0,1,4
2024-03-19 05:10:00,4,0,0,4
2024-03-19 05:20:00,3,4,1,8
2024-03-19 05:30:00,6,1,3,10
2024-03-19 05:40:00,4,4,1,9
2024-03-19 05:50:00,5,5,3,13
2024-03-19 06:00:00,6,3,6,15
2024-03-19 06:10:00,8,4,5,17
2024-03-19 06:20:00,8,12,4,24
2024-03-19 06:30:00,14,8,7,29
2024-03-19 06:40:00,10,17,9,36
2024-03-19 06:50:00,30,8,8,46
2024-03-19 07:00:00,27,8,7,42
2024-03-19 07:10:00,32,19,10,61
2024-03-19 07:20:00,33,19,7,59
2024-03-19 07:30:00,26,24,10,60
2024-03-19 07:40:00,34,35,12,81
2024-03-19 07:50:00,44,26,16,86
2024-03-19 08:00:00,42,27,12,81
2024-03-19 08:10:00,40,17,12,69
2024-03-19 08:20:00,30,24,11,65
2024-03-19 08:30:00,22,20,15,57
2024-03-19 08:40:00,35,17,8,60
2024-03-19 08:50:00,36,17,11,64
2024-03-19 09:00:00,37,20,12,69
2024-03-19 09:10:00,25,22,10,57
2024-03-19 09:20:00,34,18,8,60
2024-03-19 09:30:00,23,11,6,40
2024-03-19 09:40:00,23,7,9,39
2024-03-19 09:50:00,35,20,7,62
2024-03-19 10:00:00,24,16,6,46
2024-03-19 10:10:00,25,15,10,50
2024-03-19 10:20:00,30,14,10,54
2024-03-19 10:30:00,26,15,5,46
2024-03-19 10:40:00,22,19,15,56
2024-03-19 10:50:00,16,12,4,32
2024-03-19 11:00:00,27,17,6,50
2024-03-19 11:10:00,34,8,14,56
2024-03-19 11:20:00,20,18,7,45
2024-03-19 11:30:00,30,15,6,51
2024-03-19 11:40:00,21,14,7,42
2024-03-19 11:50:00,28,20,11,59
2024-03-19 12:00:00,32,19,6,57
2024-03-19 12:10:00,29,18,5,52
2024-03-19 12:20:00,26,22,8,56
2024-03-19 12:30:00,21,18,7,46
2024-03-19 12:40:00,33,20,10,63
2024-03-19 12:50:00,29,12,9,50
2024-03-19 13:00:00,26,11,5,42
2024-03-19 13:10:00,29,13,11,53
2024-03-19 13:20:00,36,17,7,60
2024-03-19 13:30:00,28,17,10,55
2024-03-19 13:40:00,22,17,18,57
2024-03-19 13:50:00,32,18,5,55
2024-03-19 14:00:00,32,24,6,62
2024-03-19 14:10:00,32,16,9,57
2024-03-19 14:20:00,37,11,5,53
2024-03-19 14:30:00,33,23,11,67
2024-03-19 14:40:00,32,34,14,80
2024-03-19 14:50:00,23,21,10,54
2024-03-19 15:00:00,30,28,8,66
2024-03-19 15:10:00,29,12,13,54
2024-03-19 15:20:00,34,20,5,59
2024-03-19 15:30:00,36,23,3,62
2024-03-19 15:40:00,42,34,10,86
2024-03-19 15:50:00,22,31,14,67
2024-03-19 16:00:00,29,34,13,76
2024-03-19 16:10:00,31,29,10,70
2024-03-19 16:20:00,36,23,7,66
2024-03-19 16:30:00,46,31,13,90
2024-03-19 16:40:00,41,35,12,88
2024-03-19 16:50:00,42,24,5,71
2024-03-19 17:00:00,40,34,9,83
2024-03-19 17:10:00,38,21,6,65
2024-03-19 17:20:00,22,24,14,60
2024-03-19 17:30:00,35,32,12,79
2024-03-19 17:40:00,40,41,8,89
2024-03-19 17:50:00,30,21,6,57
2024-03-19 18:00:00,32,32,6,70
2024-03-19 18:10:00,23,23,16,62
2024-03-19 18:20:00,32,23,9,64
2024-03-19 18:30:00,34,25,15,74
2024-03-19 18:40:00,24,21,9,54
2024-03-19 18:50:00,29,19,5,53
2024-03-19 19:00:00,25,15,4,44
2024-03-19 19:10:00,27,22,8,57
2024-03-19 19:20:00,29,10,11,50
2024-03-19 19:30:00,19,13,11,43
2024-03-19 19:40:00,12,11,7,30
2024-03-19 19:50:00,14,11,6,31
2024-03-19 20:00:00,15,8,7,30
2024-03-19 20:10:00,19,4,7,30
2024-03-19 20:20:00,18,11,6,35
2024-03-19 20:30:00,10,6,3,19
2024-03-19 20:40:00,23,7,3,33
2024-03-19 20:50:00,15,9,2,26
2024-03-19 21:00:00,10,5,4,19
2024-03-19 21:10:00,18,11,4,33
2024-03-19 21:20:00,11,4,1,16
2024-03-19 21:30:00,15,6,2,23
2024-03-19 21:40:00,13,4,4,21
2024-03-19 21:50:00,8,8,6,22
2024-03-19 22:00:00,3,6,3,12
2024-03-19 22:10:00,8,8,6,22
2024-03-19 22:20:00,16,13,3,32
2024-03-19 22:30:00,6,5,4,15
2024-03-19 22:40:00,12,10,3,25
2024-03-19 22:50:00,13,4,1,18
2024-03-19 23:00:00,5,2,2,9
2024-03-19 23:10:00,4,1,1,6
2024-03-19 23:20:00,5,1,1,7
2024-03-19 23:30:00,4,1,0,5
2024-03-19 23:40:00,5,1,1,7
2024-03-19 23:50:00,6,1,2,9
2024-03-20 00:00:00,3,2,0,5
2024-03-20 00:10:00,1,1,1,3
2024-03-20 00:20:00,4,1,2,7
2024-03-20 00:30:00,5,1,0,6
2024-03-20 00:40:00,2,0,2,4
2024-03-20 00:50:00,1,0,2,3
2024-03-20 01:00:00,1,0,1,2
2024-03-20 01:10:00,2,0,1,3
2024-03-20 01:20:00,3,1,0,4
2024-03-20 01:30:00,1,0,0,1
2024-03-20 01:40:00,1,0,1,2
2024-03-20 01:50:00,0,0,0,0
2024-03-20 02:00:00,0,0,0,0
2024-03-20 02:10:00,2,1,2,5
2024-03-20 02:20:00,0,0,0,0
2024-03-20 02:30:00,0,0,0,0
2024-03-20 02:40:00,0,0,2,2
2024-03-20 02:50:00,0,0,0,0
2024-03-20 03:00:00,1,0,0,1
2024-03-20 03:10:00,1,1,2,4
2024-03-20 03:20:00,0,1,0,1
2024-03-20 03:30:00,0,0,0,0
2024-03-20 03:40:00,2,0,1,3
2024-03-20 03:50:00,0,0,1,1
2024-03-20 04:00:00,2,1,0,3
2024-03-20 04:10:00,0,0,0,0
2024-03-20 04:20:00,1,0,0,1
2024-03-20 04:30:00,0,1,1,2
2024-03-20 04:40:00,0,1,0,1
2024-03-20 04:50:00,0,1,3,4
2024-03-20 05:00:00,3,3,1,7
2024-03-20 05:10:00,2,2,3,7
2024-03-20 05:20:00,5,0,1,6
2024-03-20 05:30:00,1,2,6,9
2024-03-20 05:40:00,7,3,1,11
2024-03-20 05:50:00,5,5,6,16
2024-03-20 06:00:00,12,1,1,14
2024-03-20 06:10:00,11,6,2,19
2024-03-20 06:20:00,11,8,9,28
2024-03-20 06:30:00,14,5,9,28
2024-03-20 06:40:00,21,14,7,42
2024-03-20 06:50:00,16,9,5,30
2024-03-20 07:00:00,20,11,11,42
2024-03-20 07:10:00,29,13,9,51
2024-03-20 07:20:00,38,25,10,73
2024-03-20 07:30:00,35,28,18,81
2024-03-20 07:40:00,36,29,13,78
2024-03-20 07:50:00,39,24,9,72
2024-03-20 08:00:00,36,24,11,71
2024-03-20 08:10:00,49,21,9,79
2024-03-20 08:20:00,47,12,13,72
2024-03-20 08:30:00,38,18,8,64
2024-03-20 08:40:00,45,30,10,85
2024-03-20 08:50:00,40,26,14,80
2024-03-20 09:00:00,51,11,13,75
2024-03-20 09:10:00,37,12,9,58
2024-03-20 09:20:00,26,14,9,49
2024-03-20 09:30:00,26,14,7,47
2024-03-20 09:40:00,23,12,11,46
2024-03-20 09:50:00,29,14,15,58
2024-03-20 10:00:00,27,20,11,58
2024-03-20 10:10:00,31,14,7,52
2024-03-20 10:20:00,33,12,9,54
2024-03-20 10:30:00,24,15,14,53
2024-03-20 10:40:00,25,23,11,59
2024-03-20 10:50:00,20,19,8,47
2024-03-20 11:00:00,28,22,7,57
2024-03-20 11:10:00,27,19,8,54
2024-03-20 11:20:00,32,14,6,52
2024-03-20 11:30:00,22,11,6,39
2024-03-20 11:40:00,26,16,8,50
2024-03-20 11:50:00,31,14,10,55
2024-03-20 12:00:00,28,11,6,45
2024-03-20 12:10:00,20,19,3,42
2024-03-20 12:20:00,27,18,9,54
2024-03-20 12:30:00,31,20,7,58
2024-03-20 12:40:00,25,20,8,53
2024-03-20 12:50:00,28,22,7,57
2024-03-20 13:00:00,30,22,6,58
2024-03-20 13:10:00,33,16,8,57
2024-03-20 13:20:00,46,12,9,67
2024-03-20 13:30:00,19,18,13,50
2024-03-20 13:40:00,31,19,9,59
2024-03-20 13:50:00,25,19,3,47
2024-03-20 14:00:00,32,23,8,63
2024-03-20 14:10:00,35,17,4,56
2024-03-20 14:20:00,30,20,8,58
2024-03-20 14:30:00,31,14,11,56
2024-03-20 14:40:00,26,22,10,58
2024-03-20 14:50:00,31,21,9,61
2024-03-20 15:00:00,24,14,9,47
2024-03-20 15:10:00,34,20,7,61
2024-03-20 15:20:00,40,25,11,76
2024-03-20 15:30:00,39,29,6,74
2024-03-20 15:40:00,38,32,12,82
2024-03-20 15:50:00,34,26,12,72
2024-03-20 16:00:00,40,22,7,69
2024-03-20 16:10:00,28,31,12,71
2024-03-20 16:20:00,27,29,7,63
2024-03-20 16:30:00,32,40,7,79
2024-03-20 16:40:00,36,31,8,75
2024-03-20 16:50:00,38,29,6,73
2024-03-20 17:00:00,41,39,15,95
2024-03-20 17:10:00,40,33,13,86
2024-03-20 17:20:00,34,23,14,71
2024-03-20 17:30:00,29,33,9,71
2024-03-20 17:40:00,29,27,12,68
2024-03-20 17:50:00,37,32,6,75
2024-03-20 18:00:00,32,21,10,63
2024-03-20 18:10:00,29,23,7,59
2024-03-20 18:20:00,34,24,5,63
2024-03-20 18:30:00,42,24,9,75
2024-03-20 18:40:00,30,24,11,65
2024-03-20 18:50:00,29,18,8,55
2024-03-20 19:00:00,25,13,13,51
2024-03-20 19:10:00,18,15,4,37
2024-03-20 19:20:00,23,9,8,40
2024-03-20 19:30:00,19,14,4,37
2024-03-20 19:40:00,16,15,6,37
2024-03-20 19:50:00,19,17,6,42
2024-03-20 20:00:00,17,11,7,35
2024-03-20 20:10:00,25,13,6,44
2024-03-20 20:20:00,20,7,5,32
2024-03-20 20:30:00,24,8,3,35
2024-03-20 20:40:00,17,11,5,33
2024-03-20 20:50:00,9,10,8,27
2024-03-20 21:00:00,18,13,1,32
2024-03-20 21:10:00,21,10,4,35
2024-03-20 21:20:00,15,18,4,37
2024-03-20 21:30:00,9,14,5,28
2024-03-20 21:40:00,17,8,5,30
2024-03-20 21:50:00,16,5,3,24
2024-03-20 22:00:00,10,7,6,23
2024-03-20 22:10:00,10,10,3,23
2024-03-20 22:20:00,10,9,1,20
2024-03-20 22:30:00,8,3,2,13
2024-03-20 22:40:00,13,7,2,22
2024-03-20 22:50:00,5,7,1,13
2024-03-20 23:00:00,10,6,2,18
2024-03-20 23:10:00,7,1,1,9
2024-03-20 23:20:00,7,1,1,9
2024-03-20 23:30:00,2,2,1,5
2024-03-20 23:40:00,6,1,0,7
2024-03-20 23:50:00,2,1,1,4
2024-03-21 00:00:00,3,1,3,7
2024-03-21 00:10:00,1,1,0,2
2024-03-21 00:20:00,0,0,2,2
2024-03-21 00:30:00,0,3,1,4
2024-03-21 00:40:00,2,0,0,2
2024-03-21 00:50:00,1,0,0,1
2024-03-21 01:00:00,3,0,1,4
2024-03-21 01:10:00,0,1,0,1
2024-03-21 01:20:00,1,0,0,1
2024-03-21 01:30:00,1,0,0,1
2024-03-21 01:40:00,2,2,1,5
2024-03-21 01:50:00,1,1,0,2
2024-03-21 02:00:00,0,0,0,0
2024-03-21 02:10:00,1,0,0,1
2024-03-21 02:20:00,2,1,2,5
2024-03-21 02:30:00,0,0,0,0
2024-03-21 02:40:00,0,0,1,1
2024-03-21 02:50:00,1,0,2,3
2024-03-21 03:00:00,1,0,0,1
2024-03-21 03:10:00,0,0,0,0
2024-03-21 03:20:00,0,0,0,0
2024-03-21 03:30:00,0,0,0,0
2024-03-21 03:40:00,1,1,0,2
2024-03-21 03:50:00,1,1,2,4
2024-03-21 04:00:00,1,1,1,3
2024-03-21 04:10:00,1,0,0,1
2024-03-21 04:20:00,1,0,0,1
2024-03-21 04:30:00,1,0,0,1
2024-03-21 04:40:00,0,1,2,3
2024-03-21 04:50:00,1,2,1,4
2024-03-21 05:00:00,2,3,1,6
2024-03-21 05:10:00,2,2,0,4
2024-03-21 05:20:00,3,1,1,5
2024-03-21 05:30:00,2,2,2,6
2024-03-21 05:40:00,5,4,1,10
2024-03-21 05:50:00,2,3,5,10
2024-03-21 06:00:00,8,2,0,10
2024-03-21 06:10:00,12,2,1,15
2024-03-21 06:20:00,13,8,7,28
2024-03-21 06:30:00,16,5,7,28
2024-03-21 06:40:00,16,6,4,26
2024-03-21 06:50:00,19,11,4,34
2024-03-21 07:00:00,19,17,9,45
2024-03-21 07:10:00,42,13,9,64
2024-03-21 07:20:00,30,19,7,56
2024-03-21 07:30:00,41,24,20,85
2024-03-21 07:40:00,30,35,20,85
2024-03-21 07:50:00,39,26,15,80
2024-03-21 08:00:00,44,22,13,79
2024-03-21 08:10:00,43,23,15,81
2024-03-21 08:20:00,41,32,12,85
2024-03-21 08:30:00,34,20,10,64
2024-03-21 08:40:00,38,24,18,80
2024-03-21 08:50:00,34,11,8,53
2024-03-21 09:00:00,32,16,13,61
2024-03-21 09:10:00,33,12,8,53
2024-03-21 09:20:00,22,17,16,55
2024-03-21 09:30:00,26,16,6,48
2024-03-21 09:40:00,35,19,13,67
2024-03-21 09:50:00,20,19,12,51
2024-03-21 10:00:00,28,15,3,46
2024-03-21 10:10:00,23,15,7,45
2024-03-21 10:20:00,32,14,5,51
2024-03-21 10:30:00,32,18,14,64
2024-03-21 10:40:00,26,18,6,50
2024-03-21 10:50:00,28,17,7,52
2024-03-21 11:00:00,25,7,6,38
2024-03-21 11:10:00,19,17,8,44
2024-03-21 11:20:00,25,16,11,52
2024-03-21 11:30:00,35,20,17,72
2024-03-21 11:40:00,32,17,9,58
2024-03-21 11:50:00,33,18,5,56
2024-03-21 12:00:00,34,24,8,66
2024-03-21 12:10:00,27,23,4,54
2024-03-21 12:20:00,39,18,5,62
2024-03-21 12:30:00,20,8,10,38
2024-03-21 12:40:00,30,14,4,48
2024-03-21 12:50:00,23,22,9,54
2024-03-21 13:00:00,33,18,9,60
2024-03-21 13:10:00,55,11,6,72
2024-03-21 13:20:00,39,18,12,69
2024-03-21 13:30:00,33,13,9,55
2024-03-21 13:40:00,36,15,3,54
2024-03-21 13:50:00,30,22,6,58
2024-03-21 14:00:00,25,17,5,47
2024-03-21 14:10:00,31,18,10,59
2024-03-21 14:20:00,37,20,9,66
2024-03-21 14:30:00,44,29,10,83
2024-03-21 14:40:00,36,24,12,72
2024-03-21 14:50:00,45,30,17,92
2024-03-21 15:00:00,24,23,10,57
2024-03-21 15:10:00,36,17,9,62
2024-03-21 15:20:00,38,24,14,76
2024-03-21 15:30:00,26,28,14,68
2024-03-21 15:40:00,48,28,10,86
2024-03-21 15:50:00,37,25,11,73
2024-03-21 16:00:00,40,18,12,70
2024-03-21 16:10:00,38,30,9,77
2024-03-21 16:20:00,35,33,10,78
2024-03-21 16:30:00,50,24,8,82
2024-03-21 16:40:00,42,25,12,79
2024-03-21 16:50:00,34,26,8,68
2024-03-21 17:00:00,38,40,8,86
2024-03-21 17:10:00,33,35,12,80
2024-03-21 17:20:00,22,46,13,81
2024-03-21 17:30:00,41,27,8,76
2024-03-21 17:40:00,34,27,15,76
2024-03-21 17:50:00,33,24,10,67
2024-03-21 18:00:00,32,21,14,67
2024-03-21 18:10:00,35,23,6,64
2024-03-21 18:20:00,36,30,7,73
2024-03-21 18:30:00,50,20,9,79
2024-03-21 18:40:00,26,29,10,65
2024-03-21 18:50:00,30,18,11,59
2024-03-21 19:00:00,32,15,6,53
2024-03-21 19:10:00,24,22,8,54
2024-03-21 19:20:00,14,9,8,31
2024-03-21 19:30:00,17,12,7,36
2024-03-21 19:40:00,27,13,7,47
2024-03-21 19:50:00,23,17,5,45
2024-03-21 20:00:00,12,8,9,29
2024-03-21 20:10:00,21,5,5,31
2024-03-21 20:20:00,15,7,3,25
2024-03-21 20:30:00,12,8,3,23
2024-03-21 20:40:00,19,7,6,32
2024-03-21 20:50:00,14,9,4,27
2024-03-21 21:00:00,11,8,2,21
2024-03-21 21:10:00,16,8,5,29
2024-03-21 21:20:00,17,10,4,31
2024-03-21 21:30:00,14,10,3,27
2024-03-21 21:40:00,15,9,0,24
2024-03-21 21:50:00,8,10,5,23
2024-03-21 22:00:00,7,8,6,21
2024-03-21 22:10:00,9,4,2,15
2024-03-21 22:20:00,15,10,5,30
2024-03-21 22:30:00,14,7,3,24
2024-03-21 22:40:00,10,4,3,17
2024-03-21 22:50:00,9,4,3,16
2024-03-21 23:00:00,5,7,1,13
2024-03-21 23:10:00,9,4,2,15
2024-03-21 23:20:00,10,3,0,13
2024-03-21 23:30:00,5,3,1,9
2024-03-21 23:40:00,4,5,2,11
2024-03-21 23:50:00,4,2,1,7
2024-03-22 00:00:00,6,1,1,8
2024-03-22 00:10:00,2,2,4,8
2024-03-22 00:20:00,4,4,2,10
2024-03-22 00:30:00,1,2,0,3
2024-03-22 00:40:00,1,0,0,1
2024-03-22 00:50:00,1,1,0,2
2024-03-22 01:00:00,0,0,3,3
2024-03-22 01:10:00,2,0,1,3
2024-03-22 01:20:00,2,0,2,4
2024-03-22 01:30:00,2,2,1,5
2024-03-22 01:40:00,0,0,0,0
2024-03-22 01:50:00,1,0,0,1
2024-03-22 02:00:00,3,1,0,4
2024-03-22 02:10:00,1,0,0,1
2024-03-22 02:20:00,0,0,0,0
2024-03-22 02:30:00,2,1,1,4
2024-03-22 02:40:00,1,0,2,3
2024-03-22 02:50:00,0,0,0,0
2024-03-22 03:00:00,0,0,0,0
2024-03-22 03:10:00,1,0,0,1
2024-03-22 03:20:00,0,0,0,0
2024-03-22 03:30:00,0,0,0,0
2024-03-22 03:40:00,1,1,0,2
2024-03-22 03:50:00,2,1,1,4
2024-03-22 04:00:00,2,0,1,3
2024-03-22 04:10:00,2,0,1,3
2024-03-22 04:20:00,0,0,1,1
2024-03-22 04:30:00,2,0,0,2
2024-03-22 04:40:00,0,1,1,2
2024-03-22 04:50:00,0,1,0,1
2024-03-22 05:00:00,2,1,2,5
2024-03-22 05:10:00,1,0,4,5
2024-03-22 05:20:00,3,1,0,4
2024-03-22 05:30:00,4,6,2,12
2024-03-22 05:40:00,2,3,1,6
2024-03-22 05:50:00,5,3,1,9
2024-03-22 06:00:00,5,3,2,10
2024-03-22 06:10:00,14,3,4,21
2024-03-22 06:20:00,10,8,4,22
2024-03-22 06:30:00,14,5,7,26
2024-03-22 06:40:00,10,11,4,25
2024-03-22 06:50:00,14,6,5,25
2024-03-22 07:00:00,20,11,7,38
2024-03-22 07:10:00,22,14,11,47
2024-03-22 07:20:00,25,26,8,59
2024-03-22 07:30:00,31,25,16,72
2024-03-22 07:40:00,40,34,14,88
2024-03-22 07:50:00,43,26,12,81
2024-03-22 08:00:00,36,22,10,68
2024-03-22 08:10:00,26,20,7,53
2024-03-22 08:20:00,37,18,7,62
2024-03-22 08:30:00,24,17,7,48
2024-03-22 08:40:00,32,24,14,70
2024-03-22 08:50:00,32,18,9,59
2024-03-22 09:00:00,31,11,12,54
2024-03-22 09:10:00,21,21,10,52
2024-03-22 09:20:00,25,16,9,50
2024-03-22 09:30:00,22,16,7,45
2024-03-22 09:40:00,22,19,6,47
2024-03-22 09:50:00,28,23,5,56
2024-03-22 10:00:00,26,11,10,47
2024-03-22 10:10:00,16,29,13,58
2024-03-22 10:20:00,30,20,11,61
2024-03-22 10:30:00,32,16,6,54
2024-03-22 10:40:00,45,20,12,77
2024-03-22 10:50:00,34,20,9,63
2024-03-22 11:00:00,30,17,10,57
2024-03-22 11:10:00,26,19,5,50
2024-03-22 11:20:00,22,19,9,50
2024-03-22 11:30:00,25,13,12,50
2024-03-22 11:40:00,27,20,11,58
2024-03-22 11:50:00,32,17,14,63
2024-03-22 12:00:00,31,18,11,60
2024-03-22 12:10:00,25,13,13,51
2024-03-22 12:20:00,31,15,4,50
2024-03-22 12:30:00,26,18,13,57
2024-03-22 12:40:00,25,24,14,63
2024-03-22 12:50:00,19,10,10,39
2024-03-22 13:00:00,21,29,10,60
2024-03-22 13:10:00,34,20,11,65
2024-03-22 13:20:00,22,19,5,46
2024-03-22 13:30:00,27,24,6,57
2024-03-22 13:40:00,34,23,13,70
2024-03-22 13:50:00,24,25,8,57
2024-03-22 14:00:00,16,24,8,48
2024-03-22 14:10:00,32,19,9,60
2024-03-22 14:20:00,27,19,10,56
2024-03-22 14:30:00,30,31,10,71
2024-03-22 14:40:00,20,24,8,52
2024-03-22 14:50:00,25,26,12,63
2024-03-22 15:00:00,31,21,9,61
2024-03-22 15:10:00,25,30,12,67
2024-03-22 15:20:00,36,26,12,74
2024-03-22 15:30:00,24,18,7,49
2024-03-22 15:40:00,20,23,7,50
2024-03-22 15:50:00,30,29,14,73
2024-03-22 16:00:00,30,23,10,63
2024-03-22 16:10:00,20,28,11,59
2024-03-22 16:20:00,26,15,10,51
2024-03-22 16:30:00,26,22,6,54
2024-03-22 16:40:00,24,22,9,55
2024-03-22 16:50:00,31,21,11,63
2024-03-22 17:00:00,29,34,13,76
2024-03-22 17:10:00,19,26,6,51
2024-03-22 17:20:00,15,21,18,54
2024-03-22 17:30:00,23,18,10,51
2024-03-22 17:40:00,25,20,4,49
2024-03-22 17:50:00,32,26,10,68
2024-03-22 18:00:00,26,19,10,55
2024-03-22 18:10:00,26,15,8,49
2024-03-22 18:20:00,33,34,8,75
2024-03-22 18:30:00,18,7,8,33
2024-03-22 18:40:00,10,9,2,21
2024-03-22 18:50:00,7,7,5,19
2024-03-22 19:00:00,19,9,8,36
2024-03-22 19:10:00,20,13,1,34
2024-03-22 19:20:00,24,15,5,44
2024-03-22 19:30:00,23,15,4,42
2024-03-22 19:40:00,19,12,7,38
2024-03-22 19:50:00,15,16,11,42
2024-03-22 20:00:00,18,11,3,32
2024-03-22 20:10:00,19,13,6,38
2024-03-22 20:20:00,19,19,5,43
2024-03-22 20:30:00,10,9,5,24
2024-03-22 20:40:00,11,11,3,25
2024-03-22 20:50:00,14,6,8,28
2024-03-22 21:00:00,15,7,1,23
2024-03-22 21:10:00,13,5,4,22
2024-03-22 21:20:00,9,6,3,18
2024-03-22 21:30:00,7,8,1,16
2024-03-22 21:40:00,9,7,5,21
2024-03-22 21:50:00,14,10,3,27
2024-03-22 22:00:00,10,8,3,21
2024-03-22 22:10:00,13,4,6,23
2024-03-22 22:20:00,8,5,8,21
2024-03-22 22:30:00,9,6,6,21
2024-03-22 22:40:00,11,5,7,23
2024-03-22 22:50:00,17,2,5,24
2024-03-22 23:00:00,11,6,1,18
2024-03-22 23:10:00,12,7,2,21
2024-03-22 23:20:00,4,2,2,8
2024-03-22 23:30:00,9,3,1,13
2024-03-22 23:40:00,5,1,5,11
2024-03-22 23:50:00,11,4,3,18
2024-03-23 00:00:00,6,3,2,11
2024-03-23 00:10:00,2,1,1,4
2024-03-23 00:20:00,3,1,3,7
2024-03-23 00:30:00,8,2,1,11
2024-03-23 00:40:00,5,1,3,9
2024-03-23 00:50:00,6,1,2,9
2024-03-23 01:00:00,0,2,2,4
2024-03-23 01:10:00,5,4,1,10
2024-03-23 01:20:00,5,2,2,9
2024-03-23 01:30:00,2,0,1,3
2024-03-23 01:40:00,3,2,0,5
2024-03-23 01:50:00,4,1,1,6
2024-03-23 02:00:00,5,2,0,7
2024-03-23 02:10:00,3,1,1,5
2024-03-23 02:20:00,6,3,1,10
2024-03-23 02:30:00,3,0,3,6
2024-03-23 02:40:00,3,2,0,5
2024-03-23 02:50:00,3,0,2,5
2024-03-23 03:00:00,4,0,1,5
2024-03-23 03:10:00,1,0,0,1
2024-03-23 03:20:00,3,0,2,5
2024-03-23 03:30:00,3,4,1,8
2024-03-23 03:40:00,0,0,0,0
2024-03-23 03:50:00,3,0,0,3
2024-03-23 04:00:00,3,0,0,3
2024-03-23 04:10:00,2,0,0,2
2024-03-23 04:20:00,3,0,0,3
2024-03-23 04:30:00,2,1,1,4
2024-03-23 04:40:00,1,2,2,5
2024-03-23 04:50:00,3,2,1,6
2024-03-23 05:00:00,5,1,0,6
2024-03-23 05:10:00,3,1,0,4
2024-03-23 05:20:00,2,0,1,3
2024-03-23 05:30:00,3,0,1,4
2024-03-23 05:40:00,4,0,2,6
2024-03-23 05:50:00,3,4,1,8
2024-03-23 06:00:00,5,1,2,8
2024-03-23 06:10:00,4,4,2,10
2024-03-23 06:20:00,3,5,1,9
2024-03-23 06:30:00,2,4,2,8
2024-03-23 06:40:00,1,6,3,10
2024-03-23 06:50:00,3,1,1,5
2024-03-23 07:00:00,3,1,3,7
2024-03-23 07:10:00,5,3,3,11
2024-03-23 07:20:00,5,2,1,8
2024-03-23 07:30:00,11,8,4,23
2024-03-23 07:40:00,4,4,6,14
2024-03-23 07:50:00,14,3,4,21
2024-03-23 08:00:00,12,5,3,20
2024-03-23 08:10:00,11,11,2,24
2024-03-23 08:20:00,12,7,6,25
2024-03-23 08:30:00,12,4,9,25
2024-03-23 08:40:00,12,10,8,30
2024-03-23 08:50:00,12,6,6,24
2024-03-23 09:00:00,13,4,5,22
2024-03-23 09:10:00,10,11,8,29
2024-03-23 09:20:00,21,14,9,44
2024-03-23 09:30:00,16,11,5,32
2024-03-23 09:40:00,15,13,10,38
2024-03-23 09:50:00,22,19,11,52
2024-03-23 10:00:00,17,18,7,42
2024-03-23 10:10:00,18,16,7,41
2024-03-23 10:20:00,16,15,9,40
2024-03-23 10:30:00,16,12,9,37
2024-03-23 10:40:00,16,6,6,28
2024-03-23 10:50:00,23,26,13,62
2024-03-23 11:00:00,18,15,6,39
2024-03-23 11:10:00,21,20,10,51
2024-03-23 11:20:00,25,18,10,53
2024-03-23 11:30:00,22,12,11,45
2024-03-23 11:40:00,23,14,5,42
2024-03-23 11:50:00,17,14,7,38
2024-03-23 12:00:00,24,15,13,52
2024-03-23 12:10:00,22,20,11,53
2024-03-23 12:20:00,20,13,10,43
2024-03-23 12:30:00,29,21,11,61
2024-03-23 12:40:00,23,24,4,51
2024-03-23 12:50:00,22,14,4,40
2024-03-23 13:00:00,14,24,10,48
2024-03-23 13:10:00,20,15,8,43
2024-03-23 13:20:00,18,18,9,45
2024-03-23 13:30:00,14,9,6,29
2024-03-23 13:40:00,23,14,6,43
2024-03-23 13:50:00,17,9,5,31
2024-03-23 14:00:00,27,15,5,47
2024-03-23 14:10:00,17,14,7,38
2024-03-23 14:20:00,23,19,5,47
2024-03-23 14:30:00,15,15,6,36
2024-03-23 14:40:00,16,9,7,32
2024-03-23 14:50:00,19,15,11,45
2024-03-23 15:00:00,22,16,5,43
2024-03-23 15:10:00,19,11,15,45
2024-03-23 15:20:00,13,9,6,28
2024-03-23 15:30:00,16,16,6,38
2024-03-23 15:40:00,20,11,7,38
2024-03-23 15:50:00,18,14,7,39
2024-03-23 16:00:00,18,17,6,41
2024-03-23 16:10:00,17,15,8,40
2024-03-23 16:20:00,25,20,9,54
2024-03-23 16:30:00,17,14,10,41
2024-03-23 16:40:00,20,12,8,40
2024-03-23 16:50:00,17,13,5,35
2024-03-23 17:00:00,23,14,9,46
2024-03-23 17:10:00,24,12,6,42
2024-03-23 17:20:00,16,9,6,31
2024-03-23 17:30:00,18,14,6,38
2024-03-23 17:40:00,16,17,6,39
2024-03-23 17:50:00,16,12,6,34
2024-03-23 18:00:00,25,9,11,45
2024-03-23 18:10:00,11,13,6,30
2024-03-23 18:20:00,13,17,10,40
2024-03-23 18:30:00,22,8,6,36
2024-03-23 18:40:00,15,9,11,35
2024-03-23 18:50:00,12,19,5,36
2024-03-23 19:00:00,14,12,4,30
2024-03-23 19:10:00,12,13,10,35
2024-03-23 19:20:00,12,7,3,22
2024-03-23 19:30:00,11,11,5,27
2024-03-23 19:40:00,11,11,2,24
2024-03-23 19:50:00,13,7,4,24
2024-03-23 20:00:00,8,13,8,29
2024-03-23 20:10:00,12,4,3,19
2024-03-23 20:20:00,11,5,9,25
2024-03-23 20:30:00,9,4,5,18
2024-03-23 20:40:00,7,5,3,15
2024-03-23 20:50:00,7,4,4,15
2024-03-23 21:00:00,3,4,0,7
2024-03-23 21:10:00,12,4,5,21
2024-03-23 21:20:00,11,2,1,14
2024-03-23 21:30:00,4,11,3,18
2024-03-23 21:40:00,9,7,3,19
2024-03-23 21:50:00,4,3,3,10
2024-03-23 22:00:00,10,3,5,18
2024-03-23 22:10:00,8,7,4,19
2024-03-23 22:20:00,15,8,5,28
2024-03-23 22:30:00,9,8,1,18
2024-03-23 22:40:00,8,5,2,15
2024-03-23 22:50:00,9,6,4,19
2024-03-23 23:00:00,11,5,3,19
2024-03-23 23:10:00,10,6,2,18
2024-03-23 23:20:00,6,7,2,15
2024-03-23 23:30:00,3,2,4,9
2024-03-23 23:40:00,12,5,8,25
2024-03-23 23:50:00,5,3,2,10
2024-03-24 00:00:00,7,5,0,12
2024-03-24 00:10:00,9,4,3,16
2024-03-24 00:20:00,8,5,2,15
2024-03-24 00:30:00,5,3,6,14
2024-03-24 00:40:00,3,4,2,9
2024-03-24 00:50:00,2,4,2,8
2024-03-24 01:00:00,3,3,0,6
2024-03-24 01:10:00,4,2,4,10
2024-03-24 01:20:00,3,1,1,5
2024-03-24 01:30:00,4,0,0,4
2024-03-24 01:40:00,6,1,0,7
2024-03-24 01:50:00,1,1,0,2
2024-03-24 02:00:00,1,1,0,2
2024-03-24 02:10:00,2,2,3,7
2024-03-24 02:20:00,2,0,1,3
2024-03-24 02:30:00,2,3,2,7
2024-03-24 02:40:00,2,0,0,2
2024-03-24 02:50:00,0,2,2,4
2024-03-24 03:00:00,2,3,1,6
2024-03-24 03:10:00,3,1,1,5
2024-03-24 03:20:00,2,0,0,2
2024-03-24 03:30:00,1,0,0,1
2024-03-24 03:40:00,2,1,0,3
2024-03-24 03:50:00,1,0,0,1
2024-03-24 04:00:00,1,0,0,1
2024-03-24 04:10:00,4,3,0,7
2024-03-24 04:20:00,0,0,0,0
2024-03-24 04:30:00,3,0,0,3
2024-03-24 04:40:00,1,2,0,3
2024-03-24 04:50:00,2,2,3,7
2024-03-24 05:00:00,3,2,1,6
2024-03-24 05:10:00,2,2,1,5
2024-03-24 05:20:00,1,0,0,1
2024-03-24 05:30:00,3,1,0,4
2024-03-24 05:40:00,4,0,0,4
2024-03-24 05:50:00,2,5,1,8
2024-03-24 06:00:00,1,2,0,3
2024-03-24 06:10:00,2,2,3,7
2024-03-24 06:20:00,1,0,0,1
2024-03-24 06:30:00,2,0,0,2
2024-03-24 06:40:00,1,0,2,3
2024-03-24 06:50:00,1,3,2,6
2024-03-24 07:00:00,3,2,0,5
2024-03-24 07:10:00,3,0,0,3
2024-03-24 07:20:00,1,2,1,4
2024-03-24 07:30:00,1,2,1,4
2024-03-24 07:40:00,3,2,2,7
2024-03-24 07:50:00,5,2,3,10
2024-03-24 08:00:00,3,2,0,5
2024-03-24 08:10:00,1,2,0,3
2024-03-24 08:20:00,1,2,1,4
2024-03-24 08:30:00,5,3,2,10
2024-03-24 08:40:00,6,3,4,13
2024-03-24 08:50:00,6,11,2,19
2024-03-24 09:00:00,7,1,3,11
2024-03-24 09:10:00,8,5,4,17
2024-03-24 09:20:00,8,6,1,15
2024-03-24 09:30:00,9,6,3,18
2024-03-24 09:40:00,6,5,2,13
2024-03-24 09:50:00,8,7,3,18
2024-03-24 10:00:00,10,5,3,18
2024-03-24 10:10:00,7,4,2,13
2024-03-24 10:20:00,7,3,2,12
2024-03-24 10:30:00,18,8,4,30
2024-03-24 10:40:00,14,10,1,25
2024-03-24 10:50:00,9,9,6,24
2024-03-24 11:00:00,18,5,2,25
2024-03-24 11:10:00,17,10,4,31
2024-03-24 11:20:00,13,12,6,31
2024-03-24 11:30:00,10,6,2,18
2024-03-24 11:40:00,12,11,9,32
2024-03-24 11:50:00,15,8,1,24
2024-03-24 12:00:00,15,8,3,26
2024-03-24 12:10:00,14,10,6,30
2024-03-24 12:20:00,12,12,5,29
2024-03-24 12:30:00,11,9,4,24
2024-03-24 12:40:00,11,10,1,22
2024-03-24 12:50:00,15,10,3,28
2024-03-24 13:00:00,8,18,3,29
2024-03-24 13:10:00,10,6,5,21
2024-03-24 13:20:00,20,10,4,34
2024-03-24 13:30:00,19,7,5,31
2024-03-24 13:40:00,18,7,6,31
2024-03-24 13:50:00,18,10,3,31
2024-03-24 14:00:00,17,11,6,34
2024-03-24 14:10:00,10,14,1,25
2024-03-24 14:20:00,14,12,5,31
2024-03-24 14:30:00,14,11,9,34
2024-03-24 14:40:00,12,17,1,30
2024-03-24 14:50:00,13,11,4,28
2024-03-24 15:00:00,12,12,7,31
2024-03-24 15:10:00,13,11,11,35
2024-03-24 15:20:00,14,10,2,26
2024-03-24 15:30:00,15,15,4,34
2024-03-24 15:40:00,14,13,7,34
2024-03-24 15:50:00,20,11,4,35
2024-03-24 16:00:00,15,7,6,28
2024-03-24 16:10:00,13,18,9,40
2024-03-24 16:20:00,13,9,3,25
2024-03-24 16:30:00,15,15,4,34
2024-03-24 16:40:00,10,7,6,23
2024-03-24 16:50:00,12,9,11,32
2024-03-24 17:00:00,12,7,7,26
2024-03-24 17:10:00,20,16,8,44
2024-03-24 17:20:00,17,10,12,39
2024-03-24 17:30:00,14,8,7,29
2024-03-24 17:40:00,17,6,9,32
2024-03-24 17:50:00,13,16,8,37
2024-03-24 18:00:00,17,8,8,33
2024-03-24 18:10:00,17,8,4,29
2024-03-24 18:20:00,16,11,4,31
2024-03-24 18:30:00,15,15,5,35
2024-03-24 18:40:00,12,11,7,30
2024-03-24 18:50:00,20,3,2,25
2024-03-24 19:00:00,10,1,2,13
2024-03-24 19:10:00,15,11,6,32
2024-03-24 19:20:00,9,10,0,19
2024-03-24 19:30:00,7,7,5,19
2024-03-24 19:40:00,15,15,3,33
2024-03-24 19:50:00,9,7,3,19
2024-03-24 20:00:00,7,17,8,32
2024-03-24 20:10:00,11,16,9,36
2024-03-24 20:20:00,14,6,7,27
2024-03-24 20:30:00,10,5,1,16
2024-03-24 20:40:00,13,10,3,26
2024-03-24 20:50:00,9,4,5,18
2024-03-24 21:00:00,11,5,7,23
2024-03-24 21:10:00,14,2,4,20
2024-03-24 21:20:00,8,5,2,15
2024-03-24 21:30:00,9,3,7,19
2024-03-24 21:40:00,4,6,2,12
2024-03-24 21:50:00,6,4,4,14
2024-03-24 22:00:00,8,10,3,21
2024-03-24 22:10:00,3,4,3,10
2024-03-24 22:20:00,7,7,5,19
2024-03-24 22:30:00,8,1,0,9
2024-03-24 22:40:00,2,1,1,4
2024-03-24 22:50:00,5,1,1,7
2024-03-24 23:00:00,4,1,4,9
2024-03-24 23:10:00,2,1,0,3
2024-03-24 23:20:00,5,2,1,8
2024-03-24 23:30:00,0,1,0,1
2024-03-24 23:40:00,3,1,1,5
2024-03-24 23:50:00,3,2,2,7
2024-03-25 00:00:00,0,0,2,2
2024-03-25 00:10:00,5,0,1,6
2024-03-25 00:20:00,1,0,3,4
2024-03-25 00:30:00,3,1,1,5
2024-03-25 00:40:00,0,1,1,2
2024-03-25 00:50:00,1,1,1,3
2024-03-25 01:00:00,0,0,1,1
2024-03-25 01:10:00,1,1,1,3
2024-03-25 01:20:00,0,0,0,0
2024-03-25 01:30:00,0,0,0,0
2024-03-25 01:40:00,0,0,0,0
2024-03-25 01:50:00,1,1,1,3
2024-03-25 02:00:00,0,1,0,1
2024-03-25 02:10:00,2,2,0,4
2024-03-25 02:20:00,0,0,0,0
2024-03-25 02:30:00,1,0,1,2
2024-03-25 02:40:00,1,0,0,1
2024-03-25 02:50:00,0,0,0,0
2024-03-25 03:00:00,2,0,1,3
2024-03-25 03:10:00,0,0,0,0
2024-03-25 03:20:00,0,0,0,0
2024-03-25 03:30:00,0,0,0,0
2024-03-25 03:40:00,1,0,1,2
2024-03-25 03:50:00,0,2,2,4
2024-03-25 04:00:00,0,0,1,1
2024-03-25 04:10:00,1,0,0,1
2024-03-25 04:20:00,0,1,0,1
2024-03-25 04:30:00,2,0,0,2
2024-03-25 04:40:00,1,0,0,1
2024-03-25 04:50:00,3,0,1,4
2024-03-25 05:00:00,2,0,2,4
2024-03-25 05:10:00,2,0,0,2
2024-03-25 05:20:00,2,2,1,5
2024-03-25 05:30:00,1,1,2,4
2024-03-25 05:40:00,5,4,4,13
2024-03-25 05:50:00,7,6,3,16
2024-03-25 06:00:00,6,0,2,8
2024-03-25 06:10:00,8,6,2,16
2024-03-25 06:20:00,6,4,2,12
2024-03-25 06:30:00,10,11,5,26
2024-03-25 06:40:00,10,11,5,26
2024-03-25 06:50:00,15,3,4,22
2024-03-25 07:00:00,15,8,5,28
2024-03-25 07:10:00,8,11,6,25
2024-03-25 07:20:00,24,12,6,42
2024-03-25 07:30:00,14,18,13,45
2024-03-25 07:40:00,18,16,13,47
2024-03-25 07:50:00,15,14,8,37
2024-03-25 08:00:00,24,12,9,45
2024-03-25 08:10:00,20,16,7,43
2024-03-25 08:20:00,23,14,12,49
2024-03-25 08:30:00,36,18,6,60
2024-03-25 08:40:00,30,13,9,52
2024-03-25 08:50:00,21,19,8,48
2024-03-25 09:00:00,23,14,9,46
2024-03-25 09:10:00,26,16,14,56
2024-03-25 09:20:00,13,13,9,35
2024-03-25 09:30:00,19,24,12,55
2024-03-25 09:40:00,19,14,9,42
2024-03-25 09:50:00,24,13,9,46
2024-03-25 10:00:00,27,14,9,50
2024-03-25 10:10:00,14,15,7,36
2024-03-25 10:20:00,22,11,11,44
2024-03-25 10:30:00,23,18,8,49
2024-03-25 10:40:00,19,19,9,47
2024-03-25 10:50:00,20,19,10,49
2024-03-25 11:00:00,20,10,7,37
2024-03-25 11:10:00,20,18,7,45
2024-03-25 11:20:00,24,6,3,33
2024-03-25 11:30:00,26,9,9,44
2024-03-25 11:40:00,19,15,10,44
2024-03-25 11:50:00,29,12,3,44
2024-03-25 12:00:00,22,9,6,37
2024-03-25 12:10:00,21,17,3,41
2024-03-25 12:20:00,18,13,9,40
2024-03-25 12:30:00,27,10,3,40
2024-03-25 12:40:00,21,19,10,50
2024-03-25 12:50:00,19,9,8,36
2024-03-25 13:00:00,19,13,9,41
2024-03-25 13:10:00,20,19,5,44
2024-03-25 13:20:00,20,16,12,48
2024-03-25 13:30:00,14,12,4,30
2024-03-25 13:40:00,24,22,9,55
2024-03-25 13:50:00,14,16,6,36
2024-03-25 14:00:00,20,18,4,42
2024-03-25 14:10:00,18,17,13,48
2024-03-25 14:20:00,30,19,7,56
2024-03-25 14:30:00,19,13,8,40
2024-03-25 14:40:00,15,18,8,41
2024-03-25 14:50:00,19,26,9,54
2024-03-25 15:00:00,23,23,11,57
2024-03-25 15:10:00,18,20,12,50
2024-03-25 15:20:00,18,20,9,47
2024-03-25 15:30:00,18,23,12,53
2024-03-25 15:40:00,33,23,13,69
2024-03-25 15:50:00,25,21,9,55
2024-03-25 16:00:00,30,21,11,62
2024-03-25 16:10:00,35,24,12,71
2024-03-25 16:20:00,23,32,3,58
2024-03-25 16:30:00,22,14,7,43
2024-03-25 16:40:00,37,20,9,66
2024-03-25 16:50:00,31,27,13,71
2024-03-25 17:00:00,19,19,11,49
2024-03-25 17:10:00,25,23,7,55
2024-03-25 17:20:00,19,14,8,41
2024-03-25 17:30:00,27,21,9,57
2024-03-25 17:40:00,30,25,11,66
2024-03-25 17:50:00,30,25,6,61
2024-03-25 18:00:00,25,24,10,59
2024-03-25 18:10:00,26,28,9,63
2024-03-25 18:20:00,23,17,8,48
2024-03-25 18:30:00,20,20,7,47
2024-03-25 18:40:00,16,16,5,37
2024-03-25 18:50:00,17,14,9,40
2024-03-25 19:00:00,20,9,3,32
2024-03-25 19:10:00,18,10,4,32
2024-03-25 19:20:00,16,10,9,35
2024-03-25 19:30:00,18,9,5,32
2024-03-25 19:40:00,17,8,5,30
2024-03-25 19:50:00,13,16,11,40
2024-03-25 20:00:00,4,10,4,18
2024-03-25 20:10:00,21,8,6,35
2024-03-25 20:20:00,11,8,4,23
2024-03-25 20:30:00,12,4,2,18
2024-03-25 20:40:00,11,11,0,22
2024-03-25 20:50:00,5,4,4,13
2024-03-25 21:00:00,6,5,2,13
2024-03-25 21:10:00,14,2,1,17
2024-03-25 21:20:00,6,8,1,15
2024-03-25 21:30:00,6,3,0,9
2024-03-25 21:40:00,8,6,0,14
2024-03-25 21:50:00,4,4,4,12
2024-03-25 22:00:00,7,5,3,15
2024-03-25 22:10:00,8,4,1,13
2024-03-25 22:20:00,5,4,1,10
2024-03-25 22:30:00,7,7,0,14
2024-03-25 22:40:00,7,2,1,10
2024-03-25 22:50:00,7,3,3,13
2024-03-25 23:00:00,3,3,2,8
2024-03-25 23:10:00,7,1,1,9
2024-03-25 23:20:00,1,5,1,7
2024-03-25 23:30:00,7,1,3,11
2024-03-25 23:40:00,6,1,0,7
2024-03-25 23:50:00,2,2,1,5
2024-03-26 00:00:00,0,0,1,1
2024-03-26 00:10:00,4,2,2,8
2024-03-26 00:20:00,0,0,1,1
2024-03-26 00:30:00,2,0,0,2
2024-03-26 00:40:00,4,0,0,4
2024-03-26 00:50:00,1,0,1,2
2024-03-26 01:00:00,0,0,2,2
2024-03-26 01:10:00,1,0,0,1
2024-03-26 01:20:00,3,0,1,4
2024-03-26 01:30:00,1,0,0,1
2024-03-26 01:40:00,0,1,0,1
2024-03-26 01:50:00,0,0,0,0
2024-03-26 02:00:00,2,0,0,2
2024-03-26 02:10:00,1,0,0,1
2024-03-26 02:20:00,0,0,0,0
2024-03-26 02:30:00,0,1,0,1
2024-03-26 02:40:00,0,0,1,1
2024-03-26 02:50:00,0,0,1,1
2024-03-26 03:00:00,1,1,1,3
2024-03-26 03:10:00,2,0,0,2
2024-03-26 03:20:00,0,1,0,1
2024-03-26 03:30:00,1,0,0,1
2024-03-26 03:40:00,2,1,1,4
2024-03-26 03:50:00,0,0,0,0
2024-03-26 04:00:00,0,1,0,1
2024-03-26 04:10:00,0,0,1,1
2024-03-26 04:20:00,1,1,0,2
2024-03-26 04:30:00,0,1,0,1
2024-03-26 04:40:00,1,0,1,2
2024-03-26 04:50:00,2,0,0,2
2024-03-26 05:00:00,1,0,1,2
2024-03-26 05:10:00,3,2,0,5
2024-03-26 05:20:00,2,1,1,4
2024-03-26 05:30:00,4,3,6,13
2024-03-26 05:40:00,2,3,0,5
2024-03-26 05:50:00,4,3,3,10
2024-03-26 06:00:00,6,0,0,6
2024-03-26 06:10:00,7,6,4,17
2024-03-26 06:20:00,5,5,6,16
2024-03-26 06:30:00,8,8,3,19
2024-03-26 06:40:00,9,11,7,27
2024-03-26 06:50:00,14,6,4,24
2024-03-26 07:00:00,13,7,5,25
2024-03-26 07:10:00,20,10,4,34
2024-03-26 07:20:00,24,12,9,45
2024-03-26 07:30:00,20,17,7,44
2024-03-26 07:40:00,17,17,15,49
2024-03-26 07:50:00,31,14,12,57
2024-03-26 08:00:00,25,21,7,53
2024-03-26 08:10:00,38,18,10,66
2024-03-26 08:20:00,28,13,9,50
2024-03-26 08:30:00,35,22,15,72
2024-03-26 08:40:00,30,30,10,70
2024-03-26 08:50:00,27,19,14,60
2024-03-26 09:00:00,18,17,12,47
2024-03-26 09:10:00,23,16,7,46
2024-03-26 09:20:00,20,10,7,37
2024-03-26 09:30:00,25,12,7,44
2024-03-26 09:40:00,18,13,12,43
2024-03-26 09:50:00,18,12,11,41
2024-03-26 10:00:00,20,18,8,46
2024-03-26 10:10:00,17,10,9,36
2024-03-26 10:20:00,20,16,9,45
2024-03-26 10:30:00,20,15,7,42
2024-03-26 10:40:00,12,18,14,44
2024-03-26 10:50:00,15,21,11,47
2024-03-26 11:00:00,21,11,5,37
2024-03-26 11:10:00,25,14,5,44
2024-03-26 11:20:00,13,20,11,44
2024-03-26 11:30:00,22,15,10,47
2024-03-26 11:40:00,24,17,13,54
2024-03-26 11:50:00,24,20,13,57
2024-03-26 12:00:00,23,27,8,58
2024-03-26 12:10:00,24,13,5,42
2024-03-26 12:20:00,26,14,9,49
2024-03-26 12:30:00,23,25,12,60
2024-03-26 12:40:00,30,13,6,49
2024-03-26 12:50:00,21,16,3,40
2024-03-26 13:00:00,22,11,6,39
2024-03-26 13:10:00,14,20,6,40
2024-03-26 13:20:00,27,13,11,51
2024-03-26 13:30:00,18,16,7,41
2024-03-26 13:40:00,24,14,6,44
2024-03-26 13:50:00,20,15,6,41
2024-03-26 14:00:00,20,24,10,54
2024-03-26 14:10:00,29,23,10,62
2024-03-26 14:20:00,30,19,5,54
2024-03-26 14:30:00,24,14,13,51
2024-03-26 14:40:00,27,18,9,54
2024-03-26 14:50:00,25,17,9,51
2024-03-26 15:00:00,24,13,5,42
2024-03-26 15:10:00,25,24,10,59
2024-03-26 15:20:00,25,37,10,72
2024-03-26 15:30:00,24,21,14,59
2024-03-26 15:40:00,28,24,14,66
2024-03-26 15:50:00,21,20,2,43
2024-03-26 16:00:00,20,24,9,53
2024-03-26 16:10:00,22,21,13,56
2024-03-26 16:20:00,20,19,10,49
2024-03-26 16:30:00,24,31,8,63
2024-03-26 16:40:00,38,11,8,57
2024-03-26 16:50:00,22,28,9,59
2024-03-26 17:00:00,27,22,11,60
2024-03-26 17:10:00,32,30,8,70
2024-03-26 17:20:00,25,21,13,59
2024-03-26 17:30:00,29,22,13,64
2024-03-26 17:40:00,26,24,10,60
2024-03-26 17:50:00,34,23,8,65
2024-03-26 18:00:00,24,23,9,56
2024-03-26 18:10:00,22,14,8,44
2024-03-26 18:20:00,25,24,6,55
2024-03-26 18:30:00,31,17,9,57
2024-03-26 18:40:00,31,16,9,56
2024-03-26 18:50:00,17,20,8,45
2024-03-26 19:00:00,12,9,6,27
2024-03-26 19:10:00,25,13,4,42
2024-03-26 19:20:00,17,13,5,35
2024-03-26 19:30:00,15,12,6,33
2024-03-26 19:40:00,16,13,7,36
2024-03-26 19:50:00,16,10,7,33
2024-03-26 20:00:00,15,10,6,31
2024-03-26 20:10:00,14,3,5,22
2024-03-26 20:20:00,6,6,9,21
2024-03-26 20:30:00,20,7,10,37
2024-03-26 20:40:00,12,9,4,25
2024-03-26 20:50:00,8,2,2,12
2024-03-26 21:00:00,9,2,4,15
2024-03-26 21:10:00,16,4,4,24
2024-03-26 21:20:00,14,10,6,30
2024-03-26 21:30:00,4,5,2,11
2024-03-26 21:40:00,9,2,1,12
2024-03-26 21:50:00,5,6,2,13
2024-03-26 22:00:00,4,6,2,12
2024-03-26 22:10:00,6,9,3,18
2024-03-26 22:20:00,6,3,4,13
2024-03-26 22:30:00,6,6,1,13
2024-03-26 22:40:00,3,5,1,9
2024-03-26 22:50:00,6,4,3,13
2024-03-26 23:00:00,6,3,1,10
2024-03-26 23:10:00,1,0,2,3
2024-03-26 23:20:00,4,3,1,8
2024-03-26 23:30:00,3,2,4,9
2024-03-26 23:40:00,1,0,1,2
2024-03-26 23:50:00,1,1,1,3
2024-03-27 00:00:00,2,1,2,5
2024-03-27 00:10:00,2,2,4,8
2024-03-27 00:20:00,2,0,1,3
2024-03-27 00:30:00,0,0,0,0
2024-03-27 00:40:00,2,0,0,2
2024-03-27 00:50:00,0,0,0,0
2024-03-27 01:00:00,0,0,0,0
2024-03-27 01:10:00,2,0,0,2
2024-03-27 01:20:00,1,0,0,1
2024-03-27 01:30:00,0,1,0,1
2024-03-27 01:40:00,1,1,0,2
2024-03-27 01:50:00,0,1,1,2
2024-03-27 02:00:00,0,0,1,1
2024-03-27 02:10:00,1,0,0,1
2024-03-27 02:20:00,1,0,0,1
2024-03-27 02:30:00,2,1,0,3
2024-03-27 02:40:00,0,0,1,1
2024-03-27 02:50:00,0,2,1,3
2024-03-27 03:00:00,1,0,0,1
2024-03-27 03:10:00,0,0,0,0
2024-03-27 03:20:00,0,0,0,0
2024-03-27 03:30:00,1,0,0,1
2024-03-27 03:40:00,1,0,0,1
2024-03-27 03:50:00,1,0,0,1
2024-03-27 04:00:00,0,2,0,2
2024-03-27 04:10:00,0,0,0,0
2024-03-27 04:20:00,2,1,0,3
2024-03-27 04:30:00,0,1,0,1
2024-03-27 04:40:00,1,0,0,1
2024-03-27 04:50:00,1,1,1,3
2024-03-27 05:00:00,2,0,3,5
2024-03-27 05:10:00,0,0,0,0
2024-03-27 05:20:00,1,0,2,3
2024-03-27 05:30:00,0,1,3,4
2024-03-27 05:40:00,2,2,3,7
2024-03-27 05:50:00,3,1,2,6
2024-03-27 06:00:00,7,3,2,12
2024-03-27 06:10:00,8,5,4,17
2024-03-27 06:20:00,7,8,4,19
2024-03-27 06:30:00,10,8,4,22
2024-03-27 06:40:00,11,6,5,22
2024-03-27 06:50:00,10,6,3,19
2024-03-27 07:00:00,14,11,7,32
2024-03-27 07:10:00,14,10,6,30
2024-03-27 07:20:00,24,21,12,57
2024-03-27 07:30:00,24,22,7,53
2024-03-27 07:40:00,20,16,10,46
2024-03-27 07:50:00,24,17,9,50
2024-03-27 08:00:00,28,15,8,51
2024-03-27 08:10:00,19,17,13,49
2024-03-27 08:20:00,28,15,8,51
2024-03-27 08:30:00,26,14,13,53
2024-03-27 08:40:00,32,25,14,71
2024-03-27 08:50:00,28,20,14,62
2024-03-27 09:00:00,33,11,8,52
2024-03-27 09:10:00,20,13,9,42
2024-03-27 09:20:00,24,16,9,49
2024-03-27 09:30:00,19,14,8,41
2024-03-27 09:40:00,23,14,13,50
2024-03-27 09:50:00,20,16,10,46
2024-03-27 10:00:00,22,18,6,46
2024-03-27 10:10:00,18,14,5,37
2024-03-27 10:20:00,24,15,9,48
2024-03-27 10:30:00,26,14,12,52
2024-03-27 10:40:00,21,26,7,54
2024-03-27 10:50:00,28,15,5,48
2024-03-27 11:00:00,18,18,5,41
2024-03-27 11:10:00,20,13,5,38
2024-03-27 11:20:00,18,24,9,51
2024-03-27 11:30:00,22,15,4,41
2024-03-27 11:40:00,19,18,7,44
2024-03-27 11:50:00,24,18,9,51
2024-03-27 12:00:00,16,19,2,37
2024-03-27 12:10:00,17,18,9,44
2024-03-27 12:20:00,26,14,11,51
2024-03-27 12:30:00,17,13,12,42
2024-03-27 12:40:00,19,17,6,42
2024-03-27 12:50:00,17,8,8,33
2024-03-27 13:00:00,18,11,9,38
2024-03-27 13:10:00,23,7,8,38
2024-03-27 13:20:00,22,22,4,48
2024-03-27 13:30:00,23,16,8,47
2024-03-27 13:40:00,19,15,13,47
2024-03-27 13:50:00,22,13,7,42
2024-03-27 14:00:00,28,22,8,58
2024-03-27 14:10:00,24,11,11,46
2024-03-27 14:20:00,27,15,8,50
2024-03-27 14:30:00,22,16,13,51
2024-03-27 14:40:00,22,22,7,51
2024-03-27 14:50:00,19,18,10,47
2024-03-27 15:00:00,25,13,13,51
2024-03-27 15:10:00,30,27,13,70
2024-03-27 15:20:00,20,19,9,48
2024-03-27 15:30:00,24,15,11,50
2024-03-27 15:40:00,24,26,6,56
2024-03-27 15:50:00,27,25,15,67
2024-03-27 16:00:00,22,18,12,52
2024-03-27 16:10:00,26,27,12,65
2024-03-27 16:20:00,20,23,7,50
2024-03-27 16:30:00,31,24,9,64
2024-03-27 16:40:00,22,15,7,44
2024-03-27 16:50:00,29,28,12,69
2024-03-27 17:00:00,27,28,4,59
2024-03-27 17:10:00,27,21,8,56
2024-03-27 17:20:00,18,27,6,51
2024-03-27 17:30:00,18,21,8,47
2024-03-27 17:40:00,29,27,14,70
2024-03-27 17:50:00,22,30,14,66
2024-03-27 18:00:00,26,29,10,65
2024-03-27 18:10:00,22,30,6,58
2024-03-27 18:20:00,25,18,8,51
2024-03-27 18:30:00,24,14,11,49
2024-03-27 18:40:00,19,26,7,52
2024-03-27 18:50:00,21,18,8,47
2024-03-27 19:00:00,21,16,9,46
2024-03-27 19:10:00,19,9,4,32
2024-03-27 19:20:00,23,14,5,42
2024-03-27 19:30:00,14,15,5,34
2024-03-27 19:40:00,14,14,5,33
2024-03-27 19:50:00,14,10,3,27
2024-03-27 20:00:00,20,12,6,38
2024-03-27 20:10:00,14,3,7,24
2024-03-27 20:20:00,12,9,3,24
2024-03-27 20:30:00,13,6,8,27
2024-03-27 20:40:00,13,9,5,27
2024-03-27 20:50:00,12,4,1,17
2024-03-27 21:00:00,5,3,2,10
2024-03-27 21:10:00,13,6,4,23
2024-03-27 21:20:00,9,8,2,19
2024-03-27 21:30:00,6,10,2,18
2024-03-27 21:40:00,10,4,2,16
2024-03-27 21:50:00,8,5,5,18
2024-03-27 22:00:00,7,5,3,15
2024-03-27 22:10:00,8,6,2,16
2024-03-27 22:20:00,6,7,2,15
2024-03-27 22:30:00,6,6,0,12
2024-03-27 22:40:00,6,4,1,11
2024-03-27 22:50:00,8,1,5,14
2024-03-27 23:00:00,6,5,1,12
2024-03-27 23:10:00,7,3,1,11
2024-03-27 23:20:00,0,5,1,6
2024-03-27 23:30:00,5,1,0,6
2024-03-27 23:40:00,6,3,0,9
2024-03-27 23:50:00,1,3,1,5
2024-03-28 00:00:00,1,2,1,4
2024-03-28 00:10:00,2,1,3,6
2024-03-28 00:20:00,1,0,2,3
2024-03-28 00:30:00,2,1,0,3
2024-03-28 00:40:00,4,2,0,6
2024-03-28 00:50:00,2,1,0,3
2024-03-28 01:00:00,2,0,0,2
2024-03-28 01:10:00,0,0,1,1
2024-03-28 01:20:00,0,0,0,0
2024-03-28 01:30:00,0,0,0,0
2024-03-28 01:40:00,1,1,0,2
2024-03-28 01:50:00,1,0,0,1
2024-03-28 02:00:00,1,0,0,1
2024-03-28 02:10:00,1,0,0,1
2024-03-28 02:20:00,0,0,1,1
2024-03-28 02:30:00,0,0,0,0
2024-03-28 02:40:00,0,0,0,0
2024-03-28 02:50:00,3,0,1,4
2024-03-28 03:00:00,3,1,1,5
2024-03-28 03:10:00,1,0,0,1
2024-03-28 03:20:00,0,1,0,1
2024-03-28 03:30:00,0,0,0,0
2024-03-28 03:40:00,1,0,1,2
2024-03-28 03:50:00,0,0,0,0
2024-03-28 04:00:00,0,1,0,1
2024-03-28 04:10:00,0,0,0,0
2024-03-28 04:20:00,0,0,0,0
2024-03-28 04:30:00,0,0,0,0
2024-03-28 04:40:00,1,1,0,2
2024-03-28 04:50:00,1,0,0,1
2024-03-28 05:00:00,0,1,1,2
2024-03-28 05:10:00,3,2,0,5
2024-03-28 05:20:00,3,4,1,8
2024-03-28 05:30:00,4,2,3,9
2024-03-28 05:40:00,4,4,3,11
2024-03-28 05:50:00,2,3,3,8
2024-03-28 06:00:00,6,1,3,10
2024-03-28 06:10:00,2,5,3,10
2024-03-28 06:20:00,7,6,6,19
2024-03-28 06:30:00,12,6,3,21
2024-03-28 06:40:00,8,9,1,18
2024-03-28 06:50:00,17,4,4,25
2024-03-28 07:00:00,15,8,8,31
2024-03-28 07:10:00,17,12,3,32
2024-03-28 07:20:00,20,13,9,42
2024-03-28 07:30:00,20,17,12,49
2024-03-28 07:40:00,26,15,10,51
2024-03-28 07:50:00,27,14,9,50
2024-03-28 08:00:00,24,16,15,55
2024-03-28 08:10:00,20,19,10,49
2024-03-28 08:20:00,29,11,6,46
2024-03-28 08:30:00,15,12,17,44
2024-03-28 08:40:00,31,16,13,60
2024-03-28 08:50:00,25,14,12,51
2024-03-28 09:00:00,23,21,9,53
2024-03-28 09:10:00,16,17,5,38
2024-03-28 09:20:00,17,21,8,46
2024-03-28 09:30:00,21,18,9,48
2024-03-28 09:40:00,18,15,11,44
2024-03-28 09:50:00,23,16,8,47
2024-03-28 10:00:00,23,16,9,48
2024-03-28 10:10:00,22,20,12,54
2024-03-28 10:20:00,20,15,12,47
2024-03-28 10:30:00,22,13,7,42
2024-03-28 10:40:00,15,15,7,37
2024-03-28 10:50:00,27,15,9,51
2024-03-28 11:00:00,32,16,10,58
2024-03-28 11:10:00,16,21,6,43
2024-03-28 11:20:00,26,25,14,65
2024-03-28 11:30:00,28,24,12,64
2024-03-28 11:40:00,26,21,9,56
2024-03-28 11:50:00,22,19,4,45
2024-03-28 12:00:00,24,13,13,50
2024-03-28 12:10:00,24,14,5,43
2024-03-28 12:20:00,23,12,8,43
2024-03-28 12:30:00,25,17,7,49
2024-03-28 12:40:00,27,24,6,57
2024-03-28 12:50:00,22,17,9,48
2024-03-28 13:00:00,29,18,5,52
2024-03-28 13:10:00,23,20,6,49
2024-03-28 13:20:00,26,14,7,47
2024-03-28 13:30:00,18,20,14,52
2024-03-28 13:40:00,27,24,5,56
2024-03-28 13:50:00,15,22,11,48
2024-03-28 14:00:00,25,21,9,55
2024-03-28 14:10:00,15,20,8,43
2024-03-28 14:20:00,24,20,10,54
2024-03-28 14:30:00,15,18,6,39
2024-03-28 14:40:00,25,16,11,52
2024-03-28 14:50:00,27,31,14,72
2024-03-28 15:00:00,19,18,6,43
2024-03-28 15:10:00,22,29,20,71
2024-03-28 15:20:00,21,17,8,46
2024-03-28 15:30:00,23,26,8,57
2024-03-28 15:40:00,31,22,14,67
2024-03-28 15:50:00,20,16,11,47
2024-03-28 16:00:00,28,23,8,59
2024-03-28 16:10:00,26,24,8,58
2024-03-28 16:20:00,20,31,9,60
2024-03-28 16:30:00,27,24,15,66
2024-03-28 16:40:00,24,20,14,58
2024-03-28 16:50:00,18,22,8,48
2024-03-28 17:00:00,21,24,4,49
2024-03-28 17:10:00,31,26,7,64
2024-03-28 17:20:00,29,22,10,61
2024-03-28 17:30:00,25,31,7,63
2024-03-28 17:40:00,23,19,8,50
2024-03-28 17:50:00,26,21,6,53
2024-03-28 18:00:00,23,23,8,54
2024-03-28 18:10:00,24,22,8,54
2024-03-28 18:20:00,22,21,9,52
2024-03-28 18:30:00,34,23,7,64
2024-03-28 18:40:00,23,16,4,43
2024-03-28 18:50:00,22,9,8,39
2024-03-28 19:00:00,21,14,4,39
2024-03-28 19:10:00,22,11,5,38
2024-03-28 19:20:00,14,18,9,41
2024-03-28 19:30:00,15,13,6,34
2024-03-28 19:40:00,16,13,6,35
2024-03-28 19:50:00,7,13,10,30
2024-03-28 20:00:00,11,10,9,30
2024-03-28 20:10:00,18,11,5,34
2024-03-28 20:20:00,19,3,6,28
2024-03-28 20:30:00,14,11,6,31
2024-03-28 20:40:00,14,6,5,25
2024-03-28 20:50:00,14,17,5,36
2024-03-28 21:00:00,11,12,5,28
2024-03-28 21:10:00,7,6,4,17
2024-03-28 21:20:00,10,10,4,24
2024-03-28 21:30:00,14,5,3,22
2024-03-28 21:40:00,13,6,5,24
2024-03-28 21:50:00,7,4,4,15
2024-03-28 22:00:00,10,5,2,17
2024-03-28 22:10:00,17,5,1,23
2024-03-28 22:20:00,13,4,4,21
2024-03-28 22:30:00,12,3,2,17
2024-03-28 22:40:00,10,10,7,27
2024-03-28 22:50:00,12,6,2,20
2024-03-28 23:00:00,5,14,4,23
2024-03-28 23:10:00,10,2,2,14
2024-03-28 23:20:00,7,3,1,11
2024-03-28 23:30:00,7,5,2,14
2024-03-28 23:40:00,8,2,3,13
2024-03-28 23:50:00,4,1,2,7
2024-03-29 00:00:00,5,2,1,8
2024-03-29 00:10:00,6,1,1,8
2024-03-29 00:20:00,3,1,1,5
2024-03-29 00:30:00,2,5,1,8
2024-03-29 00:40:00,2,2,0,4
2024-03-29 00:50:00,2,2,1,5
2024-03-29 01:00:00,4,1,3,8
2024-03-29 01:10:00,10,6,0,16
2024-03-29 01:20:00,2,2,0,4
2024-03-29 01:30:00,2,4,1,7
2024-03-29 01:40:00,3,0,0,3
2024-03-29 01:50:00,8,1,0,9
2024-03-29 02:00:00,1,0,0,1
2024-03-29 02:10:00,4,2,0,6
2024-03-29 02:20:00,1,1,0,2
2024-03-29 02:30:00,3,2,1,6
2024-03-29 02:40:00,2,0,0,2
2024-03-29 02:50:00,3,0,0,3
2024-03-29 03:00:00,2,1,0,3
2024-03-29 03:10:00,2,0,0,2
2024-03-29 03:20:00,2,3,0,5
2024-03-29 03:30:00,4,3,3,10
2024-03-29 03:40:00,1,3,1,5
2024-03-29 03:50:00,2,0,0,2
2024-03-29 04:00:00,1,1,0,2
2024-03-29 04:10:00,0,2,1,3
2024-03-29 04:20:00,2,0,0,2
2024-03-29 04:30:00,0,0,0,0
2024-03-29 04:40:00,0,1,1,2
2024-03-29 04:50:00,2,2,0,4
2024-03-29 05:00:00,5,0,1,6
2024-03-29 05:10:00,5,0,1,6
2024-03-29 05:20:00,3,5,0,8
2024-03-29 05:30:00,1,1,0,2
2024-03-29 05:40:00,2,0,0,2
2024-03-29 05:50:00,1,1,1,3
2024-03-29 06:00:00,1,1,0,2
2024-03-29 06:10:00,2,4,1,7
2024-03-29 06:20:00,1,0,0,1
2024-03-29 06:30:00,0,3,3,6
2024-03-29 06:40:00,1,0,1,2
2024-03-29 06:50:00,1,0,1,2
2024-03-29 07:00:00,4,2,0,6
2024-03-29 07:10:00,4,3,0,7
2024-03-29 07:20:00,4,0,0,4
2024-03-29 07:30:00,3,0,1,4
2024-03-29 07:40:00,1,6,3,10
2024-03-29 07:50:00,4,1,1,6
2024-03-29 08:00:00,3,3,2,8
2024-03-29 08:10:00,3,6,1,10
2024-03-29 08:20:00,3,3,2,8
2024-03-29 08:30:00,7,4,1,12
2024-03-29 08:40:00,3,5,2,10
2024-03-29 08:50:00,7,1,3,11
2024-03-29 09:00:00,7,5,0,12
2024-03-29 09:10:00,3,5,0,8
2024-03-29 09:20:00,11,2,4,17
2024-03-29 09:30:00,7,4,3,14
2024-03-29 09:40:00,7,8,9,24
2024-03-29 09:50:00,17,8,6,31
2024-03-29 10:00:00,13,12,5,30
2024-03-29 10:10:00,11,8,1,20
2024-03-29 10:20:00,11,10,2,23
2024-03-29 10:30:00,11,8,3,22
2024-03-29 10:40:00,10,9,3,22
2024-03-29 10:50:00,9,11,5,25
2024-03-29 11:00:00,12,5,5,22
2024-03-29 11:10:00,9,5,2,16
2024-03-29 11:20:00,14,9,5,28
2024-03-29 11:30:00,10,8,2,20
2024-03-29 11:40:00,12,7,2,21
2024-03-29 11:50:00,12,3,6,21
2024-03-29 12:00:00,6,3,11,20
2024-03-29 12:10:00,5,6,4,15
2024-03-29 12:20:00,12,8,4,24
2024-03-29 12:30:00,7,3,6,16
2024-03-29 12:40:00,11,11,5,27
2024-03-29 12:50:00,8,10,8,26
2024-03-29 13:00:00,23,6,7,36
2024-03-29 13:10:00,11,14,7,32
2024-03-29 13:20:00,14,8,8,30
2024-03-29 13:30:00,11,7,4,22
2024-03-29 13:40:00,13,9,10,32
2024-03-29 13:50:00,13,6,5,24
2024-03-29 14:00:00,10,6,4,20
2024-03-29 14:10:00,10,10,9,29
2024-03-29 14:20:00,8,11,6,25
2024-03-29 14:30:00,9,7,3,19
2024-03-29 14:40:00,12,11,2,25
2024-03-29 14:50:00,17,6,1,24
2024-03-29 15:00:00,9,11,3,23
2024-03-29 15:10:00,11,5,8,24
2024-03-29 15:20:00,12,6,3,21
2024-03-29 15:30:00,14,4,2,20
2024-03-29 15:40:00,9,14,5,28
2024-03-29 15:50:00,14,8,7,29
2024-03-29 16:00:00,9,7,4,20
2024-03-29 16:10:00,16,7,9,32
2024-03-29 16:20:00,14,9,5,28
2024-03-29 16:30:00,19,8,6,33
2024-03-29 16:40:00,13,5,5,23
2024-03-29 16:50:00,17,3,6,26
2024-03-29 17:00:00,10,5,4,19
2024-03-29 17:10:00,6,6,7,19
2024-03-29 17:20:00,15,11,6,32
2024-03-29 17:30:00,10,11,5,26
2024-03-29 17:40:00,12,9,6,27
2024-03-29 17:50:00,12,16,10,38
2024-03-29 18:00:00,10,4,6,20
2024-03-29 18:10:00,12,8,8,28
2024-03-29 18:20:00,8,6,8,22
2024-03-29 18:30:00,17,8,7,32
2024-03-29 18:40:00,13,10,12,35
2024-03-29 18:50:00,7,14,5,26
2024-03-29 19:00:00,10,6,3,19
2024-03-29 19:10:00,9,9,3,21
2024-03-29 19:20:00,5,11,5,21
2024-03-29 19:30:00,7,5,2,14
2024-03-29 19:40:00,12,5,8,25
2024-03-29 19:50:00,12,7,6,25
2024-03-29 20:00:00,11,9,5,25
2024-03-29 20:10:00,8,5,5,18
2024-03-29 20:20:00,9,10,7,26
2024-03-29 20:30:00,8,4,1,13
2024-03-29 20:40:00,12,13,7,32
2024-03-29 20:50:00,5,8,4,17
2024-03-29 21:00:00,7,4,3,14
2024-03-29 21:10:00,14,6,2,22
2024-03-29 21:20:00,8,3,2,13
2024-03-29 21:30:00,8,4,8,20
2024-03-29 21:40:00,3,5,7,15
2024-03-29 21:50:00,7,5,2,14
2024-03-29 22:00:00,7,3,3,13
2024-03-29 22:10:00,6,4,2,12
2024-03-29 22:20:00,4,4,4,12
2024-03-29 22:30:00,4,5,6,15
2024-03-29 22:40:00,3,5,4,12
2024-03-29 22:50:00,9,5,4,18
2024-03-29 23:00:00,8,3,0,11
2024-03-29 23:10:00,5,3,0,8
2024-03-29 23:20:00,6,5,1,12
2024-03-29 23:30:00,4,1,0,5
2024-03-29 23:40:00,5,1,3,9
2024-03-29 23:50:00,2,5,0,7
2024-03-30 00:00:00,4,0,2,6
2024-03-30 00:10:00,7,3,2,12
2024-03-30 00:20:00,2,0,0,2
2024-03-30 00:30:00,3,3,1,7
2024-03-30 00:40:00,8,5,1,14
2024-03-30 00:50:00,1,0,0,1
2024-03-30 01:00:00,3,3,0,6
2024-03-30 01:10:00,2,1,0,3
2024-03-30 01:20:00,0,0,2,2
2024-03-30 01:30:00,3,3,0,6
2024-03-30 01:40:00,5,1,0,6
2024-03-30 01:50:00,4,0,0,4
2024-03-30 02:00:00,1,0,0,1
2024-03-30 02:10:00,4,0,0,4
2024-03-30 02:20:00,1,0,0,1
2024-03-30 02:30:00,4,3,1,8
2024-03-30 02:40:00,2,0,1,3
2024-03-30 02:50:00,1,0,1,2
2024-03-30 03:00:00,1,0,0,1
2024-03-30 03:10:00,3,1,1,5
2024-03-30 03:20:00,0,0,2,2
2024-03-30 03:30:00,2,2,0,4
2024-03-30 03:40:00,2,0,1,3
2024-03-30 03:50:00,1,1,1,3
2024-03-30 04:00:00,2,1,0,3
2024-03-30 04:10:00,0,0,0,0
2024-03-30 04:20:00,0,1,0,1
2024-03-30 04:30:00,2,3,0,5
2024-03-30 04:40:00,0,0,1,1
2024-03-30 04:50:00,1,0,3,4
2024-03-30 05:00:00,3,0,0,3
2024-03-30 05:10:00,0,0,1,1
2024-03-30 05:20:00,2,1,0,3
2024-03-30 05:30:00,2,1,1,4
2024-03-30 05:40:00,4,1,2,7
2024-03-30 05:50:00,1,0,1,2
2024-03-30 06:00:00,4,0,1,5
2024-03-30 06:10:00,0,1,2,3
2024-03-30 06:20:00,3,1,1,5
2024-03-30 06:30:00,3,0,3,6
2024-03-30 06:40:00,1,1,2,4
2024-03-30 06:50:00,3,1,6,10
2024-03-30 07:00:00,2,2,0,4
2024-03-30 07:10:00,4,2,1,7
2024-03-30 07:20:00,6,2,3,11
2024-03-30 07:30:00,12,7,1,20
2024-03-30 07:40:00,6,7,5,18
2024-03-30 07:50:00,6,7,3,16
2024-03-30 08:00:00,13,5,3,21
2024-03-30 08:10:00,10,9,1,20
2024-03-30 08:20:00,7,9,1,17
2024-03-30 08:30:00,17,11,6,34
2024-03-30 08:40:00,14,6,4,24
2024-03-30 08:50:00,15,15,7,37
2024-03-30 09:00:00,14,11,6,31
2024-03-30 09:10:00,13,13,2,28
2024-03-30 09:20:00,20,16,9,45
2024-03-30 09:30:00,18,10,6,34
2024-03-30 09:40:00,18,8,5,31
2024-03-30 09:50:00,20,9,7,36
2024-03-30 10:00:00,20,9,8,37
2024-03-30 10:10:00,17,14,9,40
2024-03-30 10:20:00,19,20,15,54
2024-03-30 10:30:00,22,19,7,48
2024-03-30 10:40:00,22,25,7,54
2024-03-30 10:50:00,26,20,10,56
2024-03-30 11:00:00,21,16,10,47
2024-03-30 11:10:00,22,17,9,48
2024-03-30 11:20:00,24,19,7,50
2024-03-30 11:30:00,27,10,7,44
2024-03-30 11:40:00,27,15,7,49
2024-03-30 11:50:00,18,9,11,38
2024-03-30 12:00:00,19,16,8,43
2024-03-30 12:10:00,21,14,10,45
2024-03-30 12:20:00,24,14,12,50
2024-03-30 12:30:00,22,19,8,49
2024-03-30 12:40:00,23,13,8,44
2024-03-30 12:50:00,18,20,8,46
2024-03-30 13:00:00,17,16,8,41
2024-03-30 13:10:00,18,18,8,44
2024-03-30 13:20:00,18,18,5,41
2024-03-30 13:30:00,21,13,7,41
2024-03-30 13:40:00,21,19,7,47
2024-03-30 13:50:00,20,18,6,44
2024-03-30 14:00:00,18,13,3,34
2024-03-30 14:10:00,22,27,4,53
2024-03-30 14:20:00,17,16,5,38
2024-03-30 14:30:00,17,11,4,32
2024-03-30 14:40:00,19,18,5,42
2024-03-30 14:50:00,16,16,7,39
2024-03-30 15:00:00,32,16,5,53
2024-03-30 15:10:00,21,10,5,36
2024-03-30 15:20:00,17,14,11,42
2024-03-30 15:30:00,23,10,7,40
2024-03-30 15:40:00,19,10,8,37
2024-03-30 15:50:00,22,13,4,39
2024-03-30 16:00:00,18,8,6,32
2024-03-30 16:10:00,22,14,5,41
2024-03-30 16:20:00,16,17,2,35
2024-03-30 16:30:00,19,13,9,41
2024-03-30 16:40:00,20,7,5,32
2024-03-30 16:50:00,13,15,9,37
2024-03-30 17:00:00,16,9,4,29
2024-03-30 17:10:00,13,14,4,31
2024-03-30 17:20:00,15,14,10,39
2024-03-30 17:30:00,13,7,6,26
2024-03-30 17:40:00,21,14,4,39
2024-03-30 17:50:00,12,9,9,30
2024-03-30 18:00:00,18,7,5,30
2024-03-30 18:10:00,16,11,5,32
2024-03-30 18:20:00,18,6,9,33
2024-03-30 18:30:00,19,15,6,40
2024-03-30 18:40:00,19,8,4,31
2024-03-30 18:50:00,17,15,5,37
2024-03-30 19:00:00,11,8,5,24
2024-03-30 19:10:00,10,7,5,22
2024-03-30 19:20:00,12,4,1,17
2024-03-30 19:30:00,7,11,5,23
2024-03-30 19:40:00,13,9,4,26
2024-03-30 19:50:00,8,8,5,21
2024-03-30 20:00:00,11,13,6,30
2024-03-30 20:10:00,11,12,3,26
2024-03-30 20:20:00,10,9,4,23
2024-03-30 20:30:00,4,6,10,20
2024-03-30 20:40:00,12,16,7,35
2024-03-30 20:50:00,5,4,3,12
2024-03-30 21:00:00,7,6,3,16
2024-03-30 21:10:00,6,2,4,12
2024-03-30 21:20:00,12,6,4,22
2024-03-30 21:30:00,8,6,2,16
2024-03-30 21:40:00,11,4,2,17
2024-03-30 21:50:00,5,3,0,8
2024-03-30 22:00:00,9,6,5,20
2024-03-30 22:10:00,8,3,1,12
2024-03-30 22:20:00,9,3,0,12
2024-03-30 22:30:00,5,3,0,8
2024-03-30 22:40:00,8,8,3,19
2024-03-30 22:50:00,10,3,1,14
2024-03-30 23:00:00,15,4,2,21
2024-03-30 23:10:00,6,4,3,13
2024-03-30 23:20:00,8,4,4,16
2024-03-30 23:30:00,3,4,1,8
2024-03-30 23:40:00,8,0,0,8
2024-03-30 23:50:00,11,4,2,17
2024-03-31 00:00:00,5,5,4,14
2024-03-31 00:10:00,7,1,4,12
2024-03-31 00:20:00,6,1,2,9
2024-03-31 00:30:00,2,0,2,4
2024-03-31 00:40:00,8,0,0,8
2024-03-31 00:50:00,3,0,2,5
2024-03-31 01:00:00,2,4,0,6
2024-03-31 01:10:00,5,2,1,8
2024-03-31 01:20:00,0,2,3,5
2024-03-31 01:30:00,1,1,3,5
2024-03-31 01:40:00,2,2,2,6
2024-03-31 01:50:00,4,2,1,7
2024-03-31 02:00:00,0,0,0,0
2024-03-31 02:10:00,0,0,0,0
2024-03-31 02:20:00,0,0,0,0
2024-03-31 02:30:00,0,0,0,0
2024-03-31 02:40:00,0,0,0,0
2024-03-31 02:50:00,0,0,0,0
2024-03-31 03:00:00,1,0,0,1
2024-03-31 03:10:00,2,0,1,3
2024-03-31 03:20:00,5,1,1,7
2024-03-31 03:30:00,3,1,2,6
2024-03-31 03:40:00,0,0,0,0
2024-03-31 03:50:00,1,1,0,2
2024-03-31 04:00:00,2,0,0,2
2024-03-31 04:10:00,2,0,0,2
2024-03-31 04:20:00,5,1,1,7
2024-03-31 04:30:00,1,1,0,2
2024-03-31 04:40:00,2,0,1,3
2024-03-31 04:50:00,2,2,0,4
2024-03-31 05:00:00,1,2,1,4
2024-03-31 05:10:00,7,0,2,9
2024-03-31 05:20:00,3,1,5,9
2024-03-31 05:30:00,2,1,1,4
2024-03-31 05:40:00,2,0,0,2
2024-03-31 05:50:00,3,3,0,6
2024-03-31 06:00:00,1,0,0,1
2024-03-31 06:10:00,0,0,5,5
2024-03-31 06:20:00,0,0,1,1
2024-03-31 06:30:00,1,1,1,3
2024-03-31 06:40:00,0,0,0,0
2024-03-31 06:50:00,0,0,0,0
2024-03-31 07:00:00,3,1,0,4
2024-03-31 07:10:00,2,1,0,3
2024-03-31 07:20:00,2,0,0,2
2024-03-31 07:30:00,1,0,0,1
2024-03-31 07:40:00,2,2,1,5
2024-03-31 07:50:00,2,0,0,2
2024-03-31 08:00:00,2,1,2,5
2024-03-31 08:10:00,3,1,1,5
2024-03-31 08:20:00,6,5,3,14
2024-03-31 08:30:00,1,4,0,5
2024-03-31 08:40:00,7,1,2,10
2024-03-31 08:50:00,4,0,1,5
2024-03-31 09:00:00,6,7,4,17
2024-03-31 09:10:00,5,5,0,10
2024-03-31 09:20:00,6,7,2,15
2024-03-31 09:30:00,10,8,3,21
2024-03-31 09:40:00,10,5,5,20
2024-03-31 09:50:00,8,12,7,27
2024-03-31 10:00:00,11,7,3,21
2024-03-31 10:10:00,8,7,3,18
2024-03-31 10:20:00,16,8,3,27
2024-03-31 10:30:00,12,10,4,26
2024-03-31 10:40:00,15,5,9,29
2024-03-31 10:50:00,15,11,3,29
2024-03-31 11:00:00,17,15,6,38
2024-03-31 11:10:00,21,5,2,28
2024-03-31 11:20:00,19,6,4,29
2024-03-31 11:30:00,14,11,2,27
2024-03-31 11:40:00,23,14,4,41
2024-03-31 11:50:00,21,10,5,36
2024-03-31 12:00:00,14,9,5,28
2024-03-31 12:10:00,9,10,6,25
2024-03-31 12:20:00,12,10,5,27
2024-03-31 12:30:00,18,12,3,33
2024-03-31 12:40:00,14,11,4,29
2024-03-31 12:50:00,13,17,4,34
2024-03-31 13:00:00,16,12,4,32
2024-03-31 13:10:00,13,11,6,30
2024-03-31 13:20:00,15,9,4,28
2024-03-31 13:30:00,8,14,4,26
2024-03-31 13:40:00,17,15,6,38
2024-03-31 13:50:00,12,7,5,24
2024-03-31 14:00:00,9,17,3,29
2024-03-31 14:10:00,9,6,2,17
2024-03-31 14:20:00,17,11,2,30
2024-03-31 14:30:00,18,8,6,32
2024-03-31 14:40:00,16,12,5,33
2024-03-31 14:50:00,19,12,5,36
2024-03-31 15:00:00,14,8,2,24
2024-03-31 15:10:00,20,4,9,33
2024-03-31 15:20:00,9,6,6,21
2024-03-31 15:30:00,9,5,1,15
2024-03-31 15:40:00,13,11,5,29
2024-03-31 15:50:00,6,10,2,18
2024-03-31 16:00:00,11,6,6,23
2024-03-31 16:10:00,16,8,1,25
2024-03-31 16:20:00,8,6,7,21
2024-03-31 16:30:00,12,8,3,23
2024-03-31 16:40:00,14,15,4,33
2024-03-31 16:50:00,18,7,4,29
2024-03-31 17:00:00,15,8,8,31
2024-03-31 17:10:00,18,11,5,34
2024-03-31 17:20:00,13,6,4,23
2024-03-31 17:30:00,11,13,4,28
2024-03-31 17:40:00,15,10,6,31
2024-03-31 17:50:00,11,7,2,20
2024-03-31 18:00:00,15,5,9,29
2024-03-31 18:10:00,12,8,7,27
2024-03-31 18:20:00,17,15,4,36
2024-03-31 18:30:00,25,9,0,34
2024-03-31 18:40:00,20,7,9,36
2024-03-31 18:50:00,15,8,5,28
2024-03-31 19:00:00,12,12,6,30
2024-03-31 19:10:00,12,11,6,29
2024-03-31 19:20:00,11,7,2,20
2024-03-31 19:30:00,16,13,5,34
2024-03-31 19:40:00,11,10,7,28
2024-03-31 19:50:00,18,12,5,35
2024-03-31 20:00:00,11,10,9,30
2024-03-31 20:10:00,7,6,2,15
2024-03-31 20:20:00,11,6,6,23
2024-03-31 20:30:00,5,5,5,15
2024-03-31 20:40:00,15,7,6,28
2024-03-31 20:50:00,7,8,5,20
2024-03-31 21:00:00,7,4,5,16
2024-03-31 21:10:00,7,6,5,18
2024-03-31 21:20:00,11,7,5,23
2024-03-31 21:30:00,9,4,7,20
2024-03-31 21:40:00,4,6,4,14
2024-03-31 21:50:00,11,7,7,25
2024-03-31 22:00:00,4,2,4,10
2024-03-31 22:10:00,8,6,3,17
2024-03-31 22:20:00,1,5,0,6
2024-03-31 22:30:00,5,6,5,16
2024-03-31 22:40:00,7,2,2,11
2024-03-31 22:50:00,8,4,3,15
2024-03-31 23:00:00,4,2,7,13
2024-03-31 23:10:00,3,3,0,6
2024-03-31 23:20:00,4,2,3,9
2024-03-31 23:30:00,5,3,1,9
2024-03-31 23:40:00,3,3,0,6
2024-03-31 23:50:00,5,5,1,11
2024-04-01 00:00:00,5,2,1,8
2024-04-01 00:10:00,3,1,2,6
2024-04-01 00:20:00,3,0,0,3
2024-04-01 00:30:00,5,3,2,10
2024-04-01 00:40:00,3,2,3,8
2024-04-01 00:50:00,2,4,1,7
2024-04-01 01:00:00,1,1,1,3
2024-04-01 01:10:00,1,1,3,5
2024-04-01 01:20:00,2,0,0,2
2024-04-01 01:30:00,1,2,0,3
2024-04-01 01:40:00,4,3,0,7
2024-04-01 01:50:00,2,2,1,5
2024-04-01 02:00:00,2,1,0,3
2024-04-01 02:10:00,3,0,0,3
2024-04-01 02:20:00,1,2,1,4
2024-04-01 02:30:00,2,0,0,2
2024-04-01 02:40:00,1,1,0,2
2024-04-01 02:50:00,4,1,0,5
2024-04-01 03:00:00,2,2,0,4
2024-04-01 03:10:00,2,0,1,3
2024-04-01 03:20:00,0,2,0,2
2024-04-01 03:30:00,2,2,1,5
2024-04-01 03:40:00,1,0,0,1
2024-04-01 03:50:00,1,0,1,2
2024-04-01 04:00:00,1,0,1,2
2024-04-01 04:10:00,3,0,0,3
2024-04-01 04:20:00,0,1,0,1
2024-04-01 04:30:00,0,0,1,1
2024-04-01 04:40:00,3,0,0,3
2024-04-01 04:50:00,3,0,1,4
2024-04-01 05:00:00,2,0,0,2
2024-04-01 05:10:00,1,1,0,2
2024-04-01 05:20:00,1,0,4,5
2024-04-01 05:30:00,2,3,0,5
2024-04-01 05:40:00,1,0,1,2
2024-04-01 05:50:00,1,0,0,1
2024-04-01 06:00:00,0,0,0,0
2024-04-01 06:10:00,1,2,1,4
2024-04-01 06:20:00,3,1,3,7
2024-04-01 06:30:00,0,0,0,0
2024-04-01 06:40:00,3,1,0,4
2024-04-01 06:50:00,1,0,0,1
2024-04-01 07:00:00,1,1,0,2
2024-04-01 07:10:00,2,1,0,3
2024-04-01 07:20:00,0,0,0,0
2024-04-01 07:30:00,2,1,0,3
2024-04-01 07:40:00,2,0,0,2
2024-04-01 07:50:00,1,1,0,2
2024-04-01 08:00:00,0,2,1,3
2024-04-01 08:10:00,4,0,1,5
2024-04-01 08:20:00,3,2,2,7
2024-04-01 08:30:00,4,2,0,6
2024-04-01 08:40:00,4,5,4,13
2024-04-01 08:50:00,4,1,1,6
2024-04-01 09:00:00,6,3,0,9
2024-04-01 09:10:00,5,3,2,10
2024-04-01 09:20:00,2,6,1,9
2024-04-01 09:30:00,7,1,1,9
2024-04-01 09:40:00,4,4,4,12
2024-04-01 09:50:00,9,8,0,17
2024-04-01 10:00:00,4,6,3,13
2024-04-01 10:10:00,8,7,2,17
2024-04-01 10:20:00,13,5,3,21
2024-04-01 10:30:00,15,9,4,28
2024-04-01 10:40:00,9,7,3,19
2024-04-01 10:50:00,10,7,6,23
2024-04-01 11:00:00,6,5,3,14
2024-04-01 11:10:00,11,5,1,17
2024-04-01 11:20:00,9,6,4,19
2024-04-01 11:30:00,10,7,3,20
2024-04-01 11:40:00,13,5,2,20
2024-04-01 11:50:00,14,10,6,30
2024-04-01 12:00:00,9,8,5,22
2024-04-01 12:10:00,18,9,6,33
2024-04-01 12:20:00,18,13,4,35
2024-04-01 12:30:00,11,10,6,27
2024-04-01 12:40:00,9,8,8,25
2024-04-01 12:50:00,16,8,7,31
2024-04-01 13:00:00,15,7,4,26
2024-04-01 13:10:00,10,6,2,18
2024-04-01 13:20:00,9,6,2,17
2024-04-01 13:30:00,14,11,3,28
2024-04-01 13:40:00,17,10,4,31
2024-04-01 13:50:00,11,15,5,31
2024-04-01 14:00:00,11,6,2,19
2024-04-01 14:10:00,8,15,6,29
2024-04-01 14:20:00,16,4,4,24
2024-04-01 14:30:00,9,9,1,19
2024-04-01 14:40:00,17,15,7,39
2024-04-01 14:50:00,19,9,6,34
2024-04-01 15:00:00,15,9,2,26
2024-04-01 15:10:00,14,13,5,32
2024-04-01 15:20:00,8,10,6,24
2024-04-01 15:30:00,12,10,4,26
2024-04-01 15:40:00,15,3,2,20
2024-04-01 15:50:00,16,9,5,30
2024-04-01 16:00:00,10,10,4,24
2024-04-01 16:10:00,17,6,4,27
2024-04-01 16:20:00,8,6,6,20
2024-04-01 16:30:00,6,9,3,18
2024-04-01 16:40:00,16,8,3,27
2024-04-01 16:50:00,8,17,7,32
2024-04-01 17:00:00,11,15,5,31
2024-04-01 17:10:00,15,7,6,28
2024-04-01 17:20:00,10,14,2,26
2024-04-01 17:30:00,21,17,10,48
2024-04-01 17:40:00,13,15,1,29
2024-04-01 17:50:00,17,3,7,27
2024-04-01 18:00:00,15,8,6,29
2024-04-01 18:10:00,18,7,7,32
2024-04-01 18:20:00,13,5,6,24
2024-04-01 18:30:00,14,8,2,24
2024-04-01 18:40:00,15,6,4,25
2024-04-01 18:50:00,12,10,5,27
2024-04-01 19:00:00,16,11,8,35
2024-04-01 19:10:00,20,10,8,38
2024-04-01 19:20:00,12,9,2,23
2024-04-01 19:30:00,15,9,9,33
2024-04-01 19:40:00,10,10,3,23
2024-04-01 19:50:00,16,10,8,34
2024-04-01 20:00:00,6,9,4,19
2024-04-01 20:10:00,9,8,2,19
2024-04-01 20:20:00,8,5,1,14
2024-04-01 20:30:00,10,8,2,20
2024-04-01 20:40:00,14,9,8,31
2024-04-01 20:50:00,10,6,1,17
2024-04-01 21:00:00,6,4,2,12
2024-04-01 21:10:00,9,3,9,21
2024-04-01 21:20:00,13,4,4,21
2024-04-01 21:30:00,5,6,10,21
2024-04-01 21:40:00,7,3,4,14
2024-04-01 21:50:00,6,4,3,13
2024-04-01 22:00:00,8,4,5,17
2024-04-01 22:10:00,5,3,1,9
2024-04-01 22:20:00,4,3,3,10
2024-04-01 22:30:00,7,9,5,21
2024-04-01 22:40:00,9,2,3,14
2024-04-01 22:50:00,2,5,1,8
2024-04-01 23:00:00,4,2,1,7
2024-04-01 23:10:00,4,4,1,9
2024-04-01 23:20:00,5,2,4,11
2024-04-01 23:30:00,1,3,1,5
2024-04-01 23:40:00,2,1,0,3
2024-04-01 23:50:00,2,1,0,3
2024-04-02 00:00:00,5,1,2,8
2024-04-02 00:10:00,3,0,2,5
2024-04-02 00:20:00,2,4,1,7
2024-04-02 00:30:00,4,1,0,5
2024-04-02 00:40:00,0,2,1,3
2024-04-02 00:50:00,1,1,1,3
2024-04-02 01:00:00,1,0,0,1
2024-04-02 01:10:00,4,1,0,5
2024-04-02 01:20:00,0,0,1,1
2024-04-02 01:30:00,1,1,0,2
2024-04-02 01:40:00,3,2,0,5
2024-04-02 01:50:00,0,0,0,0
2024-04-02 02:00:00,0,1,0,1
2024-04-02 02:10:00,1,0,0,1
2024-04-02 02:20:00,0,0,0,0
2024-04-02 02:30:00,0,0,2,2
2024-04-02 02:40:00,2,1,0,3
2024-04-02 02:50:00,0,1,0,1
2024-04-02 03:00:00,0,0,0,0
2024-04-02 03:10:00,1,0,0,1
2024-04-02 03:20:00,0,0,0,0
2024-04-02 03:30:00,0,0,1,1
2024-04-02 03:40:00,1,0,0,1
2024-04-02 03:50:00,0,2,0,2
2024-04-02 04:00:00,1,0,0,1
2024-04-02 04:10:00,0,0,1,1
2024-04-02 04:20:00,0,0,0,0
2024-04-02 04:30:00,2,1,0,3
2024-04-02 04:40:00,0,1,3,4
2024-04-02 04:50:00,1,1,1,3
2024-04-02 05:00:00,0,0,1,1
2024-04-02 05:10:00,3,4,1,8
2024-04-02 05:20:00,1,0,2,3
2024-04-02 05:30:00,1,1,3,5
2024-04-02 05:40:00,5,2,2,9
2024-04-02 05:50:00,3,1,1,5
2024-04-02 06:00:00,5,0,2,7
2024-04-02 06:10:00,8,2,5,15
2024-04-02 06:20:00,5,6,3,14
2024-04-02 06:30:00,10,3,2,15
2024-04-02 06:40:00,8,8,5,21
2024-04-02 06:50:00,10,6,10,26
2024-04-02 07:00:00,16,7,6,29
2024-04-02 07:10:00,34,8,6,48
2024-04-02 07:20:00,17,11,6,34
2024-04-02 07:30:00,14,13,5,32
2024-04-02 07:40:00,17,17,11,45
2024-04-02 07:50:00,14,14,9,37
2024-04-02 08:00:00,20,17,8,45
2024-04-02 08:10:00,13,14,10,37
2024-04-02 08:20:00,24,16,11,51
2024-04-02 08:30:00,22,16,5,43
2024-04-02 08:40:00,29,22,12,63
2024-04-02 08:50:00,27,20,8,55
2024-04-02 09:00:00,21,13,8,42
2024-04-02 09:10:00,23,19,9,51
2024-04-02 09:20:00,17,11,10,38
2024-04-02 09:30:00,29,13,4,46
2024-04-02 09:40:00,17,12,12,41
2024-04-02 09:50:00,20,14,10,44
2024-04-02 10:00:00,24,8,7,39
2024-04-02 10:10:00,18,18,6,42
2024-04-02 10:20:00,21,13,7,41
2024-04-02 10:30:00,19,13,12,44
2024-04-02 10:40:00,23,20,10,53
2024-04-02 10:50:00,20,11,7,38
2024-04-02 11:00:00,20,10,5,35
2024-04-02 11:10:00,13,18,7,38
2024-04-02 11:20:00,21,14,2,37
2024-04-02 11:30:00,17,17,8,42
2024-04-02 11:40:00,28,15,11,54
2024-04-02 11:50:00,20,17,8,45
2024-04-02 12:00:00,19,13,7,39
2024-04-02 12:10:00,30,17,10,57
2024-04-02 12:20:00,26,17,9,52
2024-04-02 12:30:00,28,22,6,56
2024-04-02 12:40:00,27,21,5,53
2024-04-02 12:50:00,18,15,10,43
2024-04-02 13:00:00,22,11,7,40
2024-04-02 13:10:00,32,13,8,53
2024-04-02 13:20:00,29,12,11,52
2024-04-02 13:30:00,25,17,11,53
2024-04-02 13:40:00,20,15,6,41
2024-04-02 13:50:00,22,11,6,39
2024-04-02 14:00:00,21,9,3,33
2024-04-02 14:10:00,24,17,4,45
2024-04-02 14:20:00,23,15,9,47
2024-04-02 14:30:00,17,14,4,35
2024-04-02 14:40:00,24,16,13,53
2024-04-02 14:50:00,23,25,5,53
2024-04-02 15:00:00,25,15,8,48
2024-04-02 15:10:00,25,23,15,63
2024-04-02 15:20:00,31,18,9,58
2024-04-02 15:30:00,25,28,13,66
2024-04-02 15:40:00,32,23,12,67
2024-04-02 15:50:00,29,27,10,66
2024-04-02 16:00:00,21,16,7,44
2024-04-02 16:10:00,35,20,6,61
2024-04-02 16:20:00,22,18,9,49
2024-04-02 16:30:00,29,24,11,64
2024-04-02 16:40:00,29,19,8,56
2024-04-02 16:50:00,28,26,7,61
2024-04-02 17:00:00,29,26,12,67
2024-04-02 17:10:00,28,21,7,56
2024-04-02 17:20:00,19,31,12,62
2024-04-02 17:30:00,19,28,12,59
2024-04-02 17:40:00,24,18,9,51
2024-04-02 17:50:00,20,17,6,43
2024-04-02 18:00:00,32,13,9,54
2024-04-02 18:10:00,21,25,7,53
2024-04-02 18:20:00,19,9,6,34
2024-04-02 18:30:00,22,16,6,44
2024-04-02 18:40:00,20,16,10,46
2024-04-02 18:50:00,18,17,6,41
2024-04-02 19:00:00,21,18,9,48
2024-04-02 19:10:00,17,8,6,31
2024-04-02 19:20:00,13,9,4,26
2024-04-02 19:30:00,11,10,8,29
2024-04-02 19:40:00,10,9,2,21
2024-04-02 19:50:00,15,11,2,28
2024-04-02 20:00:00,11,12,3,26
2024-04-02 20:10:00,9,9,1,19
2024-04-02 20:20:00,10,7,1,18
2024-04-02 20:30:00,9,5,2,16
2024-04-02 20:40:00,9,5,3,17
2024-04-02 20:50:00,5,4,4,13
2024-04-02 21:00:00,8,2,4,14
2024-04-02 21:10:00,5,5,6,16
2024-04-02 21:20:00,7,5,9,21
2024-04-02 21:30:00,6,5,3,14
2024-04-02 21:40:00,7,3,2,12
2024-04-02 21:50:00,6,5,1,12
2024-04-02 22:00:00,6,3,1,10
2024-04-02 22:10:00,3,6,5,14
2024-04-02 22:20:00,10,4,3,17
2024-04-02 22:30:00,2,3,4,9
2024-04-02 22:40:00,6,6,3,15
2024-04-02 22:50:00,11,5,2,18
2024-04-02 23:00:00,3,3,1,7
2024-04-02 23:10:00,8,4,4,16
2024-04-02 23:20:00,4,4,1,9
2024-04-02 23:30:00,2,2,4,8
2024-04-02 23:40:00,4,1,1,6
2024-04-02 23:50:00,3,1,3,7
2024-04-03 00:00:00,2,1,1,4
2024-04-03 00:10:00,3,3,0,6
2024-04-03 00:20:00,5,2,2,9
2024-04-03 00:30:00,4,2,0,6
2024-04-03 00:40:00,3,0,1,4
2024-04-03 00:50:00,0,0,0,0
2024-04-03 01:00:00,2,0,0,2
2024-04-03 01:10:00,0,1,0,1
2024-04-03 01:20:00,0,0,0,0
2024-04-03 01:30:00,2,0,1,3
2024-04-03 01:40:00,1,1,0,2
2024-04-03 01:50:00,0,0,0,0
2024-04-03 02:00:00,2,0,2,4
2024-04-03 02:10:00,0,0,0,0
2024-04-03 02:20:00,3,0,1,4
2024-04-03 02:30:00,0,0,0,0
2024-04-03 02:40:00,0,0,0,0
2024-04-03 02:50:00,0,0,2,2
2024-04-03 03:00:00,1,0,3,4
2024-04-03 03:10:00,0,1,1,2
2024-04-03 03:20:00,0,0,0,0
2024-04-03 03:30:00,0,1,0,1
2024-04-03 03:40:00,1,1,0,2
2024-04-03 03:50:00,1,0,0,1
2024-04-03 04:00:00,2,1,0,3
2024-04-03 04:10:00,0,1,1,2
2024-04-03 04:20:00,0,0,0,0
2024-04-03 04:30:00,1,1,0,2
2024-04-03 04:40:00,0,0,1,1
2024-04-03 04:50:00,1,0,1,2
2024-04-03 05:00:00,1,0,2,3
2024-04-03 05:10:00,1,0,0,1
2024-04-03 05:20:00,3,3,3,9
2024-04-03 05:30:00,6,0,2,8
2024-04-03 05:40:00,6,3,7,16
2024-04-03 05:50:00,1,0,3,4
2024-04-03 06:00:00,7,1,0,8
2024-04-03 06:10:00,2,2,1,5
2024-04-03 06:20:00,7,5,6,18
2024-04-03 06:30:00,11,5,1,17
2024-04-03 06:40:00,8,6,6,20
2024-04-03 06:50:00,12,7,9,28
2024-04-03 07:00:00,15,9,6,30
2024-04-03 07:10:00,16,9,7,32
2024-04-03 07:20:00,20,13,5,38
2024-04-03 07:30:00,22,12,10,44
2024-04-03 07:40:00,19,19,6,44
2024-04-03 07:50:00,23,10,8,41
2024-04-03 08:00:00,21,13,8,42
2024-04-03 08:10:00,27,11,13,51
2024-04-03 08:20:00,18,16,6,40
2024-04-03 08:30:00,24,22,8,54
2024-04-03 08:40:00,30,15,10,55
2024-04-03 08:50:00,18,22,9,49
2024-04-03 09:00:00,24,18,9,51
2024-04-03 09:10:00,21,17,14,52
2024-04-03 09:20:00,19,19,13,51
2024-04-03 09:30:00,28,17,6,51
2024-04-03 09:40:00,10,7,7,24
2024-04-03 09:50:00,15,13,10,38
2024-04-03 10:00:00,22,11,14,47
2024-04-03 10:10:00,12,5,6,23
2024-04-03 10:20:00,24,10,9,43
2024-04-03 10:30:00,9,12,12,33
2024-04-03 10:40:00,24,20,10,54
2024-04-03 10:50:00,14,16,2,32
2024-04-03 11:00:00,22,13,5,40
2024-04-03 11:10:00,15,10,5,30
2024-04-03 11:20:00,25,17,6,48
2024-04-03 11:30:00,25,11,5,41
2024-04-03 11:40:00,21,14,9,44
2024-04-03 11:50:00,17,12,10,39
2024-04-03 12:00:00,22,16,8,46
2024-04-03 12:10:00,26,11,6,43
2024-04-03 12:20:00,11,8,6,25
2024-04-03 12:30:00,24,14,6,44
2024-04-03 12:40:00,14,11,7,32
2024-04-03 12:50:00,21,6,6,33
2024-04-03 13:00:00,24,7,4,35
2024-04-03 13:10:00,24,10,6,40
2024-04-03 13:20:00,27,14,15,56
2024-04-03 13:30:00,11,18,4,33
2024-04-03 13:40:00,16,11,9,36
2024-04-03 13:50:00,21,12,9,42
2024-04-03 14:00:00,19,12,6,37
2024-04-03 14:10:00,14,8,7,29
2024-04-03 14:20:00,15,9,7,31
2024-04-03 14:30:00,21,16,3,40
2024-04-03 14:40:00,20,17,6,43
2024-04-03 14:50:00,21,16,8,45
2024-04-03 15:00:00,18,12,9,39
2024-04-03 15:10:00,20,20,2,42
2024-04-03 15:20:00,19,19,10,48
2024-04-03 15:30:00,19,22,5,46
2024-04-03 15:40:00,24,17,9,50
2024-04-03 15:50:00,20,20,10,50
2024-04-03 16:00:00,25,26,13,64
2024-04-03 16:10:00,22,23,8,53
2024-04-03 16:20:00,15,22,7,44
2024-04-03 16:30:00,32,22,11,65
2024-04-03 16:40:00,20,22,8,50
2024-04-03 16:50:00,21,18,5,44
2024-04-03 17:00:00,13,19,13,45
2024-04-03 17:10:00,25,26,8,59
2024-04-03 17:20:00,24,24,9,57
2024-04-03 17:30:00,19,18,8,45
2024-04-03 17:40:00,30,26,7,63
2024-04-03 17:50:00,25,24,9,58
2024-04-03 18:00:00,29,24,9,62
2024-04-03 18:10:00,20,26,9,55
2024-04-03 18:20:00,24,18,11,53
2024-04-03 18:30:00,18,20,5,43
2024-04-03 18:40:00,21,14,8,43
2024-04-03 18:50:00,11,21,3,35
2024-04-03 19:00:00,18,18,7,43
2024-04-03 19:10:00,16,17,5,38
2024-04-03 19:20:00,21,11,8,40
2024-04-03 19:30:00,17,16,6,39
2024-04-03 19:40:00,16,12,8,36
2024-04-03 19:50:00,14,8,5,27
2024-04-03 20:00:00,14,6,4,24
2024-04-03 20:10:00,20,8,5,33
2024-04-03 20:20:00,12,6,2,20
2024-04-03 20:30:00,8,7,4,19
2024-04-03 20:40:00,12,13,5,30
2024-04-03 20:50:00,8,4,8,20
2024-04-03 21:00:00,5,13,5,23
2024-04-03 21:10:00,12,10,6,28
2024-04-03 21:20:00,11,12,3,26
2024-04-03 21:30:00,11,5,5,21
2024-04-03 21:40:00,9,5,4,18
2024-04-03 21:50:00,10,3,4,17
2024-04-03 22:00:00,10,5,5,20
2024-04-03 22:10:00,7,0,2,9
2024-04-03 22:20:00,9,2,2,13
2024-04-03 22:30:00,9,4,1,14
2024-04-03 22:40:00,6,7,4,17
2024-04-03 22:50:00,8,2,6,16
2024-04-03 23:00:00,7,4,3,14
2024-04-03 23:10:00,7,3,1,11
2024-04-03 23:20:00,3,0,1,4
2024-04-03 23:30:00,0,1,3,4
2024-04-03 23:40:00,2,3,1,6
2024-04-03 23:50:00,4,3,1,8
2024-04-04 00:00:00,2,1,0,3
2024-04-04 00:10:00,2,1,1,4
2024-04-04 00:20:00,7,0,2,9
2024-04-04 00:30:00,3,0,0,3
2024-04-04 00:40:00,2,0,0,2
2024-04-04 00:50:00,1,0,0,1
2024-04-04 01:00:00,0,1,0,1
2024-04-04 01:10:00,1,0,0,1
2024-04-04 01:20:00,1,2,1,4
2024-04-04 01:30:00,1,0,3,4
2024-04-04 01:40:00,2,0,0,2
2024-04-04 01:50:00,3,0,4,7
2024-04-04 02:00:00,0,0,0,0
2024-04-04 02:10:00,0,0,1,1
2024-04-04 02:20:00,0,1,0,1
2024-04-04 02:30:00,2,1,0,3
2024-04-04 02:40:00,1,0,0,1
2024-04-04 02:50:00,3,0,1,4
2024-04-04 03:00:00,0,0,0,0
2024-04-04 03:10:00,0,0,0,0
2024-04-04 03:20:00,1,1,1,3
2024-04-04 03:30:00,0,0,0,0
2024-04-04 03:40:00,1,1,0,2
2024-04-04 03:50:00,0,0,0,0
2024-04-04 04:00:00,0,0,0,0
2024-04-04 04:10:00,0,0,1,1
2024-04-04 04:20:00,2,1,0,3
2024-04-04 04:30:00,1,0,0,1
2024-04-04 04:40:00,1,1,1,3
2024-04-04 04:50:00,0,1,2,3
2024-04-04 05:00:00,0,0,0,0
2024-04-04 05:10:00,2,0,0,2
2024-04-04 05:20:00,2,2,2,6
2024-04-04 05:30:00,6,2,1,9
2024-04-04 05:40:00,3,2,4,9
2024-04-04 05:50:00,4,1,6,11
2024-04-04 06:00:00,4,2,0,6
2024-04-04 06:10:00,8,3,6,17
2024-04-04 06:20:00,9,10,3,22
2024-04-04 06:30:00,9,3,4,16
2024-04-04 06:40:00,11,6,4,21
2024-04-04 06:50:00,17,7,8,32
2024-04-04 07:00:00,11,10,7,28
2024-04-04 07:10:00,19,5,5,29
2024-04-04 07:20:00,15,13,6,34
2024-04-04 07:30:00,15,20,7,42
2024-04-04 07:40:00,13,15,10,38
2024-04-04 07:50:00,22,11,9,42
2024-04-04 08:00:00,17,12,7,36
2024-04-04 08:10:00,25,19,6,50
2024-04-04 08:20:00,25,11,2,38
2024-04-04 08:30:00,21,16,7,44
2024-04-04 08:40:00,29,27,16,72
2024-04-04 08:50:00,22,26,13,61
2024-04-04 09:00:00,20,14,10,44
2024-04-04 09:10:00,25,21,6,52
2024-04-04 09:20:00,22,15,9,46
2024-04-04 09:30:00,14,7,5,26
2024-04-04 09:40:00,24,15,5,44
2024-04-04 09:50:00,24,19,5,48
2024-04-04 10:00:00,14,8,10,32
2024-04-04 10:10:00,19,15,11,45
2024-04-04 10:20:00,17,10,7,34
2024-04-04 10:30:00,19,8,5,32
2024-04-04 10:40:00,22,9,10,41
2024-04-04 10:50:00,21,10,5,36
2024-04-04 11:00:00,16,12,12,40
2024-04-04 11:10:00,15,17,7,39
2024-04-04 11:20:00,23,19,6,48
2024-04-04 11:30:00,23,12,9,44
2024-04-04 11:40:00,19,19,5,43
2024-04-04 11:50:00,28,13,16,57
2024-04-04 12:00:00,16,15,11,42
2024-04-04 12:10:00,20,15,11,46
2024-04-04 12:20:00,17,15,6,38
2024-04-04 12:30:00,24,11,7,42
2024-04-04 12:40:00,21,10,6,37
2024-04-04 12:50:00,17,16,7,40
2024-04-04 13:00:00,24,16,5,45
2024-04-04 13:10:00,15,8,4,27
2024-04-04 13:20:00,18,15,7,40
2024-04-04 13:30:00,24,16,6,46
2024-04-04 13:40:00,22,13,6,41
2024-04-04 13:50:00,19,14,12,45
2024-04-04 14:00:00,18,15,4,37
2024-04-04 14:10:00,14,20,10,44
2024-04-04 14:20:00,24,16,6,46
2024-04-04 14:30:00,22,14,9,45
2024-04-04 14:40:00,21,15,3,39
2024-04-04 14:50:00,21,10,7,38
2024-04-04 15:00:00,19,16,10,45
2024-04-04 15:10:00,22,18,6,46
2024-04-04 15:20:00,29,17,10,56
2024-04-04 15:30:00,31,15,7,53
2024-04-04 15:40:00,24,22,12,58
2024-04-04 15:50:00,18,32,11,61
2024-04-04 16:00:00,27,14,5,46
2024-04-04 16:10:00,23,26,9,58
2024-04-04 16:20:00,25,24,11,60
2024-04-04 16:30:00,30,18,9,57
2024-04-04 16:40:00,17,20,3,40
2024-04-04 16:50:00,28,27,10,65
2024-04-04 17:00:00,21,20,6,47
2024-04-04 17:10:00,24,29,7,60
2024-04-04 17:20:00,25,13,8,46
2024-04-04 17:30:00,22,20,10,52
2024-04-04 17:40:00,21,20,9,50
2024-04-04 17:50:00,19,32,9,60
2024-04-04 18:00:00,29,18,7,54
2024-04-04 18:10:00,23,21,9,53
2024-04-04 18:20:00,23,19,6,48
2024-04-04 18:30:00,29,16,6,51
2024-04-04 18:40:00,22,22,9,53
2024-04-04 18:50:00,17,18,3,38
2024-04-04 19:00:00,22,17,2,41
2024-04-04 19:10:00,18,11,6,35
2024-04-04 19:20:00,16,14,10,40
2024-04-04 19:30:00,17,10,4,31
2024-04-04 19:40:00,16,10,4,30
2024-04-04 19:50:00,16,9,5,30
2024-04-04 20:00:00,10,13,3,26
2024-04-04 20:10:00,18,10,4,32
2024-04-04 20:20:00,13,5,0,18
2024-04-04 20:30:00,14,9,8,31
2024-04-04 20:40:00,10,9,3,22
2024-04-04 20:50:00,9,8,5,22
2024-04-04 21:00:00,11,9,5,25
2024-04-04 21:10:00,14,14,11,39
2024-04-04 21:20:00,12,12,6,30
2024-04-04 21:30:00,8,6,3,17
2024-04-04 21:40:00,10,0,6,16
2024-04-04 21:50:00,9,5,7,21
2024-04-04 22:00:00,8,4,5,17
2024-04-04 22:10:00,5,5,5,15
2024-04-04 22:20:00,8,6,5,19
2024-04-04 22:30:00,5,7,1,13
2024-04-04 22:40:00,8,4,3,15
2024-04-04 22:50:00,8,2,2,12
2024-04-04 23:00:00,6,3,2,11
2024-04-04 23:10:00,6,4,3,13
2024-04-04 23:20:00,3,3,3,9
2024-04-04 23:30:00,5,3,1,9
2024-04-04 23:40:00,3,2,3,8
2024-04-04 23:50:00,1,1,0,2
2024-04-05 00:00:00,3,1,0,4
2024-04-05 00:10:00,3,1,0,4
2024-04-05 00:20:00,1,0,2,3
2024-04-05 00:30:00,5,4,2,11
2024-04-05 00:40:00,0,2,0,2
2024-04-05 00:50:00,1,0,1,2
2024-04-05 01:00:00,1,2,0,3
2024-04-05 01:10:00,1,2,2,5
2024-04-05 01:20:00,1,0,1,2
2024-04-05 01:30:00,2,0,1,3
2024-04-05 01:40:00,0,0,0,0
2024-04-05 01:50:00,0,0,0,0
2024-04-05 02:00:00,1,0,0,1
