datetime,V51Z,V111Z,V351Z,Total
2024-03-01 01:00:00,2,1,1,4
2024-03-01 01:10:00,1,2,0,3
2024-03-01 01:20:00,1,2,0,3
2024-03-01 01:30:00,1,2,0,3
2024-03-01 01:40:00,1,3,0,4
2024-03-01 01:50:00,0,3,0,3
2024-03-01 02:00:00,3,1,0,4
2024-03-01 02:10:00,1,1,0,2
2024-03-01 02:20:00,1,1,0,2
2024-03-01 02:30:00,0,2,0,2
2024-03-01 02:40:00,0,1,0,1
2024-03-01 02:50:00,2,1,0,3
2024-03-01 03:00:00,0,0,0,0
2024-03-01 03:10:00,3,2,0,5
2024-03-01 03:20:00,2,1,0,3
2024-03-01 03:30:00,0,0,0,0
2024-03-01 03:40:00,3,3,0,6
2024-03-01 03:50:00,2,1,0,3
2024-03-01 04:00:00,0,0,0,0
2024-03-01 04:10:00,1,3,0,4
2024-03-01 04:20:00,0,0,0,0
2024-03-01 04:30:00,4,1,0,5
2024-03-01 04:40:00,1,1,0,2
2024-03-01 04:50:00,2,1,0,3
2024-03-01 05:00:00,0,1,1,2
2024-03-01 05:10:00,3,4,0,7
2024-03-01 05:20:00,0,3,0,3
2024-03-01 05:30:00,6,4,0,10
2024-03-01 05:40:00,9,5,1,15
2024-03-01 05:50:00,5,5,1,11
2024-03-01 06:00:00,9,8,0,17
2024-03-01 06:10:00,6,9,1,16
2024-03-01 06:20:00,8,16,0,24
2024-03-01 06:30:00,8,8,0,16
2024-03-01 06:40:00,11,13,2,26
2024-03-01 06:50:00,18,9,1,28
2024-03-01 07:00:00,17,13,2,32
2024-03-01 07:10:00,13,14,3,30
2024-03-01 07:20:00,20,17,5,42
2024-03-01 07:30:00,36,22,12,70
2024-03-01 07:40:00,24,22,14,60
2024-03-01 07:50:00,26,22,7,55
2024-03-01 08:00:00,34,21,7,62
2024-03-01 08:10:00,27,18,8,53
2024-03-01 08:20:00,25,19,7,51
2024-03-01 08:30:00,26,19,6,51
2024-03-01 08:40:00,22,14,7,43
2024-03-01 08:50:00,19,24,7,50
2024-03-01 09:00:00,26,24,4,54
2024-03-01 09:10:00,24,22,4,50
2024-03-01 09:20:00,22,22,6,50
2024-03-01 09:30:00,28,23,6,57
2024-03-01 09:40:00,26,22,5,53
2024-03-01 09:50:00,31,27,5,63
2024-03-01 10:00:00,29,16,6,51
2024-03-01 10:10:00,23,19,5,47
2024-03-01 10:20:00,18,15,2,35
2024-03-01 10:30:00,20,19,1,40
2024-03-01 10:40:00,24,29,3,56
2024-03-01 10:50:00,19,16,9,44
2024-03-01 11:00:00,18,17,3,38
2024-03-01 11:10:00,37,25,3,65
2024-03-01 11:20:00,21,24,8,53
2024-03-01 11:30:00,28,31,9,68
2024-03-01 11:40:00,19,26,4,49
2024-03-01 11:50:00,21,30,2,53
2024-03-01 12:00:00,19,14,6,39
2024-03-01 12:10:00,20,23,6,49
2024-03-01 12:20:00,24,14,7,45
2024-03-01 12:30:00,26,17,10,53
2024-03-01 12:40:00,28,27,7,62
2024-03-01 12:50:00,32,19,2,53
2024-03-01 13:00:00,24,27,7,58
2024-03-01 13:10:00,30,26,9,65
2024-03-01 13:20:00,27,23,2,52
2024-03-01 13:30:00,30,20,6,56
2024-03-01 13:40:00,25,23,7,55
2024-03-01 13:50:00,21,29,4,54
2024-03-01 14:00:00,23,21,9,53
2024-03-01 14:10:00,30,34,4,68
2024-03-01 14:20:00,32,21,5,58
2024-03-01 14:30:00,15,20,8,43
2024-03-01 14:40:00,28,29,3,60
2024-03-01 14:50:00,38,25,5,68
2024-03-01 15:00:00,24,23,8,55
2024-03-01 15:10:00,33,14,4,51
2024-03-01 15:20:00,36,23,6,65
2024-03-01 15:30:00,34,22,6,62
2024-03-01 15:40:00,22,20,5,47
2024-03-01 15:50:00,22,18,9,49
2024-03-01 16:00:00,30,31,4,65
2024-03-01 16:10:00,17,29,4,50
2024-03-01 16:20:00,29,21,8,58
2024-03-01 16:30:00,22,25,4,51
2024-03-01 16:40:00,31,19,12,62
2024-03-01 16:50:00,24,23,5,52
2024-03-01 17:00:00,25,20,8,53
2024-03-01 17:10:00,24,26,6,56
2024-03-01 17:20:00,33,27,6,66
2024-03-01 17:30:00,34,36,5,75
2024-03-01 17:40:00,38,16,5,59
2024-03-01 17:50:00,25,24,8,57
2024-03-01 18:00:00,28,22,5,55
2024-03-01 18:10:00,25,33,3,61
2024-03-01 18:20:00,20,21,4,45
2024-03-01 18:30:00,20,21,2,43
2024-03-01 18:40:00,23,21,3,47
2024-03-01 18:50:00,22,15,5,42
2024-03-01 19:00:00,16,18,5,39
2024-03-01 19:10:00,13,14,5,32
2024-03-01 19:20:00,20,25,3,48
2024-03-01 19:30:00,17,25,3,45
2024-03-01 19:40:00,22,17,3,42
2024-03-01 19:50:00,17,17,7,41
2024-03-01 20:00:00,19,19,1,39
2024-03-01 20:10:00,13,23,4,40
2024-03-01 20:20:00,15,10,4,29
2024-03-01 20:30:00,10,15,3,28
2024-03-01 20:40:00,16,13,1,30
2024-03-01 20:50:00,15,14,0,29
2024-03-01 21:00:00,9,9,2,20
2024-03-01 21:10:00,11,13,3,27
2024-03-01 21:20:00,12,13,0,25
2024-03-01 21:30:00,7,14,3,24
2024-03-01 21:40:00,11,13,0,24
2024-03-01 21:50:00,8,13,0,21
2024-03-01 22:00:00,4,14,4,22
2024-03-01 22:10:00,7,18,0,25
2024-03-01 22:20:00,13,12,1,26
2024-03-01 22:30:00,7,12,1,20
2024-03-01 22:40:00,16,16,0,32
2024-03-01 22:50:00,7,18,3,28
2024-03-01 23:00:00,9,15,1,25
2024-03-01 23:10:00,10,14,0,24
2024-03-01 23:20:00,2,10,0,12
2024-03-01 23:30:00,4,12,1,17
2024-03-01 23:40:00,6,12,0,18
2024-03-01 23:50:00,4,10,0,14
2024-03-02 00:00:00,6,13,0,19
2024-03-02 00:10:00,4,11,1,16
2024-03-02 00:20:00,3,14,1,18
2024-03-02 00:30:00,6,8,2,16
2024-03-02 00:40:00,8,8,0,16
2024-03-02 00:50:00,4,4,0,8
2024-03-02 01:00:00,3,5,0,8
2024-03-02 01:10:00,8,9,0,17
2024-03-02 01:20:00,4,6,0,10
2024-03-02 01:30:00,3,6,2,11
2024-03-02 01:40:00,2,4,0,6
2024-03-02 01:50:00,2,3,0,5
2024-03-02 02:00:00,1,1,0,2
2024-03-02 02:10:00,4,2,0,6
2024-03-02 02:20:00,7,4,0,11
2024-03-02 02:30:00,1,2,0,3
2024-03-02 02:40:00,4,4,0,8
2024-03-02 02:50:00,1,2,0,3
2024-03-02 03:00:00,0,2,0,2
2024-03-02 03:10:00,2,4,1,7
2024-03-02 03:20:00,3,0,0,3
2024-03-02 03:30:00,1,3,0,4
2024-03-02 03:40:00,3,1,1,5
2024-03-02 03:50:00,1,1,1,3
2024-03-02 04:00:00,0,5,0,5
2024-03-02 04:10:00,2,1,0,3
2024-03-02 04:20:00,2,0,0,2
2024-03-02 04:30:00,1,1,0,2
2024-03-02 04:40:00,3,2,0,5
2024-03-02 04:50:00,1,1,0,2
2024-03-02 05:00:00,3,1,0,4
2024-03-02 05:10:00,0,5,0,5
2024-03-02 05:20:00,5,1,1,7
2024-03-02 05:30:00,1,1,1,3
2024-03-02 05:40:00,3,3,0,6
2024-03-02 05:50:00,2,4,0,6
2024-03-02 06:00:00,2,5,0,7
2024-03-02 06:10:00,2,3,0,5
2024-03-02 06:20:00,1,3,0,4
2024-03-02 06:30:00,0,7,0,7
2024-03-02 06:40:00,4,5,0,9
2024-03-02 06:50:00,3,5,0,8
2024-03-02 07:00:00,8,6,0,14
2024-03-02 07:10:00,5,13,0,18
2024-03-02 07:20:00,4,7,0,11
2024-03-02 07:30:00,7,9,0,16
2024-03-02 07:40:00,4,7,0,11
2024-03-02 07:50:00,9,12,5,26
2024-03-02 08:00:00,4,6,2,12
2024-03-02 08:10:00,5,3,0,8
2024-03-02 08:20:00,7,7,1,15
2024-03-02 08:30:00,6,15,2,23
2024-03-02 08:40:00,12,14,2,28
2024-03-02 08:50:00,18,12,4,34
2024-03-02 09:00:00,16,16,1,33
2024-03-02 09:10:00,11,15,1,27
2024-03-02 09:20:00,11,20,5,36
2024-03-02 09:30:00,17,17,5,39
2024-03-02 09:40:00,21,14,2,37
2024-03-02 09:50:00,29,17,5,51
2024-03-02 10:00:00,19,22,5,46
2024-03-02 10:10:00,25,21,6,52
2024-03-02 10:20:00,24,22,4,50
2024-03-02 10:30:00,24,15,5,44
2024-03-02 10:40:00,29,20,2,51
2024-03-02 10:50:00,21,19,3,43
2024-03-02 11:00:00,26,27,6,59
2024-03-02 11:10:00,30,26,6,62
2024-03-02 11:20:00,29,25,5,59
2024-03-02 11:30:00,23,16,9,48
2024-03-02 11:40:00,34,27,5,66
2024-03-02 11:50:00,22,21,6,49
2024-03-02 12:00:00,27,19,11,57
2024-03-02 12:10:00,25,21,5,51
2024-03-02 12:20:00,23,22,1,46
2024-03-02 12:30:00,28,20,5,53
2024-03-02 12:40:00,23,26,5,54
2024-03-02 12:50:00,23,20,9,52
2024-03-02 13:00:00,22,23,7,52
2024-03-02 13:10:00,24,20,9,53
2024-03-02 13:20:00,34,19,5,58
2024-03-02 13:30:00,24,24,10,58
2024-03-02 13:40:00,27,16,9,52
2024-03-02 13:50:00,32,13,16,61
2024-03-02 14:00:00,28,21,8,57
2024-03-02 14:10:00,23,24,9,56
2024-03-02 14:20:00,36,25,11,72
2024-03-02 14:30:00,25,25,10,60
2024-03-02 14:40:00,32,26,10,68
2024-03-02 14:50:00,25,24,4,53
2024-03-02 15:00:00,23,21,9,53
2024-03-02 15:10:00,30,27,6,63
2024-03-02 15:20:00,26,22,4,52
2024-03-02 15:30:00,30,20,9,59
2024-03-02 15:40:00,32,24,9,65
2024-03-02 15:50:00,23,17,7,47
2024-03-02 16:00:00,28,21,6,55
2024-03-02 16:10:00,21,21,8,50
2024-03-02 16:20:00,21,31,9,61
2024-03-02 16:30:00,20,18,7,45
2024-03-02 16:40:00,19,21,5,45
2024-03-02 16:50:00,21,16,10,47
2024-03-02 17:00:00,25,15,5,45
2024-03-02 17:10:00,30,17,3,50
2024-03-02 17:20:00,34,24,6,64
2024-03-02 17:30:00,28,20,5,53
2024-03-02 17:40:00,34,18,7,59
2024-03-02 17:50:00,36,19,3,58
2024-03-02 18:00:00,36,21,8,65
2024-03-02 18:10:00,20,17,9,46
2024-03-02 18:20:00,19,14,7,40
2024-03-02 18:30:00,14,13,7,34
2024-03-02 18:40:00,24,17,3,44
2024-03-02 18:50:00,18,24,5,47
2024-03-02 19:00:00,18,15,6,39
2024-03-02 19:10:00,16,17,6,39
2024-03-02 19:20:00,22,17,3,42
2024-03-02 19:30:00,19,16,3,38
2024-03-02 19:40:00,17,19,2,38
2024-03-02 19:50:00,14,15,2,31
2024-03-02 20:00:00,14,19,3,36
2024-03-02 20:10:00,14,18,3,35
2024-03-02 20:20:00,15,17,3,35
2024-03-02 20:30:00,12,15,3,30
2024-03-02 20:40:00,10,10,2,22
2024-03-02 20:50:00,16,17,1,34
2024-03-02 21:00:00,18,14,2,34
2024-03-02 21:10:00,12,11,3,26
2024-03-02 21:20:00,11,14,1,26
2024-03-02 21:30:00,10,8,3,21
2024-03-02 21:40:00,9,15,1,25
2024-03-02 21:50:00,13,12,1,26
2024-03-02 22:00:00,7,11,1,19
2024-03-02 22:10:00,4,11,2,17
2024-03-02 22:20:00,5,18,3,26
2024-03-02 22:30:00,8,13,1,22
2024-03-02 22:40:00,13,13,2,28
2024-03-02 22:50:00,10,9,1,20
2024-03-02 23:00:00,8,10,5,23
2024-03-02 23:10:00,11,10,1,22
2024-03-02 23:20:00,6,9,0,15
2024-03-02 23:30:00,15,10,1,26
2024-03-02 23:40:00,7,8,0,15
2024-03-02 23:50:00,4,8,1,13
2024-03-03 00:00:00,2,5,0,7
2024-03-03 00:10:00,3,9,1,13
2024-03-03 00:20:00,3,5,0,8
2024-03-03 00:30:00,2,7,2,11
2024-03-03 00:40:00,4,9,0,13
2024-03-03 00:50:00,5,8,0,13
2024-03-03 01:00:00,6,9,1,16
2024-03-03 01:10:00,4,7,0,11
2024-03-03 01:20:00,3,4,2,9
2024-03-03 01:30:00,1,3,0,4
2024-03-03 01:40:00,3,6,0,9
2024-03-03 01:50:00,4,6,0,10
2024-03-03 02:00:00,2,6,0,8
2024-03-03 02:10:00,2,4,0,6
2024-03-03 02:20:00,5,3,0,8
2024-03-03 02:30:00,2,3,0,5
2024-03-03 02:40:00,1,4,0,5
2024-03-03 02:50:00,4,2,0,6
2024-03-03 03:00:00,0,5,0,5
2024-03-03 03:10:00,3,1,0,4
2024-03-03 03:20:00,5,4,0,9
2024-03-03 03:30:00,1,2,0,3
2024-03-03 03:40:00,3,6,0,9
2024-03-03 03:50:00,0,3,0,3
2024-03-03 04:00:00,1,5,0,6
2024-03-03 04:10:00,1,1,0,2
2024-03-03 04:20:00,4,2,0,6
2024-03-03 04:30:00,2,4,0,6
2024-03-03 04:40:00,2,3,0,5
2024-03-03 04:50:00,2,2,0,4
2024-03-03 05:00:00,1,2,0,3
2024-03-03 05:10:00,2,3,0,5
2024-03-03 05:20:00,4,3,0,7
2024-03-03 05:30:00,2,2,0,4
2024-03-03 05:40:00,1,0,0,1
2024-03-03 05:50:00,0,1,2,3
2024-03-03 06:00:00,1,1,0,2
2024-03-03 06:10:00,1,1,0,2
2024-03-03 06:20:00,0,6,0,6
2024-03-03 06:30:00,1,3,0,4
2024-03-03 06:40:00,2,2,1,5
2024-03-03 06:50:00,0,0,0,0
2024-03-03 07:00:00,1,3,0,4
2024-03-03 07:10:00,4,2,0,6
2024-03-03 07:20:00,2,1,0,3
2024-03-03 07:30:00,3,2,0,5
2024-03-03 07:40:00,5,3,1,9
2024-03-03 07:50:00,3,7,0,10
2024-03-03 08:00:00,1,4,1,6
2024-03-03 08:10:00,2,2,0,4
2024-03-03 08:20:00,2,3,0,5
2024-03-03 08:30:00,3,8,2,13
2024-03-03 08:40:00,4,9,0,13
2024-03-03 08:50:00,9,7,1,17
2024-03-03 09:00:00,4,8,0,12
2024-03-03 09:10:00,8,10,0,18
2024-03-03 09:20:00,14,7,2,23
2024-03-03 09:30:00,9,12,1,22
2024-03-03 09:40:00,17,10,3,30
2024-03-03 09:50:00,7,11,0,18
2024-03-03 10:00:00,13,11,2,26
2024-03-03 10:10:00,19,12,0,31
2024-03-03 10:20:00,8,17,2,27
2024-03-03 10:30:00,15,11,0,26
2024-03-03 10:40:00,9,16,1,26
2024-03-03 10:50:00,13,20,1,34
2024-03-03 11:00:00,13,12,1,26
2024-03-03 11:10:00,14,19,1,34
2024-03-03 11:20:00,12,14,3,29
2024-03-03 11:30:00,10,13,1,24
2024-03-03 11:40:00,16,20,2,38
2024-03-03 11:50:00,15,15,2,32
2024-03-03 12:00:00,14,21,4,39
2024-03-03 12:10:00,12,18,6,36
2024-03-03 12:20:00,15,30,5,50
2024-03-03 12:30:00,14,21,0,35
2024-03-03 12:40:00,10,19,6,35
2024-03-03 12:50:00,15,22,1,38
2024-03-03 13:00:00,9,18,7,34
2024-03-03 13:10:00,14,21,6,41
2024-03-03 13:20:00,12,24,15,51
2024-03-03 13:30:00,18,22,1,41
2024-03-03 13:40:00,18,20,5,43
2024-03-03 13:50:00,17,21,10,48
2024-03-03 14:00:00,24,20,6,50
2024-03-03 14:10:00,19,20,8,47
2024-03-03 14:20:00,20,21,10,51
2024-03-03 14:30:00,10,23,6,39
2024-03-03 14:40:00,18,26,5,49
2024-03-03 14:50:00,20,19,6,45
2024-03-03 15:00:00,11,22,3,36
2024-03-03 15:10:00,21,25,1,47
2024-03-03 15:20:00,21,17,2,40
2024-03-03 15:30:00,15,23,4,42
2024-03-03 15:40:00,6,19,5,30
2024-03-03 15:50:00,17,28,6,51
2024-03-03 16:00:00,16,21,6,43
2024-03-03 16:10:00,22,14,4,40
2024-03-03 16:20:00,11,24,2,37
2024-03-03 16:30:00,8,14,1,23
2024-03-03 16:40:00,21,16,7,44
2024-03-03 16:50:00,17,16,3,36
2024-03-03 17:00:00,13,21,5,39
2024-03-03 17:10:00,23,14,6,43
2024-03-03 17:20:00,25,18,6,49
2024-03-03 17:30:00,22,21,5,48
2024-03-03 17:40:00,25,21,4,50
2024-03-03 17:50:00,25,13,4,42
2024-03-03 18:00:00,16,20,0,36
2024-03-03 18:10:00,14,15,3,32
2024-03-03 18:20:00,20,17,8,45
2024-03-03 18:30:00,13,18,3,34
2024-03-03 18:40:00,12,22,4,38
2024-03-03 18:50:00,18,22,3,43
2024-03-03 19:00:00,15,16,3,34
2024-03-03 19:10:00,12,14,1,27
2024-03-03 19:20:00,9,15,2,26
2024-03-03 19:30:00,16,12,1,29
2024-03-03 19:40:00,12,16,0,28
2024-03-03 19:50:00,8,20,2,30
2024-03-03 20:00:00,15,16,1,32
2024-03-03 20:10:00,8,8,1,17
2024-03-03 20:20:00,10,15,0,25
2024-03-03 20:30:00,6,14,0,20
2024-03-03 20:40:00,7,16,1,24
2024-03-03 20:50:00,12,12,1,25
2024-03-03 21:00:00,7,16,0,23
2024-03-03 21:10:00,7,13,0,20
2024-03-03 21:20:00,7,13,1,21
2024-03-03 21:30:00,6,8,1,15
2024-03-03 21:40:00,5,10,0,15
2024-03-03 21:50:00,8,18,0,26
2024-03-03 22:00:00,10,17,1,28
2024-03-03 22:10:00,6,9,1,16
2024-03-03 22:20:00,4,13,0,17
2024-03-03 22:30:00,11,5,2,18
2024-03-03 22:40:00,7,8,0,15
2024-03-03 22:50:00,3,9,0,12
2024-03-03 23:00:00,3,9,0,12
2024-03-03 23:10:00,4,3,0,7
2024-03-03 23:20:00,3,7,0,10
2024-03-03 23:30:00,1,4,0,5
2024-03-03 23:40:00,3,10,0,13
2024-03-03 23:50:00,1,10,0,11
2024-03-04 00:00:00,1,5,0,6
2024-03-04 00:10:00,3,2,0,5
2024-03-04 00:20:00,1,3,0,4
2024-03-04 00:30:00,4,3,0,7
2024-03-04 00:40:00,2,2,0,4
2024-03-04 00:50:00,0,0,0,0
2024-03-04 01:00:00,0,1,0,1
2024-03-04 01:10:00,1,3,0,4
2024-03-04 01:20:00,0,4,0,4
2024-03-04 01:30:00,2,2,0,4
2024-03-04 01:40:00,0,2,0,2
2024-03-04 01:50:00,0,1,0,1
2024-03-04 02:00:00,0,0,0,0
2024-03-04 02:10:00,1,0,0,1
2024-03-04 02:20:00,0,0,0,0
2024-03-04 02:30:00,0,4,0,4
2024-03-04 02:40:00,1,2,0,3
2024-03-04 02:50:00,0,0,0,0
2024-03-04 03:00:00,0,0,0,0
2024-03-04 03:10:00,1,0,0,1
2024-03-04 03:20:00,2,2,0,4
2024-03-04 03:30:00,0,4,0,4
2024-03-04 03:40:00,1,0,0,1
2024-03-04 03:50:00,1,1,0,2
2024-03-04 04:00:00,0,0,0,0
2024-03-04 04:10:00,1,3,0,4
2024-03-04 04:20:00,1,1,0,2
2024-03-04 04:30:00,2,0,0,2
2024-03-04 04:40:00,1,0,0,1
2024-03-04 04:50:00,3,2,0,5
2024-03-04 05:00:00,0,2,0,2
2024-03-04 05:10:00,2,3,0,5
2024-03-04 05:20:00,3,2,0,5
2024-03-04 05:30:00,3,3,1,7
2024-03-04 05:40:00,6,6,0,12
2024-03-04 05:50:00,6,9,0,15
2024-03-04 06:00:00,7,8,0,15
2024-03-04 06:10:00,10,12,0,22
2024-03-04 06:20:00,10,13,1,24
2024-03-04 06:30:00,8,9,1,18
2024-03-04 06:40:00,11,16,3,30
2024-03-04 06:50:00,17,12,3,32
2024-03-04 07:00:00,16,15,0,31
2024-03-04 07:10:00,14,13,1,28
2024-03-04 07:20:00,21,16,10,47
2024-03-04 07:30:00,30,22,8,60
2024-03-04 07:40:00,20,13,15,48
2024-03-04 07:50:00,28,20,5,53
2024-03-04 08:00:00,26,11,4,41
2024-03-04 08:10:00,29,15,9,53
2024-03-04 08:20:00,17,17,5,39
2024-03-04 08:30:00,26,19,3,48
2024-03-04 08:40:00,22,24,3,49
2024-03-04 08:50:00,20,28,9,57
2024-03-04 09:00:00,17,13,4,34
2024-03-04 09:10:00,17,20,2,39
2024-03-04 09:20:00,23,23,4,50
2024-03-04 09:30:00,30,18,3,51
2024-03-04 09:40:00,21,17,4,42
2024-03-04 09:50:00,25,19,6,50
2024-03-04 10:00:00,25,17,3,45
2024-03-04 10:10:00,24,16,10,50
2024-03-04 10:20:00,23,22,1,46
2024-03-04 10:30:00,21,22,5,48
2024-03-04 10:40:00,19,28,4,51
2024-03-04 10:50:00,19,24,4,47
2024-03-04 11:00:00,18,18,2,38
2024-03-04 11:10:00,24,23,3,50
2024-03-04 11:20:00,18,20,6,44
2024-03-04 11:30:00,21,18,6,45
2024-03-04 11:40:00,29,24,5,58
2024-03-04 11:50:00,23,22,4,49
2024-03-04 12:00:00,18,23,2,43
2024-03-04 12:10:00,26,24,2,52
2024-03-04 12:20:00,15,21,3,39
2024-03-04 12:30:00,29,24,8,61
2024-03-04 12:40:00,22,34,3,59
2024-03-04 12:50:00,29,24,6,59
2024-03-04 13:00:00,25,22,5,52
2024-03-04 13:10:00,25,17,9,51
2024-03-04 13:20:00,19,19,8,46
2024-03-04 13:30:00,23,16,5,44
2024-03-04 13:40:00,25,20,4,49
2024-03-04 13:50:00,18,22,4,44
2024-03-04 14:00:00,23,25,6,54
2024-03-04 14:10:00,19,27,6,52
2024-03-04 14:20:00,20,21,8,49
2024-03-04 14:30:00,29,31,13,73
2024-03-04 14:40:00,24,26,7,57
2024-03-04 14:50:00,22,29,8,59
2024-03-04 15:00:00,29,18,5,52
2024-03-04 15:10:00,30,26,6,62
2024-03-04 15:20:00,21,26,6,53
2024-03-04 15:30:00,25,14,9,48
2024-03-04 15:40:00,30,24,7,61
2024-03-04 15:50:00,28,25,5,58
2024-03-04 16:00:00,23,15,11,49
2024-03-04 16:10:00,34,20,9,63
2024-03-04 16:20:00,30,22,7,59
2024-03-04 16:30:00,25,26,6,57
2024-03-04 16:40:00,31,29,5,65
2024-03-04 16:50:00,21,15,7,43
2024-03-04 17:00:00,22,23,9,54
2024-03-04 17:10:00,20,27,3,50
2024-03-04 17:20:00,21,20,8,49
2024-03-04 17:30:00,18,24,3,45
2024-03-04 17:40:00,21,20,4,45
2024-03-04 17:50:00,26,30,6,62
2024-03-04 18:00:00,21,20,9,50
2024-03-04 18:10:00,18,17,4,39
2024-03-04 18:20:00,18,18,3,39
2024-03-04 18:30:00,14,24,1,39
2024-03-04 18:40:00,17,23,3,43
2024-03-04 18:50:00,25,23,7,55
2024-03-04 19:00:00,12,23,4,39
2024-03-04 19:10:00,10,25,2,37
2024-03-04 19:20:00,16,16,1,33
2024-03-04 19:30:00,14,17,2,33
2024-03-04 19:40:00,20,20,2,42
2024-03-04 19:50:00,11,20,2,33
2024-03-04 20:00:00,19,20,3,42
2024-03-04 20:10:00,8,12,2,22
2024-03-04 20:20:00,11,21,2,34
2024-03-04 20:30:00,8,15,1,24
2024-03-04 20:40:00,10,14,0,24
2024-03-04 20:50:00,10,11,2,23
2024-03-04 21:00:00,12,8,2,22
2024-03-04 21:10:00,12,14,1,27
2024-03-04 21:20:00,8,9,4,21
2024-03-04 21:30:00,5,11,1,17
2024-03-04 21:40:00,9,16,2,27
2024-03-04 21:50:00,10,7,0,17
2024-03-04 22:00:00,5,6,4,15
2024-03-04 22:10:00,3,8,1,12
2024-03-04 22:20:00,7,15,0,22
2024-03-04 22:30:00,6,14,0,20
2024-03-04 22:40:00,4,4,0,8
2024-03-04 22:50:00,4,4,2,10
2024-03-04 23:00:00,3,10,0,13
2024-03-04 23:10:00,4,4,0,8
2024-03-04 23:20:00,3,2,0,5
2024-03-04 23:30:00,1,3,0,4
2024-03-04 23:40:00,3,2,0,5
2024-03-04 23:50:00,4,2,0,6
2024-03-05 00:00:00,1,1,1,3
2024-03-05 00:10:00,4,6,1,11
2024-03-05 00:20:00,2,1,0,3
2024-03-05 00:30:00,1,3,0,4
2024-03-05 00:40:00,4,3,0,7
2024-03-05 00:50:00,3,1,0,4
2024-03-05 01:00:00,0,0,2,2
2024-03-05 01:10:00,0,3,0,3
2024-03-05 01:20:00,1,2,0,3
2024-03-05 01:30:00,0,4,0,4
2024-03-05 01:40:00,3,1,0,4
2024-03-05 01:50:00,1,2,0,3
2024-03-05 02:00:00,2,1,0,3
2024-03-05 02:10:00,1,1,1,3
2024-03-05 02:20:00,1,1,1,3
2024-03-05 02:30:00,2,0,1,3
2024-03-05 02:40:00,1,1,0,2
2024-03-05 02:50:00,3,1,0,4
2024-03-05 03:00:00,1,0,0,1
2024-03-05 03:10:00,0,0,0,0
2024-03-05 03:20:00,2,0,0,2
2024-03-05 03:30:00,1,0,0,1
2024-03-05 03:40:00,1,1,0,2
2024-03-05 03:50:00,1,1,0,2
2024-03-05 04:00:00,1,0,0,1
2024-03-05 04:10:00,1,0,0,1
2024-03-05 04:20:00,0,2,0,2
2024-03-05 04:30:00,5,1,0,6
2024-03-05 04:40:00,1,2,0,3
2024-03-05 04:50:00,3,2,0,5
2024-03-05 05:00:00,1,4,0,5
2024-03-05 05:10:00,6,4,0,10
2024-03-05 05:20:00,3,2,0,5
2024-03-05 05:30:00,3,5,0,8
2024-03-05 05:40:00,9,6,0,15
2024-03-05 05:50:00,7,9,1,17
2024-03-05 06:00:00,9,8,0,17
2024-03-05 06:10:00,5,12,0,17
2024-03-05 06:20:00,6,16,0,22
2024-03-05 06:30:00,12,8,0,20
2024-03-05 06:40:00,12,9,0,21
2024-03-05 06:50:00,19,12,4,35
2024-03-05 07:00:00,14,18,1,33
2024-03-05 07:10:00,14,18,0,32
2024-03-05 07:20:00,17,14,6,37
2024-03-05 07:30:00,26,16,9,51
2024-03-05 07:40:00,35,8,10,53
2024-03-05 07:50:00,32,18,11,61
2024-03-05 08:00:00,30,19,8,57
2024-03-05 08:10:00,26,20,5,51
2024-03-05 08:20:00,27,13,5,45
2024-03-05 08:30:00,22,19,3,44
2024-03-05 08:40:00,26,24,4,54
2024-03-05 08:50:00,28,25,5,58
2024-03-05 09:00:00,28,29,1,58
2024-03-05 09:10:00,19,24,3,46
2024-03-05 09:20:00,26,18,3,47
2024-03-05 09:30:00,26,23,5,54
2024-03-05 09:40:00,24,19,4,47
2024-03-05 09:50:00,27,19,6,52
2024-03-05 10:00:00,23,20,2,45
2024-03-05 10:10:00,30,24,0,54
2024-03-05 10:20:00,23,23,2,48
2024-03-05 10:30:00,20,22,2,44
2024-03-05 10:40:00,19,26,6,51
2024-03-05 10:50:00,20,24,3,47
2024-03-05 11:00:00,25,20,2,47
2024-03-05 11:10:00,19,18,2,39
2024-03-05 11:20:00,24,26,1,51
2024-03-05 11:30:00,16,19,5,40
2024-03-05 11:40:00,26,24,7,57
2024-03-05 11:50:00,19,20,7,46
2024-03-05 12:00:00,26,30,1,57
2024-03-05 12:10:00,22,25,6,53
2024-03-05 12:20:00,26,27,5,58
2024-03-05 12:30:00,22,16,6,44
2024-03-05 12:40:00,23,20,7,50
2024-03-05 12:50:00,22,20,3,45
2024-03-05 13:00:00,27,25,4,56
2024-03-05 13:10:00,21,15,13,49
2024-03-05 13:20:00,28,22,5,55
2024-03-05 13:30:00,23,26,3,52
2024-03-05 13:40:00,20,25,9,54
2024-03-05 13:50:00,26,18,3,47
2024-03-05 14:00:00,23,21,3,47
2024-03-05 14:10:00,26,28,6,60
2024-03-05 14:20:00,27,23,8,58
2024-03-05 14:30:00,25,21,12,58
2024-03-05 14:40:00,21,25,8,54
2024-03-05 14:50:00,17,17,8,42
2024-03-05 15:00:00,18,24,7,49
2024-03-05 15:10:00,23,25,7,55
2024-03-05 15:20:00,22,22,5,49
2024-03-05 15:30:00,26,12,9,47
2024-03-05 15:40:00,25,23,4,52
2024-03-05 15:50:00,15,13,8,36
2024-03-05 16:00:00,22,35,4,61
2024-03-05 16:10:00,20,28,11,59
2024-03-05 16:20:00,20,21,3,44
2024-03-05 16:30:00,33,22,6,61
2024-03-05 16:40:00,26,25,2,53
2024-03-05 16:50:00,33,26,5,64
2024-03-05 17:00:00,28,22,8,58
2024-03-05 17:10:00,18,22,4,44
2024-03-05 17:20:00,22,28,5,55
2024-03-05 17:30:00,18,22,9,49
2024-03-05 17:40:00,16,19,5,40
2024-03-05 17:50:00,26,18,0,44
2024-03-05 18:00:00,25,25,7,57
2024-03-05 18:10:00,14,27,4,45
2024-03-05 18:20:00,19,15,4,38
2024-03-05 18:30:00,20,15,4,39
2024-03-05 18:40:00,23,19,8,50
2024-03-05 18:50:00,23,20,6,49
2024-03-05 19:00:00,23,27,3,53
2024-03-05 19:10:00,17,17,4,38
2024-03-05 19:20:00,19,22,4,45
2024-03-05 19:30:00,15,19,6,40
2024-03-05 19:40:00,15,21,6,42
2024-03-05 19:50:00,14,18,2,34
2024-03-05 20:00:00,15,14,2,31
2024-03-05 20:10:00,21,16,1,38
2024-03-05 20:20:00,15,13,0,28
2024-03-05 20:30:00,9,13,1,23
2024-03-05 20:40:00,11,19,1,31
2024-03-05 20:50:00,7,13,0,20
2024-03-05 21:00:00,7,14,3,24
2024-03-05 21:10:00,8,13,2,23
2024-03-05 21:20:00,11,13,3,27
2024-03-05 21:30:00,6,11,3,20
2024-03-05 21:40:00,10,10,0,20
2024-03-05 21:50:00,9,9,1,19
2024-03-05 22:00:00,4,10,1,15
2024-03-05 22:10:00,8,19,1,28
2024-03-05 22:20:00,10,15,0,25
2024-03-05 22:30:00,6,9,0,15
2024-03-05 22:40:00,6,7,1,14
2024-03-05 22:50:00,1,9,1,11
2024-03-05 23:00:00,3,10,1,14
2024-03-05 23:10:00,7,10,1,18
2024-03-05 23:20:00,3,6,0,9
2024-03-05 23:30:00,2,11,1,14
2024-03-05 23:40:00,5,7,1,13
2024-03-05 23:50:00,2,4,0,6
2024-03-06 00:00:00,1,4,0,5
2024-03-06 00:10:00,2,3,0,5
2024-03-06 00:20:00,3,7,1,11
2024-03-06 00:30:00,0,1,0,1
2024-03-06 00:40:00,1,3,0,4
2024-03-06 00:50:00,2,5,0,7
2024-03-06 01:00:00,0,6,0,6
2024-03-06 01:10:00,2,4,0,6
2024-03-06 01:20:00,2,3,0,5
2024-03-06 01:30:00,1,3,1,5
2024-03-06 01:40:00,1,0,0,1
2024-03-06 01:50:00,0,2,0,2
2024-03-06 02:00:00,0,1,0,1
2024-03-06 02:10:00,1,1,0,2
2024-03-06 02:20:00,1,1,0,2
2024-03-06 02:30:00,2,0,0,2
2024-03-06 02:40:00,0,1,0,1
2024-03-06 02:50:00,2,0,0,2
2024-03-06 03:00:00,1,2,0,3
2024-03-06 03:10:00,2,1,0,3
2024-03-06 03:20:00,2,1,0,3
2024-03-06 03:30:00,0,0,1,1
2024-03-06 03:40:00,0,1,0,1
2024-03-06 03:50:00,1,3,0,4
2024-03-06 04:00:00,0,0,0,0
2024-03-06 04:10:00,1,2,0,3
2024-03-06 04:20:00,0,1,0,1
2024-03-06 04:30:00,2,0,0,2
2024-03-06 04:40:00,3,1,0,4
2024-03-06 04:50:00,2,0,0,2
2024-03-06 05:00:00,1,2,0,3
2024-03-06 05:10:00,2,5,0,7
2024-03-06 05:20:00,0,6,0,6
2024-03-06 05:30:00,11,6,1,18
2024-03-06 05:40:00,6,8,0,14
2024-03-06 05:50:00,8,10,1,19
2024-03-06 06:00:00,7,9,1,17
2024-03-06 06:10:00,8,8,0,16
2024-03-06 06:20:00,11,11,0,22
2024-03-06 06:30:00,11,14,0,25
2024-03-06 06:40:00,16,12,2,30
2024-03-06 06:50:00,12,9,2,23
2024-03-06 07:00:00,17,12,1,30
2024-03-06 07:10:00,20,16,0,36
2024-03-06 07:20:00,28,18,7,53
2024-03-06 07:30:00,30,20,7,57
2024-03-06 07:40:00,33,21,13,67
2024-03-06 07:50:00,29,29,5,63
2024-03-06 08:00:00,24,18,5,47
2024-03-06 08:10:00,26,23,6,55
2024-03-06 08:20:00,24,23,5,52
2024-03-06 08:30:00,32,12,5,49
2024-03-06 08:40:00,21,24,3,48
2024-03-06 08:50:00,27,17,4,48
2024-03-06 09:00:00,26,17,3,46
2024-03-06 09:10:00,14,14,3,31
2024-03-06 09:20:00,25,14,4,43
2024-03-06 09:30:00,29,19,2,50
2024-03-06 09:40:00,20,16,6,42
2024-03-06 09:50:00,25,20,6,51
2024-03-06 10:00:00,20,22,5,47
2024-03-06 10:10:00,20,16,3,39
2024-03-06 10:20:00,34,23,0,57
2024-03-06 10:30:00,22,23,8,53
2024-03-06 10:40:00,22,22,1,45
2024-03-06 10:50:00,22,20,8,50
2024-03-06 11:00:00,15,23,8,46
2024-03-06 11:10:00,18,19,1,38
2024-03-06 11:20:00,18,25,2,45
2024-03-06 11:30:00,22,19,7,48
2024-03-06 11:40:00,30,27,1,58
2024-03-06 11:50:00,21,22,2,45
2024-03-06 12:00:00,20,24,3,47
2024-03-06 12:10:00,17,17,7,41
2024-03-06 12:20:00,20,24,7,51
2024-03-06 12:30:00,20,19,13,52
2024-03-06 12:40:00,26,22,6,54
2024-03-06 12:50:00,27,23,9,59
2024-03-06 13:00:00,34,18,5,57
2024-03-06 13:10:00,26,18,13,57
2024-03-06 13:20:00,25,28,6,59
2024-03-06 13:30:00,17,23,7,47
2024-03-06 13:40:00,19,23,4,46
2024-03-06 13:50:00,17,25,5,47
2024-03-06 14:00:00,19,27,8,54
2024-03-06 14:10:00,24,16,8,48
2024-03-06 14:20:00,22,14,6,42
2024-03-06 14:30:00,23,17,6,46
2024-03-06 14:40:00,26,23,7,56
2024-03-06 14:50:00,21,20,3,44
2024-03-06 15:00:00,24,24,5,53
2024-03-06 15:10:00,36,21,5,62
2024-03-06 15:20:00,23,16,8,47
2024-03-06 15:30:00,30,21,7,58
2024-03-06 15:40:00,27,19,5,51
2024-03-06 15:50:00,35,22,5,62
2024-03-06 16:00:00,20,32,3,55
2024-03-06 16:10:00,29,24,5,58
2024-03-06 16:20:00,29,22,5,56
2024-03-06 16:30:00,20,26,6,52
2024-03-06 16:40:00,25,17,6,48
2024-03-06 16:50:00,25,24,5,54
2024-03-06 17:00:00,26,23,8,57
2024-03-06 17:10:00,28,17,8,53
2024-03-06 17:20:00,29,26,4,59
2024-03-06 17:30:00,28,28,3,59
2024-03-06 17:40:00,23,24,5,52
2024-03-06 17:50:00,28,19,4,51
2024-03-06 18:00:00,24,24,6,54
2024-03-06 18:10:00,26,31,5,62
2024-03-06 18:20:00,20,16,9,45
2024-03-06 18:30:00,23,12,0,35
2024-03-06 18:40:00,10,19,5,34
2024-03-06 18:50:00,15,18,4,37
2024-03-06 19:00:00,15,18,4,37
2024-03-06 19:10:00,17,15,6,38
2024-03-06 19:20:00,12,23,7,42
2024-03-06 19:30:00,21,13,5,39
2024-03-06 19:40:00,17,18,5,40
2024-03-06 19:50:00,14,18,2,34
2024-03-06 20:00:00,11,13,2,26
2024-03-06 20:10:00,13,14,4,31
2024-03-06 20:20:00,8,13,2,23
2024-03-06 20:30:00,14,16,2,32
2024-03-06 20:40:00,12,13,0,25
2024-03-06 20:50:00,8,9,1,18
2024-03-06 21:00:00,9,13,4,26
2024-03-06 21:10:00,9,8,0,17
2024-03-06 21:20:00,7,11,1,19
2024-03-06 21:30:00,3,12,2,17
2024-03-06 21:40:00,3,8,1,12
2024-03-06 21:50:00,13,11,2,26
2024-03-06 22:00:00,2,13,2,17
2024-03-06 22:10:00,10,11,2,23
2024-03-06 22:20:00,9,10,0,19
2024-03-06 22:30:00,6,9,3,18
2024-03-06 22:40:00,9,7,1,17
2024-03-06 22:50:00,3,9,3,15
2024-03-06 23:00:00,5,7,0,12
2024-03-06 23:10:00,4,7,0,11
2024-03-06 23:20:00,5,5,0,10
2024-03-06 23:30:00,1,8,1,10
2024-03-06 23:40:00,5,5,0,10
2024-03-06 23:50:00,4,4,0,8
2024-03-07 00:00:00,2,2,0,4
2024-03-07 00:10:00,6,3,0,9
2024-03-07 00:20:00,4,5,0,9
2024-03-07 00:30:00,4,5,0,9
2024-03-07 00:40:00,2,3,1,6
2024-03-07 00:50:00,2,2,0,4
2024-03-07 01:00:00,3,3,0,6
2024-03-07 01:10:00,1,5,0,6
2024-03-07 01:20:00,1,1,1,3
2024-03-07 01:30:00,4,5,0,9
2024-03-07 01:40:00,1,1,0,2
2024-03-07 01:50:00,2,0,0,2
2024-03-07 02:00:00,2,3,0,5
2024-03-07 02:10:00,1,0,0,1
2024-03-07 02:20:00,0,0,0,0
2024-03-07 02:30:00,0,1,1,2
2024-03-07 02:40:00,0,0,0,0
2024-03-07 02:50:00,0,0,0,0
2024-03-07 03:00:00,0,1,0,1
2024-03-07 03:10:00,1,0,0,1
2024-03-07 03:20:00,2,0,0,2
2024-03-07 03:30:00,1,1,0,2
2024-03-07 03:40:00,1,0,0,1
2024-03-07 03:50:00,3,2,0,5
2024-03-07 04:00:00,0,0,0,0
2024-03-07 04:10:00,1,3,0,4
2024-03-07 04:20:00,0,0,1,1
2024-03-07 04:30:00,2,0,0,2
2024-03-07 04:40:00,3,0,0,3
2024-03-07 04:50:00,3,2,0,5
2024-03-07 05:00:00,2,0,0,2
2024-03-07 05:10:00,2,2,0,4
2024-03-07 05:20:00,0,5,0,5
2024-03-07 05:30:00,4,4,0,8
2024-03-07 05:40:00,10,4,0,14
2024-03-07 05:50:00,7,7,0,14
2024-03-07 06:00:00,3,9,0,12
2024-03-07 06:10:00,8,7,1,16
2024-03-07 06:20:00,10,7,0,17
2024-03-07 06:30:00,10,10,0,20
2024-03-07 06:40:00,20,11,2,33
2024-03-07 06:50:00,21,20,1,42
2024-03-07 07:00:00,13,14,2,29
2024-03-07 07:10:00,26,8,3,37
2024-03-07 07:20:00,12,16,4,32
2024-03-07 07:30:00,32,17,13,62
2024-03-07 07:40:00,32,18,11,61
2024-03-07 07:50:00,36,15,12,63
2024-03-07 08:00:00,26,17,7,50
2024-03-07 08:10:00,32,13,5,50
2024-03-07 08:20:00,19,20,8,47
2024-03-07 08:30:00,26,23,7,56
2024-03-07 08:40:00,22,16,3,41
2024-03-07 08:50:00,16,19,6,41
2024-03-07 09:00:00,22,17,5,44
2024-03-07 09:10:00,14,19,4,37
2024-03-07 09:20:00,21,20,4,45
2024-03-07 09:30:00,17,22,7,46
2024-03-07 09:40:00,20,21,6,47
2024-03-07 09:50:00,25,26,5,56
2024-03-07 10:00:00,26,19,6,51
2024-03-07 10:10:00,30,20,3,53
2024-03-07 10:20:00,16,24,6,46
2024-03-07 10:30:00,24,19,3,46
2024-03-07 10:40:00,27,22,5,54
2024-03-07 10:50:00,24,21,4,49
2024-03-07 11:00:00,27,22,5,54
2024-03-07 11:10:00,26,21,1,48
2024-03-07 11:20:00,27,22,8,57
2024-03-07 11:30:00,25,16,6,47
2024-03-07 11:40:00,25,25,6,56
2024-03-07 11:50:00,23,16,5,44
2024-03-07 12:00:00,25,17,8,50
2024-03-07 12:10:00,25,20,2,47
2024-03-07 12:20:00,35,29,4,68
2024-03-07 12:30:00,17,21,4,42
2024-03-07 12:40:00,30,27,6,63
2024-03-07 12:50:00,28,22,4,54
2024-03-07 13:00:00,23,18,12,53
2024-03-07 13:10:00,29,21,12,62
2024-03-07 13:20:00,27,22,10,59
2024-03-07 13:30:00,35,20,8,63
2024-03-07 13:40:00,28,26,7,61
2024-03-07 13:50:00,22,23,9,54
2024-03-07 14:00:00,26,17,9,52
2024-03-07 14:10:00,26,20,5,51
2024-03-07 14:20:00,27,20,3,50
2024-03-07 14:30:00,26,13,7,46
2024-03-07 14:40:00,25,20,9,54
2024-03-07 14:50:00,28,22,7,57
2024-03-07 15:00:00,25,22,8,55
2024-03-07 15:10:00,27,20,8,55
2024-03-07 15:20:00,21,23,5,49
2024-03-07 15:30:00,20,23,7,50
2024-03-07 15:40:00,25,24,5,54
2024-03-07 15:50:00,21,23,5,49
2024-03-07 16:00:00,29,18,10,57
2024-03-07 16:10:00,26,21,5,52
2024-03-07 16:20:00,31,27,4,62
2024-03-07 16:30:00,29,21,6,56
2024-03-07 16:40:00,32,22,6,60
2024-03-07 16:50:00,39,22,8,69
2024-03-07 17:00:00,31,20,7,58
2024-03-07 17:10:00,25,22,6,53
2024-03-07 17:20:00,24,22,6,52
2024-03-07 17:30:00,21,30,8,59
2024-03-07 17:40:00,27,23,6,56
2024-03-07 17:50:00,24,22,7,53
2024-03-07 18:00:00,24,20,4,48
2024-03-07 18:10:00,22,15,5,42
2024-03-07 18:20:00,24,14,6,44
2024-03-07 18:30:00,21,24,3,48
2024-03-07 18:40:00,17,21,3,41
2024-03-07 18:50:00,13,19,4,36
2024-03-07 19:00:00,21,12,0,33
2024-03-07 19:10:00,19,15,4,38
2024-03-07 19:20:00,20,18,5,43
2024-03-07 19:30:00,16,18,5,39
2024-03-07 19:40:00,20,17,2,39
2024-03-07 19:50:00,13,10,6,29
2024-03-07 20:00:00,16,15,2,33
2024-03-07 20:10:00,16,15,5,36
2024-03-07 20:20:00,12,13,4,29
2024-03-07 20:30:00,8,12,1,21
2024-03-07 20:40:00,10,15,1,26
2024-03-07 20:50:00,10,14,1,25
2024-03-07 21:00:00,11,10,6,27
2024-03-07 21:10:00,8,8,2,18
2024-03-07 21:20:00,11,16,5,32
2024-03-07 21:30:00,11,13,0,24
2024-03-07 21:40:00,7,10,0,17
2024-03-07 21:50:00,8,10,2,20
2024-03-07 22:00:00,10,14,0,24
2024-03-07 22:10:00,9,16,0,25
2024-03-07 22:20:00,10,13,4,27
2024-03-07 22:30:00,2,9,2,13
2024-03-07 22:40:00,7,9,2,18
2024-03-07 22:50:00,4,13,1,18
2024-03-07 23:00:00,8,9,1,18
2024-03-07 23:10:00,8,8,3,19
2024-03-07 23:20:00,6,10,0,16
2024-03-07 23:30:00,3,9,1,13
2024-03-07 23:40:00,5,6,0,11
2024-03-07 23:50:00,4,3,0,7
2024-03-08 00:00:00,1,10,0,11
2024-03-08 00:10:00,4,6,0,10
2024-03-08 00:20:00,6,7,0,13
2024-03-08 00:30:00,0,3,1,4
2024-03-08 00:40:00,1,3,0,4
2024-03-08 00:50:00,1,4,0,5
2024-03-08 01:00:00,1,5,0,6
2024-03-08 01:10:00,3,8,0,11
2024-03-08 01:20:00,0,6,0,6
2024-03-08 01:30:00,2,5,0,7
2024-03-08 01:40:00,1,2,0,3
2024-03-08 01:50:00,1,2,0,3
2024-03-08 02:00:00,1,2,0,3
2024-03-08 02:10:00,5,2,0,7
2024-03-08 02:20:00,2,0,0,2
2024-03-08 02:30:00,0,4,0,4
2024-03-08 02:40:00,1,2,0,3
2024-03-08 02:50:00,0,2,0,2
2024-03-08 03:00:00,1,0,0,1
2024-03-08 03:10:00,1,1,0,2
2024-03-08 03:20:00,2,1,0,3
2024-03-08 03:30:00,2,0,0,2
2024-03-08 03:40:00,1,2,1,4
2024-03-08 03:50:00,1,0,0,1
2024-03-08 04:00:00,0,1,0,1
2024-03-08 04:10:00,1,1,0,2
2024-03-08 04:20:00,0,2,0,2
2024-03-08 04:30:00,1,0,0,1
2024-03-08 04:40:00,2,1,0,3
2024-03-08 04:50:00,2,0,0,2
2024-03-08 05:00:00,1,0,0,1
2024-03-08 05:10:00,0,1,0,1
2024-03-08 05:20:00,2,4,0,6
2024-03-08 05:30:00,5,4,0,9
2024-03-08 05:40:00,7,3,0,10
2024-03-08 05:50:00,13,5,0,18
2024-03-08 06:00:00,6,12,0,18
2024-03-08 06:10:00,13,12,0,25
2024-03-08 06:20:00,11,12,1,24
2024-03-08 06:30:00,11,9,0,20
2024-03-08 06:40:00,11,10,0,21
2024-03-08 06:50:00,19,11,1,31
2024-03-08 07:00:00,26,12,2,40
2024-03-08 07:10:00,24,12,5,41
2024-03-08 07:20:00,25,15,9,49
2024-03-08 07:30:00,20,19,8,47
2024-03-08 07:40:00,27,13,12,52
2024-03-08 07:50:00,23,23,10,56
2024-03-08 08:00:00,25,17,8,50
2024-03-08 08:10:00,23,20,8,51
2024-03-08 08:20:00,20,20,7,47
2024-03-08 08:30:00,20,22,6,48
2024-03-08 08:40:00,32,26,6,64
2024-03-08 08:50:00,17,19,4,40
2024-03-08 09:00:00,21,15,5,41
2024-03-08 09:10:00,20,20,2,42
2024-03-08 09:20:00,21,20,4,45
2024-03-08 09:30:00,29,28,4,61
2024-03-08 09:40:00,31,25,7,63
2024-03-08 09:50:00,30,17,2,49
2024-03-08 10:00:00,22,24,8,54
2024-03-08 10:10:00,18,24,2,44
2024-03-08 10:20:00,28,19,5,52
2024-03-08 10:30:00,18,27,2,47
2024-03-08 10:40:00,27,26,3,56
2024-03-08 10:50:00,22,16,4,42
2024-03-08 11:00:00,17,24,1,42
2024-03-08 11:10:00,24,22,8,54
2024-03-08 11:20:00,22,16,10,48
2024-03-08 11:30:00,28,30,3,61
2024-03-08 11:40:00,28,25,7,60
2024-03-08 11:50:00,29,23,4,56
2024-03-08 12:00:00,30,18,6,54
2024-03-08 12:10:00,35,25,4,64
2024-03-08 12:20:00,39,25,7,71
2024-03-08 12:30:00,30,17,12,59
2024-03-08 12:40:00,32,19,10,61
2024-03-08 12:50:00,27,16,7,50
2024-03-08 13:00:00,34,26,6,66
2024-03-08 13:10:00,24,26,18,68
2024-03-08 13:20:00,27,27,12,66
2024-03-08 13:30:00,28,25,7,60
2024-03-08 13:40:00,30,15,16,61
2024-03-08 13:50:00,19,25,7,51
2024-03-08 14:00:00,38,14,11,63
2024-03-08 14:10:00,35,22,9,66
2024-03-08 14:20:00,26,15,6,47
2024-03-08 14:30:00,29,25,16,70
2024-03-08 14:40:00,23,29,13,65
2024-03-08 14:50:00,37,16,8,61
2024-03-08 15:00:00,19,19,9,47
2024-03-08 15:10:00,37,19,9,65
2024-03-08 15:20:00,35,27,6,68
2024-03-08 15:30:00,26,22,8,56
2024-03-08 15:40:00,30,24,5,59
2024-03-08 15:50:00,20,15,13,48
2024-03-08 16:00:00,36,23,4,63
2024-03-08 16:10:00,35,23,5,63
2024-03-08 16:20:00,20,24,5,49
2024-03-08 16:30:00,38,29,4,71
2024-03-08 16:40:00,33,28,10,71
2024-03-08 16:50:00,25,25,10,60
2024-03-08 17:00:00,15,22,8,45
2024-03-08 17:10:00,26,24,10,60
2024-03-08 17:20:00,26,23,9,58
2024-03-08 17:30:00,17,30,8,55
2024-03-08 17:40:00,19,17,7,43
2024-03-08 17:50:00,29,22,5,56
2024-03-08 18:00:00,19,29,8,56
2024-03-08 18:10:00,34,25,6,65
2024-03-08 18:20:00,21,28,3,52
2024-03-08 18:30:00,26,25,7,58
2024-03-08 18:40:00,16,17,6,39
2024-03-08 18:50:00,20,20,7,47
2024-03-08 19:00:00,26,23,7,56
2024-03-08 19:10:00,21,17,5,43
2024-03-08 19:20:00,20,14,5,39
2024-03-08 19:30:00,16,20,4,40
2024-03-08 19:40:00,19,17,1,37
2024-03-08 19:50:00,26,19,4,49
2024-03-08 20:00:00,21,18,1,40
2024-03-08 20:10:00,17,13,5,35
2024-03-08 20:20:00,24,17,6,47
2024-03-08 20:30:00,11,16,3,30
2024-03-08 20:40:00,15,17,1,33
2024-03-08 20:50:00,18,17,3,38
2024-03-08 21:00:00,19,16,2,37
2024-03-08 21:10:00,14,14,4,32
2024-03-08 21:20:00,8,10,1,19
2024-03-08 21:30:00,9,14,6,29
2024-03-08 21:40:00,10,14,2,26
2024-03-08 21:50:00,10,11,3,24
2024-03-08 22:00:00,10,14,1,25
2024-03-08 22:10:00,11,9,2,22
2024-03-08 22:20:00,6,16,1,23
2024-03-08 22:30:00,12,19,1,32
2024-03-08 22:40:00,8,11,1,20
2024-03-08 22:50:00,8,11,0,19
2024-03-08 23:00:00,9,14,4,27
2024-03-08 23:10:00,12,13,2,27
2024-03-08 23:20:00,9,8,2,19
2024-03-08 23:30:00,7,7,3,17
2024-03-08 23:40:00,8,10,0,18
2024-03-08 23:50:00,12,11,1,24
2024-03-09 00:00:00,9,12,1,22
2024-03-09 00:10:00,7,9,2,18
2024-03-09 00:20:00,6,6,1,13
2024-03-09 00:30:00,7,7,1,15
2024-03-09 00:40:00,4,6,0,10
2024-03-09 00:50:00,4,7,1,12
2024-03-09 01:00:00,8,7,1,16
2024-03-09 01:10:00,4,5,0,9
2024-03-09 01:20:00,4,8,1,13
2024-03-09 01:30:00,5,3,0,8
2024-03-09 01:40:00,3,6,0,9
2024-03-09 01:50:00,3,3,0,6
2024-03-09 02:00:00,1,3,0,4
2024-03-09 02:10:00,4,4,1,9
2024-03-09 02:20:00,2,8,0,10
2024-03-09 02:30:00,3,2,1,6
2024-03-09 02:40:00,4,5,0,9
2024-03-09 02:50:00,1,1,0,2
2024-03-09 03:00:00,1,2,0,3
2024-03-09 03:10:00,2,2,0,4
2024-03-09 03:20:00,4,0,0,4
2024-03-09 03:30:00,0,1,2,3
2024-03-09 03:40:00,1,2,0,3
2024-03-09 03:50:00,1,1,0,2
2024-03-09 04:00:00,3,1,0,4
2024-03-09 04:10:00,1,1,0,2
2024-03-09 04:20:00,2,2,0,4
2024-03-09 04:30:00,2,4,0,6
2024-03-09 04:40:00,1,1,0,2
2024-03-09 04:50:00,1,0,1,2
2024-03-09 05:00:00,2,2,0,4
2024-03-09 05:10:00,1,4,0,5
2024-03-09 05:20:00,1,1,0,2
2024-03-09 05:30:00,3,5,0,8
2024-03-09 05:40:00,2,1,0,3
2024-03-09 05:50:00,2,4,1,7
2024-03-09 06:00:00,3,5,0,8
2024-03-09 06:10:00,1,1,1,3
2024-03-09 06:20:00,1,3,0,4
2024-03-09 06:30:00,0,5,0,5
2024-03-09 06:40:00,4,4,0,8
2024-03-09 06:50:00,4,6,0,10
2024-03-09 07:00:00,1,1,0,2
2024-03-09 07:10:00,3,3,2,8
2024-03-09 07:20:00,5,6,0,11
2024-03-09 07:30:00,6,5,0,11
2024-03-09 07:40:00,5,6,1,12
2024-03-09 07:50:00,9,4,0,13
2024-03-09 08:00:00,8,3,1,12
2024-03-09 08:10:00,12,6,1,19
2024-03-09 08:20:00,8,9,2,19
2024-03-09 08:30:00,9,17,0,26
2024-03-09 08:40:00,18,10,0,28
2024-03-09 08:50:00,11,15,3,29
2024-03-09 09:00:00,17,10,2,29
2024-03-09 09:10:00,16,9,2,27
2024-03-09 09:20:00,26,16,2,44
2024-03-09 09:30:00,24,13,4,41
2024-03-09 09:40:00,19,20,4,43
2024-03-09 09:50:00,26,13,5,44
2024-03-09 10:00:00,23,17,7,47
2024-03-09 10:10:00,22,13,13,48
2024-03-09 10:20:00,23,26,7,56
2024-03-09 10:30:00,26,18,6,50
2024-03-09 10:40:00,21,27,2,50
2024-03-09 10:50:00,22,15,6,43
2024-03-09 11:00:00,20,17,3,40
2024-03-09 11:10:00,23,23,3,49
2024-03-09 11:20:00,19,24,5,48
2024-03-09 11:30:00,22,20,5,47
2024-03-09 11:40:00,24,27,2,53
2024-03-09 11:50:00,26,15,4,45
2024-03-09 12:00:00,27,27,6,60
2024-03-09 12:10:00,36,23,7,66
2024-03-09 12:20:00,39,17,5,61
2024-03-09 12:30:00,27,19,9,55
2024-03-09 12:40:00,35,26,6,67
2024-03-09 12:50:00,30,21,8,59
2024-03-09 13:00:00,28,18,13,59
2024-03-09 13:10:00,29,17,8,54
2024-03-09 13:20:00,21,22,10,53
2024-03-09 13:30:00,28,16,13,57
2024-03-09 13:40:00,15,20,12,47
2024-03-09 13:50:00,22,23,7,52
2024-03-09 14:00:00,28,22,9,59
2024-03-09 14:10:00,32,18,9,59
2024-03-09 14:20:00,28,24,9,61
2024-03-09 14:30:00,18,31,4,53
2024-03-09 14:40:00,41,19,6,66
2024-03-09 14:50:00,28,26,4,58
2024-03-09 15:00:00,30,23,6,59
2024-03-09 15:10:00,26,24,5,55
2024-03-09 15:20:00,31,23,2,56
2024-03-09 15:30:00,23,23,3,49
2024-03-09 15:40:00,19,30,4,53
2024-03-09 15:50:00,31,22,4,57
2024-03-09 16:00:00,16,29,7,52
2024-03-09 16:10:00,19,22,5,46
2024-03-09 16:20:00,17,22,2,41
2024-03-09 16:30:00,13,28,4,45
2024-03-09 16:40:00,13,16,9,38
2024-03-09 16:50:00,25,27,4,56
2024-03-09 17:00:00,22,26,3,51
2024-03-09 17:10:00,16,23,2,41
2024-03-09 17:20:00,21,21,7,49
2024-03-09 17:30:00,29,22,5,56
2024-03-09 17:40:00,17,23,3,43
2024-03-09 17:50:00,31,13,6,50
2024-03-09 18:00:00,22,29,4,55
2024-03-09 18:10:00,15,18,2,35
2024-03-09 18:20:00,22,29,4,55
2024-03-09 18:30:00,16,14,3,33
2024-03-09 18:40:00,19,24,4,47
2024-03-09 18:50:00,19,22,0,41
2024-03-09 19:00:00,16,19,4,39
2024-03-09 19:10:00,14,19,6,39
2024-03-09 19:20:00,16,21,2,39
2024-03-09 19:30:00,14,15,6,35
2024-03-09 19:40:00,17,15,3,35
2024-03-09 19:50:00,12,15,5,32
2024-03-09 20:00:00,14,15,5,34
2024-03-09 20:10:00,14,22,5,41
2024-03-09 20:20:00,15,18,4,37
2024-03-09 20:30:00,8,12,2,22
2024-03-09 20:40:00,11,14,3,28
2024-03-09 20:50:00,8,14,4,26
2024-03-09 21:00:00,8,12,1,21
2024-03-09 21:10:00,11,9,2,22
2024-03-09 21:20:00,11,17,1,29
2024-03-09 21:30:00,10,11,1,22
2024-03-09 21:40:00,16,12,4,32
2024-03-09 21:50:00,12,14,3,29
2024-03-09 22:00:00,9,12,2,23
2024-03-09 22:10:00,8,14,2,24
2024-03-09 22:20:00,6,14,3,23
2024-03-09 22:30:00,9,13,2,24
2024-03-09 22:40:00,10,16,1,27
2024-03-09 22:50:00,8,12,3,23
2024-03-09 23:00:00,9,18,3,30
2024-03-09 23:10:00,9,6,1,16
2024-03-09 23:20:00,6,9,0,15
2024-03-09 23:30:00,4,11,0,15
2024-03-09 23:40:00,7,13,0,20
2024-03-09 23:50:00,12,12,0,24
2024-03-10 00:00:00,8,10,1,19
2024-03-10 00:10:00,10,12,1,23
2024-03-10 00:20:00,12,13,0,25
2024-03-10 00:30:00,5,11,0,16
2024-03-10 00:40:00,5,10,0,15
2024-03-10 00:50:00,8,8,1,17
2024-03-10 01:00:00,4,8,0,12
2024-03-10 01:10:00,4,4,0,8
2024-03-10 01:20:00,5,8,2,15
2024-03-10 01:30:00,3,6,0,9
2024-03-10 01:40:00,4,7,0,11
2024-03-10 01:50:00,0,6,0,6
2024-03-10 02:00:00,3,2,2,7
2024-03-10 02:10:00,1,1,1,3
2024-03-10 02:20:00,6,5,0,11
2024-03-10 02:30:00,3,7,0,10
2024-03-10 02:40:00,1,2,0,3
2024-03-10 02:50:00,0,2,0,2
2024-03-10 03:00:00,0,1,0,1
2024-03-10 03:10:00,2,0,0,2
2024-03-10 03:20:00,5,1,0,6
2024-03-10 03:30:00,1,1,0,2
2024-03-10 03:40:00,1,7,0,8
2024-03-10 03:50:00,1,6,0,7
2024-03-10 04:00:00,4,4,0,8
2024-03-10 04:10:00,1,2,0,3
2024-03-10 04:20:00,1,5,0,6
2024-03-10 04:30:00,1,0,0,1
2024-03-10 04:40:00,1,4,0,5
2024-03-10 04:50:00,3,2,1,6
2024-03-10 05:00:00,0,2,1,3
2024-03-10 05:10:00,2,0,0,2
2024-03-10 05:20:00,2,2,0,4
2024-03-10 05:30:00,1,1,0,2
2024-03-10 05:40:00,1,3,0,4
2024-03-10 05:50:00,1,4,0,5
2024-03-10 06:00:00,0,4,0,4
2024-03-10 06:10:00,1,1,0,2
2024-03-10 06:20:00,0,3,0,3
2024-03-10 06:30:00,2,2,0,4
2024-03-10 06:40:00,1,3,1,5
2024-03-10 06:50:00,0,3,1,4
2024-03-10 07:00:00,0,1,0,1
2024-03-10 07:10:00,3,2,0,5
2024-03-10 07:20:00,6,2,2,10
2024-03-10 07:30:00,0,0,0,0
2024-03-10 07:40:00,1,2,0,3
2024-03-10 07:50:00,0,4,2,6
2024-03-10 08:00:00,0,5,1,6
2024-03-10 08:10:00,4,9,0,13
2024-03-10 08:20:00,1,5,0,6
2024-03-10 08:30:00,4,5,1,10
2024-03-10 08:40:00,5,7,0,12
2024-03-10 08:50:00,10,6,1,17
2024-03-10 09:00:00,6,9,1,16
2024-03-10 09:10:00,5,4,0,9
2024-03-10 09:20:00,6,4,1,11
2024-03-10 09:30:00,8,11,1,20
2024-03-10 09:40:00,14,9,2,25
2024-03-10 09:50:00,13,14,1,28
2024-03-10 10:00:00,8,18,1,27
2024-03-10 10:10:00,8,10,1,19
2024-03-10 10:20:00,10,11,0,21
2024-03-10 10:30:00,5,12,5,22
2024-03-10 10:40:00,10,14,3,27
2024-03-10 10:50:00,7,11,2,20
2024-03-10 11:00:00,11,16,0,27
2024-03-10 11:10:00,12,18,2,32
2024-03-10 11:20:00,12,16,3,31
2024-03-10 11:30:00,8,21,4,33
2024-03-10 11:40:00,11,17,1,29
2024-03-10 11:50:00,15,21,2,38
2024-03-10 12:00:00,16,25,0,41
2024-03-10 12:10:00,7,15,3,25
2024-03-10 12:20:00,14,22,0,36
2024-03-10 12:30:00,14,11,5,30
2024-03-10 12:40:00,11,29,3,43
2024-03-10 12:50:00,9,17,3,29
2024-03-10 13:00:00,13,16,3,32
2024-03-10 13:10:00,13,17,1,31
2024-03-10 13:20:00,10,30,2,42
2024-03-10 13:30:00,8,23,3,34
2024-03-10 13:40:00,19,20,6,45
2024-03-10 13:50:00,12,23,4,39
2024-03-10 14:00:00,15,26,0,41
2024-03-10 14:10:00,17,23,4,44
2024-03-10 14:20:00,12,24,3,39
2024-03-10 14:30:00,8,21,5,34
2024-03-10 14:40:00,21,24,3,48
2024-03-10 14:50:00,20,20,2,42
2024-03-10 15:00:00,19,21,3,43
2024-03-10 15:10:00,13,29,3,45
2024-03-10 15:20:00,13,16,2,31
2024-03-10 15:30:00,20,16,1,37
2024-03-10 15:40:00,16,18,3,37
2024-03-10 15:50:00,24,18,3,45
2024-03-10 16:00:00,13,18,4,35
2024-03-10 16:10:00,19,20,1,40
2024-03-10 16:20:00,14,22,3,39
2024-03-10 16:30:00,17,22,3,42
2024-03-10 16:40:00,17,21,2,40
2024-03-10 16:50:00,19,21,3,43
2024-03-10 17:00:00,20,17,4,41
2024-03-10 17:10:00,24,24,1,49
2024-03-10 17:20:00,21,21,5,47
2024-03-10 17:30:00,19,23,3,45
2024-03-10 17:40:00,16,21,0,37
2024-03-10 17:50:00,23,15,4,42
2024-03-10 18:00:00,14,20,1,35
2024-03-10 18:10:00,20,20,3,43
2024-03-10 18:20:00,13,14,6,33
2024-03-10 18:30:00,13,19,2,34
2024-03-10 18:40:00,17,13,3,33
2024-03-10 18:50:00,10,16,1,27
2024-03-10 19:00:00,10,15,2,27
2024-03-10 19:10:00,15,18,3,36
2024-03-10 19:20:00,18,19,2,39
2024-03-10 19:30:00,11,15,0,26
2024-03-10 19:40:00,16,18,0,34
2024-03-10 19:50:00,10,15,3,28
2024-03-10 20:00:00,8,14,2,24
2024-03-10 20:10:00,12,13,1,26
2024-03-10 20:20:00,7,11,0,18
2024-03-10 20:30:00,8,13,2,23
2024-03-10 20:40:00,5,14,1,20
2024-03-10 20:50:00,12,13,0,25
2024-03-10 21:00:00,9,12,1,22
2024-03-10 21:10:00,15,12,1,28
2024-03-10 21:20:00,9,21,0,30
2024-03-10 21:30:00,4,11,1,16
2024-03-10 21:40:00,5,12,1,18
2024-03-10 21:50:00,6,13,2,21
2024-03-10 22:00:00,3,11,0,14
2024-03-10 22:10:00,4,9,0,13
2024-03-10 22:20:00,4,6,1,11
2024-03-10 22:30:00,6,3,0,9
2024-03-10 22:40:00,5,7,0,12
2024-03-10 22:50:00,5,7,0,12
2024-03-10 23:00:00,1,10,0,11
2024-03-10 23:10:00,6,8,0,14
2024-03-10 23:20:00,3,2,0,5
2024-03-10 23:30:00,5,4,0,9
2024-03-10 23:40:00,8,5,0,13
2024-03-10 23:50:00,1,5,0,6
2024-03-11 00:00:00,2,2,0,4
2024-03-11 00:10:00,2,1,0,3
2024-03-11 00:20:00,1,2,0,3
2024-03-11 00:30:00,5,0,0,5
2024-03-11 00:40:00,1,2,0,3
2024-03-11 00:50:00,0,3,0,3
2024-03-11 01:00:00,3,1,0,4
2024-03-11 01:10:00,1,5,0,6
2024-03-11 01:20:00,0,2,0,2
2024-03-11 01:30:00,0,0,0,0
2024-03-11 01:40:00,2,5,0,7
2024-03-11 01:50:00,1,2,0,3
2024-03-11 02:00:00,0,1,0,1
2024-03-11 02:10:00,0,1,0,1
2024-03-11 02:20:00,1,2,0,3
2024-03-11 02:30:00,1,1,0,2
2024-03-11 02:40:00,0,1,0,1
2024-03-11 02:50:00,0,0,0,0
2024-03-11 03:00:00,0,0,0,0
2024-03-11 03:10:00,1,0,0,1
2024-03-11 03:20:00,4,0,0,4
2024-03-11 03:30:00,1,1,0,2
2024-03-11 03:40:00,1,0,0,1
2024-03-11 03:50:00,2,0,0,2
2024-03-11 04:00:00,1,1,0,2
2024-03-11 04:10:00,1,3,0,4
2024-03-11 04:20:00,0,4,0,4
2024-03-11 04:30:00,2,1,0,3
2024-03-11 04:40:00,14,0,0,14
2024-03-11 04:50:00,12,1,0,13
2024-03-11 05:00:00,3,1,1,5
2024-03-11 05:10:00,11,2,0,13
2024-03-11 05:20:00,6,4,0,10
2024-03-11 05:30:00,2,6,0,8
2024-03-11 05:40:00,9,5,0,14
2024-03-11 05:50:00,8,8,0,16
2024-03-11 06:00:00,10,9,1,20
2024-03-11 06:10:00,9,4,1,14
2024-03-11 06:20:00,17,7,1,25
2024-03-11 06:30:00,11,6,3,20
2024-03-11 06:40:00,13,15,0,28
2024-03-11 06:50:00,19,13,2,34
2024-03-11 07:00:00,14,12,2,28
2024-03-11 07:10:00,17,20,2,39
2024-03-11 07:20:00,20,16,6,42
2024-03-11 07:30:00,32,23,9,64
2024-03-11 07:40:00,26,23,11,60
2024-03-11 07:50:00,29,24,8,61
2024-03-11 08:00:00,30,18,7,55
2024-03-11 08:10:00,26,15,6,47
2024-03-11 08:20:00,28,18,6,52
2024-03-11 08:30:00,26,22,9,57
2024-03-11 08:40:00,16,22,4,42
2024-03-11 08:50:00,33,17,3,53
2024-03-11 09:00:00,26,21,3,50
2024-03-11 09:10:00,23,18,2,43
2024-03-11 09:20:00,20,23,4,47
2024-03-11 09:30:00,16,11,3,30
2024-03-11 09:40:00,21,22,7,50
2024-03-11 09:50:00,24,17,5,46
2024-03-11 10:00:00,24,25,3,52
2024-03-11 10:10:00,17,16,4,37
2024-03-11 10:20:00,21,25,7,53
2024-03-11 10:30:00,24,21,5,50
2024-03-11 10:40:00,19,23,3,45
2024-03-11 10:50:00,25,12,6,43
2024-03-11 11:00:00,17,27,3,47
2024-03-11 11:10:00,24,20,2,46
2024-03-11 11:20:00,16,28,3,47
2024-03-11 11:30:00,24,16,6,46
2024-03-11 11:40:00,24,25,4,53
2024-03-11 11:50:00,19,21,5,45
2024-03-11 12:00:00,19,22,5,46
2024-03-11 12:10:00,26,21,3,50
2024-03-11 12:20:00,27,11,5,43
2024-03-11 12:30:00,25,19,8,52
2024-03-11 12:40:00,18,17,7,42
2024-03-11 12:50:00,29,24,3,56
2024-03-11 13:00:00,24,19,7,50
2024-03-11 13:10:00,29,24,8,61
2024-03-11 13:20:00,33,29,5,67
2024-03-11 13:30:00,22,20,7,49
2024-03-11 13:40:00,23,24,7,54
2024-03-11 13:50:00,24,21,5,50
2024-03-11 14:00:00,20,22,7,49
2024-03-11 14:10:00,23,29,2,54
2024-03-11 14:20:00,27,24,7,58
2024-03-11 14:30:00,22,26,8,56
2024-03-11 14:40:00,30,29,8,67
2024-03-11 14:50:00,26,25,4,55
2024-03-11 15:00:00,16,17,6,39
2024-03-11 15:10:00,29,20,7,56
2024-03-11 15:20:00,35,22,4,61
2024-03-11 15:30:00,36,30,9,75
2024-03-11 15:40:00,27,25,3,55
2024-03-11 15:50:00,35,21,8,64
2024-03-11 16:00:00,40,25,11,76
2024-03-11 16:10:00,26,24,9,59
2024-03-11 16:20:00,22,22,2,46
2024-03-11 16:30:00,18,22,5,45
2024-03-11 16:40:00,22,21,6,49
2024-03-11 16:50:00,17,20,4,41
2024-03-11 17:00:00,21,20,7,48
2024-03-11 17:10:00,23,21,7,51
2024-03-11 17:20:00,29,22,9,60
2024-03-11 17:30:00,23,16,4,43
2024-03-11 17:40:00,28,23,7,58
2024-03-11 17:50:00,32,25,7,64
2024-03-11 18:00:00,31,22,7,60
2024-03-11 18:10:00,21,20,9,50
2024-03-11 18:20:00,21,25,3,49
2024-03-11 18:30:00,17,16,6,39
2024-03-11 18:40:00,18,21,5,44
2024-03-11 18:50:00,25,16,4,45
2024-03-11 19:00:00,11,18,3,32
2024-03-11 19:10:00,8,16,2,26
2024-03-11 19:20:00,11,13,2,26
2024-03-11 19:30:00,19,17,2,38
2024-03-11 19:40:00,12,12,4,28
2024-03-11 19:50:00,20,14,4,38
2024-03-11 20:00:00,8,15,2,25
2024-03-11 20:10:00,12,15,4,31
2024-03-11 20:20:00,11,17,3,31
2024-03-11 20:30:00,10,7,2,19
2024-03-11 20:40:00,6,15,4,25
2024-03-11 20:50:00,7,12,3,22
2024-03-11 21:00:00,8,13,0,21
2024-03-11 21:10:00,7,18,1,26
2024-03-11 21:20:00,11,13,5,29
2024-03-11 21:30:00,3,15,1,19
2024-03-11 21:40:00,10,14,1,25
2024-03-11 21:50:00,6,10,1,17
2024-03-11 22:00:00,5,10,1,16
2024-03-11 22:10:00,4,11,1,16
2024-03-11 22:20:00,2,12,4,18
2024-03-11 22:30:00,6,13,0,19
2024-03-11 22:40:00,4,11,1,16
2024-03-11 22:50:00,5,5,2,12
2024-03-11 23:00:00,3,9,0,12
2024-03-11 23:10:00,4,7,0,11
2024-03-11 23:20:00,2,6,1,9
2024-03-11 23:30:00,4,5,2,11
2024-03-11 23:40:00,3,5,0,8
2024-03-11 23:50:00,3,6,2,11
2024-03-12 00:00:00,3,1,2,6
2024-03-12 00:10:00,3,4,1,8
2024-03-12 00:20:00,2,3,0,5
2024-03-12 00:30:00,0,0,0,0
2024-03-12 00:40:00,5,0,0,5
2024-03-12 00:50:00,3,0,0,3
2024-03-12 01:00:00,1,5,0,6
2024-03-12 01:10:00,0,6,1,7
2024-03-12 01:20:00,2,2,0,4
2024-03-12 01:30:00,2,2,0,4
2024-03-12 01:40:00,3,1,0,4
2024-03-12 01:50:00,1,0,0,1
2024-03-12 02:00:00,0,2,0,2
2024-03-12 02:10:00,0,2,0,2
2024-03-12 02:20:00,1,3,0,4
2024-03-12 02:30:00,0,2,0,2
2024-03-12 02:40:00,0,0,0,0
2024-03-12 02:50:00,0,1,0,1
2024-03-12 03:00:00,0,2,0,2
2024-03-12 03:10:00,0,1,0,1
2024-03-12 03:20:00,1,0,0,1
2024-03-12 03:30:00,2,0,1,3
2024-03-12 03:40:00,3,0,0,3
2024-03-12 03:50:00,1,3,0,4
2024-03-12 04:00:00,1,1,0,2
2024-03-12 04:10:00,1,1,0,2
2024-03-12 04:20:00,0,2,0,2
2024-03-12 04:30:00,2,2,0,4
2024-03-12 04:40:00,1,0,2,3
2024-03-12 04:50:00,2,0,0,2
2024-03-12 05:00:00,0,4,0,4
2024-03-12 05:10:00,2,2,0,4
2024-03-12 05:20:00,2,5,0,7
2024-03-12 05:30:00,3,4,0,7
2024-03-12 05:40:00,6,8,1,15
2024-03-12 05:50:00,9,8,0,17
2024-03-12 06:00:00,5,10,0,15
2024-03-12 06:10:00,7,7,0,14
2024-03-12 06:20:00,12,10,0,22
2024-03-12 06:30:00,9,13,0,22
2024-03-12 06:40:00,15,15,1,31
2024-03-12 06:50:00,13,9,1,23
2024-03-12 07:00:00,17,15,2,34
2024-03-12 07:10:00,13,13,2,28
2024-03-12 07:20:00,18,29,6,53
2024-03-12 07:30:00,36,21,8,65
2024-03-12 07:40:00,32,25,9,66
2024-03-12 07:50:00,29,19,12,60
2024-03-12 08:00:00,38,19,6,63
2024-03-12 08:10:00,31,20,7,58
2024-03-12 08:20:00,39,22,3,64
2024-03-12 08:30:00,37,24,4,65
2024-03-12 08:40:00,25,26,6,57
2024-03-12 08:50:00,29,22,5,56
2024-03-12 09:00:00,29,25,6,60
2024-03-12 09:10:00,24,21,5,50
2024-03-12 09:20:00,24,20,5,49
2024-03-12 09:30:00,21,19,10,50
2024-03-12 09:40:00,30,16,2,48
2024-03-12 09:50:00,27,17,5,49
2024-03-12 10:00:00,14,26,6,46
2024-03-12 10:10:00,21,20,4,45
2024-03-12 10:20:00,24,16,3,43
2024-03-12 10:30:00,22,21,3,46
2024-03-12 10:40:00,21,22,3,46
2024-03-12 10:50:00,20,27,4,51
2024-03-12 11:00:00,32,24,7,63
2024-03-12 11:10:00,17,25,4,46
2024-03-12 11:20:00,23,24,2,49
2024-03-12 11:30:00,19,23,1,43
2024-03-12 11:40:00,17,22,6,45
2024-03-12 11:50:00,27,22,4,53
2024-03-12 12:00:00,23,17,7,47
2024-03-12 12:10:00,26,25,6,57
2024-03-12 12:20:00,15,19,4,38
2024-03-12 12:30:00,27,30,5,62
2024-03-12 12:40:00,22,20,8,50
2024-03-12 12:50:00,19,17,4,40
2024-03-12 13:00:00,19,21,6,46
2024-03-12 13:10:00,29,18,10,57
2024-03-12 13:20:00,27,23,5,55
2024-03-12 13:30:00,28,22,9,59
2024-03-12 13:40:00,20,26,8,54
2024-03-12 13:50:00,14,31,5,50
2024-03-12 14:00:00,21,24,9,54
2024-03-12 14:10:00,17,22,4,43
2024-03-12 14:20:00,24,20,13,57
2024-03-12 14:30:00,27,25,10,62
2024-03-12 14:40:00,20,24,6,50
2024-03-12 14:50:00,23,29,4,56
2024-03-12 15:00:00,26,21,7,54
2024-03-12 15:10:00,27,31,7,65
2024-03-12 15:20:00,26,19,2,47
2024-03-12 15:30:00,28,18,8,54
2024-03-12 15:40:00,22,20,7,49
2024-03-12 15:50:00,28,26,7,61
2024-03-12 16:00:00,29,21,7,57
2024-03-12 16:10:00,26,20,8,54
2024-03-12 16:20:00,33,19,8,60
2024-03-12 16:30:00,33,30,6,69
2024-03-12 16:40:00,25,27,6,58
2024-03-12 16:50:00,22,28,4,54
2024-03-12 17:00:00,14,22,8,44
2024-03-12 17:10:00,20,32,3,55
2024-03-12 17:20:00,29,34,7,70
2024-03-12 17:30:00,21,30,5,56
2024-03-12 17:40:00,20,18,7,45
2024-03-12 17:50:00,18,19,2,39
2024-03-12 18:00:00,22,26,3,51
2024-03-12 18:10:00,22,20,3,45
2024-03-12 18:20:00,25,20,3,48
2024-03-12 18:30:00,16,14,4,34
2024-03-12 18:40:00,18,26,7,51
2024-03-12 18:50:00,17,17,4,38
2024-03-12 19:00:00,12,14,6,32
2024-03-12 19:10:00,24,12,5,41
2024-03-12 19:20:00,15,21,5,41
2024-03-12 19:30:00,20,17,5,42
2024-03-12 19:40:00,13,13,2,28
2024-03-12 19:50:00,11,14,4,29
2024-03-12 20:00:00,13,14,8,35
2024-03-12 20:10:00,12,16,5,33
2024-03-12 20:20:00,16,15,2,33
2024-03-12 20:30:00,8,10,0,18
2024-03-12 20:40:00,8,9,1,18
2024-03-12 20:50:00,6,14,0,20
2024-03-12 21:00:00,5,12,2,19
2024-03-12 21:10:00,12,15,0,27
2024-03-12 21:20:00,6,11,2,19
2024-03-12 21:30:00,7,10,1,18
2024-03-12 21:40:00,7,16,2,25
2024-03-12 21:50:00,9,13,1,23
2024-03-12 22:00:00,8,11,1,20
2024-03-12 22:10:00,14,9,0,23
2024-03-12 22:20:00,9,14,0,23
2024-03-12 22:30:00,8,11,3,22
2024-03-12 22:40:00,8,13,1,22
2024-03-12 22:50:00,5,9,0,14
2024-03-12 23:00:00,4,10,1,15
2024-03-12 23:10:00,3,12,0,15
2024-03-12 23:20:00,1,7,0,8
2024-03-12 23:30:00,5,13,1,19
2024-03-12 23:40:00,6,3,1,10
2024-03-12 23:50:00,0,7,1,8
2024-03-13 00:00:00,4,7,0,11
2024-03-13 00:10:00,4,4,0,8
2024-03-13 00:20:00,2,3,0,5
2024-03-13 00:30:00,4,1,0,5
2024-03-13 00:40:00,2,3,0,5
2024-03-13 00:50:00,2,2,0,4
2024-03-13 01:00:00,2,8,0,10
2024-03-13 01:10:00,1,0,0,1
2024-03-13 01:20:00,2,2,0,4
2024-03-13 01:30:00,0,2,0,2
2024-03-13 01:40:00,0,4,0,4
2024-03-13 01:50:00,0,0,1,1
2024-03-13 02:00:00,2,1,0,3
2024-03-13 02:10:00,0,1,0,1
2024-03-13 02:20:00,0,2,0,2
2024-03-13 02:30:00,1,1,0,2
2024-03-13 02:40:00,1,1,0,2
2024-03-13 02:50:00,0,0,0,0
2024-03-13 03:00:00,1,0,0,1
2024-03-13 03:10:00,1,0,0,1
2024-03-13 03:20:00,4,0,0,4
2024-03-13 03:30:00,3,0,0,3
2024-03-13 03:40:00,2,0,0,2
2024-03-13 03:50:00,3,1,0,4
2024-03-13 04:00:00,1,2,0,3
2024-03-13 04:10:00,2,1,0,3
2024-03-13 04:20:00,0,1,0,1
2024-03-13 04:30:00,1,0,0,1
2024-03-13 04:40:00,3,4,0,7
2024-03-13 04:50:00,2,0,0,2
2024-03-13 05:00:00,0,2,0,2
2024-03-13 05:10:00,4,1,0,5
2024-03-13 05:20:00,3,3,0,6
2024-03-13 05:30:00,2,0,0,2
2024-03-13 05:40:00,6,4,0,10
2024-03-13 05:50:00,7,4,0,11
2024-03-13 06:00:00,8,6,1,15
2024-03-13 06:10:00,10,7,2,19
2024-03-13 06:20:00,6,5,0,11
2024-03-13 06:30:00,8,6,1,15
2024-03-13 06:40:00,18,10,0,28
2024-03-13 06:50:00,15,10,3,28
2024-03-13 07:00:00,18,14,2,34
2024-03-13 07:10:00,22,20,3,45
2024-03-13 07:20:00,23,22,5,50
2024-03-13 07:30:00,36,29,6,71
2024-03-13 07:40:00,25,21,10,56
2024-03-13 07:50:00,23,17,8,48
2024-03-13 08:00:00,31,19,4,54
2024-03-13 08:10:00,47,22,11,80
2024-03-13 08:20:00,28,18,8,54
2024-03-13 08:30:00,29,24,5,58
2024-03-13 08:40:00,28,18,4,50
2024-03-13 08:50:00,28,23,2,53
2024-03-13 09:00:00,31,19,3,53
2024-03-13 09:10:00,22,24,2,48
2024-03-13 09:20:00,26,19,2,47
2024-03-13 09:30:00,24,15,8,47
2024-03-13 09:40:00,23,13,4,40
2024-03-13 09:50:00,20,34,4,58
2024-03-13 10:00:00,20,23,5,48
2024-03-13 10:10:00,25,19,2,46
2024-03-13 10:20:00,27,28,5,60
2024-03-13 10:30:00,20,19,5,44
2024-03-13 10:40:00,17,16,4,37
2024-03-13 10:50:00,24,18,6,48
2024-03-13 11:00:00,22,25,5,52
2024-03-13 11:10:00,21,22,3,46
2024-03-13 11:20:00,20,22,3,45
2024-03-13 11:30:00,22,23,10,55
2024-03-13 11:40:00,22,23,3,48
2024-03-13 11:50:00,22,20,5,47
2024-03-13 12:00:00,30,21,7,58
2024-03-13 12:10:00,18,21,13,52
2024-03-13 12:20:00,23,25,2,50
2024-03-13 12:30:00,32,23,8,63
2024-03-13 12:40:00,30,29,6,65
2024-03-13 12:50:00,26,22,1,49
2024-03-13 13:00:00,17,25,10,52
2024-03-13 13:10:00,31,23,14,68
2024-03-13 13:20:00,22,31,5,58
2024-03-13 13:30:00,30,24,8,62
2024-03-13 13:40:00,26,16,3,45
2024-03-13 13:50:00,26,23,4,53
2024-03-13 14:00:00,28,24,2,54
2024-03-13 14:10:00,24,18,8,50
2024-03-13 14:20:00,19,29,9,57
2024-03-13 14:30:00,24,16,11,51
2024-03-13 14:40:00,21,17,5,43
2024-03-13 14:50:00,27,19,6,52
2024-03-13 15:00:00,30,26,7,63
2024-03-13 15:10:00,30,34,9,73
2024-03-13 15:20:00,19,24,4,47
2024-03-13 15:30:00,31,29,4,64
2024-03-13 15:40:00,34,15,9,58
2024-03-13 15:50:00,26,24,7,57
2024-03-13 16:00:00,19,23,2,44
2024-03-13 16:10:00,22,19,3,44
2024-03-13 16:20:00,23,23,4,50
2024-03-13 16:30:00,22,21,3,46
2024-03-13 16:40:00,23,26,8,57
2024-03-13 16:50:00,33,31,2,66
2024-03-13 17:00:00,25,17,6,48
2024-03-13 17:10:00,24,22,5,51
2024-03-13 17:20:00,19,23,4,46
2024-03-13 17:30:00,27,32,6,65
2024-03-13 17:40:00,27,22,7,56
2024-03-13 17:50:00,24,35,5,64
2024-03-13 18:00:00,22,22,9,53
2024-03-13 18:10:00,26,18,8,52
2024-03-13 18:20:00,13,22,6,41
2024-03-13 18:30:00,11,20,1,32
2024-03-13 18:40:00,20,25,5,50
2024-03-13 18:50:00,20,20,5,45
2024-03-13 19:00:00,19,19,3,41
2024-03-13 19:10:00,21,18,3,42
2024-03-13 19:20:00,17,13,6,36
2024-03-13 19:30:00,16,21,2,39
2024-03-13 19:40:00,16,11,1,28
2024-03-13 19:50:00,15,13,2,30
2024-03-13 20:00:00,12,15,2,29
2024-03-13 20:10:00,13,15,0,28
2024-03-13 20:20:00,10,15,1,26
2024-03-13 20:30:00,6,17,4,27
2024-03-13 20:40:00,10,15,2,27
2024-03-13 20:50:00,10,15,1,26
2024-03-13 21:00:00,18,18,2,38
2024-03-13 21:10:00,10,8,2,20
2024-03-13 21:20:00,8,18,1,27
2024-03-13 21:30:00,9,14,2,25
2024-03-13 21:40:00,7,11,0,18
2024-03-13 21:50:00,10,8,3,21
2024-03-13 22:00:00,3,13,3,19
2024-03-13 22:10:00,7,14,1,22
2024-03-13 22:20:00,10,9,1,20
2024-03-13 22:30:00,7,17,0,24
2024-03-13 22:40:00,5,76,1,82
2024-03-13 22:50:00,5,13,0,18
2024-03-13 23:00:00,9,6,0,15
2024-03-13 23:10:00,7,5,2,14
2024-03-13 23:20:00,2,11,2,15
2024-03-13 23:30:00,5,13,0,18
2024-03-13 23:40:00,3,4,0,7
2024-03-13 23:50:00,0,3,1,4
2024-03-14 00:00:00,5,7,2,14
2024-03-14 00:10:00,6,1,0,7
2024-03-14 00:20:00,1,5,0,6
2024-03-14 00:30:00,2,5,0,7
2024-03-14 00:40:00,4,5,0,9
2024-03-14 00:50:00,1,6,0,7
2024-03-14 01:00:00,3,3,0,6
2024-03-14 01:10:00,3,3,0,6
2024-03-14 01:20:00,1,1,0,2
2024-03-14 01:30:00,6,0,0,6
2024-03-14 01:40:00,0,2,0,2
2024-03-14 01:50:00,2,1,0,3
2024-03-14 02:00:00,0,3,0,3
2024-03-14 02:10:00,0,1,0,1
2024-03-14 02:20:00,0,0,0,0
2024-03-14 02:30:00,0,0,0,0
2024-03-14 02:40:00,2,0,0,2
2024-03-14 02:50:00,1,2,1,4
2024-03-14 03:00:00,1,1,0,2
2024-03-14 03:10:00,1,2,0,3
2024-03-14 03:20:00,3,0,0,3
2024-03-14 03:30:00,3,0,0,3
2024-03-14 03:40:00,1,1,0,2
2024-03-14 03:50:00,2,2,0,4
2024-03-14 04:00:00,2,1,0,3
2024-03-14 04:10:00,2,3,0,5
2024-03-14 04:20:00,0,0,0,0
2024-03-14 04:30:00,1,1,0,2
2024-03-14 04:40:00,2,0,0,2
2024-03-14 04:50:00,3,1,0,4
2024-03-14 05:00:00,3,3,0,6
2024-03-14 05:10:00,2,3,0,5
2024-03-14 05:20:00,1,2,0,3
2024-03-14 05:30:00,9,6,0,15
2024-03-14 05:40:00,4,5,0,9
2024-03-14 05:50:00,6,12,0,18
2024-03-14 06:00:00,5,10,0,15
2024-03-14 06:10:00,8,7,1,16
2024-03-14 06:20:00,12,12,0,24
2024-03-14 06:30:00,11,14,1,26
2024-03-14 06:40:00,15,11,2,28
2024-03-14 06:50:00,15,13,3,31
2024-03-14 07:00:00,12,14,1,27
2024-03-14 07:10:00,18,12,4,34
2024-03-14 07:20:00,24,26,5,55
2024-03-14 07:30:00,26,24,11,61
2024-03-14 07:40:00,40,13,8,61
2024-03-14 07:50:00,31,24,8,63
2024-03-14 08:00:00,26,24,7,57
2024-03-14 08:10:00,31,18,7,56
2024-03-14 08:20:00,28,19,3,50
2024-03-14 08:30:00,31,22,2,55
2024-03-14 08:40:00,26,13,7,46
2024-03-14 08:50:00,24,18,7,49
2024-03-14 09:00:00,16,17,8,41
2024-03-14 09:10:00,21,21,3,45
2024-03-14 09:20:00,23,46,4,73
2024-03-14 09:30:00,26,22,7,55
2024-03-14 09:40:00,33,22,6,61
2024-03-14 09:50:00,23,20,1,44
2024-03-14 10:00:00,20,21,4,45
2024-03-14 10:10:00,20,17,2,39
2024-03-14 10:20:00,23,19,6,48
2024-03-14 10:30:00,22,19,9,50
2024-03-14 10:40:00,24,19,8,51
2024-03-14 10:50:00,28,19,7,54
2024-03-14 11:00:00,22,27,3,52
2024-03-14 11:10:00,28,23,6,57
2024-03-14 11:20:00,18,28,3,49
2024-03-14 11:30:00,20,24,4,48
2024-03-14 11:40:00,27,23,5,55
2024-03-14 11:50:00,28,29,4,61
2024-03-14 12:00:00,24,15,5,44
2024-03-14 12:10:00,38,23,3,64
2024-03-14 12:20:00,25,19,5,49
2024-03-14 12:30:00,21,20,7,48
2024-03-14 12:40:00,17,29,6,52
2024-03-14 12:50:00,23,27,6,56
2024-03-14 13:00:00,27,26,10,63
2024-03-14 13:10:00,26,18,8,52
2024-03-14 13:20:00,27,28,8,63
2024-03-14 13:30:00,27,19,10,56
2024-03-14 13:40:00,32,21,11,64
2024-03-14 13:50:00,26,27,6,59
2024-03-14 14:00:00,26,24,6,56
2024-03-14 14:10:00,20,18,8,46
2024-03-14 14:20:00,19,26,4,49
2024-03-14 14:30:00,24,21,8,53
2024-03-14 14:40:00,19,29,5,53
2024-03-14 14:50:00,25,19,8,52
2024-03-14 15:00:00,36,25,6,67
2024-03-14 15:10:00,32,30,8,70
2024-03-14 15:20:00,32,22,5,59
2024-03-14 15:30:00,28,20,4,52
2024-03-14 15:40:00,25,24,8,57
2024-03-14 15:50:00,30,20,8,58
2024-03-14 16:00:00,30,18,10,58
2024-03-14 16:10:00,26,18,6,50
2024-03-14 16:20:00,30,25,9,64
2024-03-14 16:30:00,29,20,8,57
2024-03-14 16:40:00,22,30,6,58
2024-03-14 16:50:00,24,27,8,59
2024-03-14 17:00:00,29,24,7,60
2024-03-14 17:10:00,23,25,8,56
2024-03-14 17:20:00,29,28,9,66
2024-03-14 17:30:00,22,31,5,58
2024-03-14 17:40:00,29,23,3,55
2024-03-14 17:50:00,24,25,5,54
2024-03-14 18:00:00,40,23,8,71
2024-03-14 18:10:00,8,8,2,18
2024-03-14 18:20:00,9,8,4,21
2024-03-14 18:30:00,24,12,10,46
2024-03-14 18:40:00,19,20,4,43
2024-03-14 18:50:00,17,20,5,42
2024-03-14 19:00:00,15,20,3,38
2024-03-14 19:10:00,19,18,4,41
2024-03-14 19:20:00,14,18,2,34
2024-03-14 19:30:00,13,13,2,28
2024-03-14 19:40:00,12,20,1,33
2024-03-14 19:50:00,15,14,4,33
2024-03-14 20:00:00,13,17,3,33
2024-03-14 20:10:00,22,13,5,40
2024-03-14 20:20:00,16,14,2,32
2024-03-14 20:30:00,11,13,1,25
2024-03-14 20:40:00,8,11,1,20
2024-03-14 20:50:00,14,16,3,33
2024-03-14 21:00:00,10,14,3,27
2024-03-14 21:10:00,6,12,3,21
2024-03-14 21:20:00,6,18,3,27
2024-03-14 21:30:00,6,11,2,19
2024-03-14 21:40:00,8,11,3,22
2024-03-14 21:50:00,8,16,1,25
2024-03-14 22:00:00,10,12,1,23
2024-03-14 22:10:00,10,15,0,25
2024-03-14 22:20:00,10,18,0,28
2024-03-14 22:30:00,7,17,1,25
2024-03-14 22:40:00,7,8,0,15
2024-03-14 22:50:00,5,9,3,17
2024-03-14 23:00:00,3,9,2,14
2024-03-14 23:10:00,8,10,0,18
2024-03-14 23:20:00,7,11,2,20
2024-03-14 23:30:00,2,8,3,13
2024-03-14 23:40:00,6,9,0,15
2024-03-14 23:50:00,4,2,0,6
2024-03-15 00:00:00,2,7,0,9
2024-03-15 00:10:00,4,3,0,7
2024-03-15 00:20:00,1,4,0,5
2024-03-15 00:30:00,1,3,0,4
2024-03-15 00:40:00,4,6,1,11
2024-03-15 00:50:00,0,2,0,2
2024-03-15 01:00:00,0,4,0,4
2024-03-15 01:10:00,1,3,0,4
2024-03-15 01:20:00,0,2,0,2
2024-03-15 01:30:00,1,2,0,3
2024-03-15 01:40:00,0,2,0,2
2024-03-15 01:50:00,0,1,0,1
2024-03-15 02:00:00,4,5,0,9
2024-03-15 02:10:00,1,3,1,5
2024-03-15 02:20:00,1,1,0,2
2024-03-15 02:30:00,1,2,1,4
2024-03-15 02:40:00,0,1,0,1
2024-03-15 02:50:00,2,2,0,4
2024-03-15 03:00:00,1,1,0,2
2024-03-15 03:10:00,0,2,0,2
2024-03-15 03:20:00,3,0,0,3
2024-03-15 03:30:00,0,0,0,0
2024-03-15 03:40:00,2,3,0,5
2024-03-15 03:50:00,2,1,0,3
2024-03-15 04:00:00,2,1,1,4
2024-03-15 04:10:00,1,3,0,4
2024-03-15 04:20:00,0,1,0,1
2024-03-15 04:30:00,3,1,0,4
2024-03-15 04:40:00,2,0,0,2
2024-03-15 04:50:00,2,3,0,5
2024-03-15 05:00:00,1,2,0,3
2024-03-15 05:10:00,1,3,0,4
2024-03-15 05:20:00,1,4,0,5
2024-03-15 05:30:00,4,5,0,9
2024-03-15 05:40:00,7,5,0,12
2024-03-15 05:50:00,7,8,2,17
2024-03-15 06:00:00,2,10,0,12
2024-03-15 06:10:00,11,7,1,19
2024-03-15 06:20:00,7,8,0,15
2024-03-15 06:30:00,6,19,1,26
2024-03-15 06:40:00,17,14,1,32
2024-03-15 06:50:00,16,19,3,38
2024-03-15 07:00:00,19,14,0,33
2024-03-15 07:10:00,18,19,2,39
2024-03-15 07:20:00,19,15,5,39
2024-03-15 07:30:00,32,17,10,59
2024-03-15 07:40:00,34,22,11,67
2024-03-15 07:50:00,22,20,7,49
2024-03-15 08:00:00,19,16,6,41
2024-03-15 08:10:00,25,24,9,58
2024-03-15 08:20:00,28,23,7,58
2024-03-15 08:30:00,24,26,6,56
2024-03-15 08:40:00,24,14,4,42
2024-03-15 08:50:00,21,21,0,42
2024-03-15 09:00:00,19,17,4,40
2024-03-15 09:10:00,21,14,2,37
2024-03-15 09:20:00,18,12,3,33
2024-03-15 09:30:00,20,28,3,51
2024-03-15 09:40:00,29,28,5,62
2024-03-15 09:50:00,32,21,5,58
2024-03-15 10:00:00,23,20,5,48
2024-03-15 10:10:00,29,22,3,54
2024-03-15 10:20:00,27,0,7,34
2024-03-15 10:30:00,24,9,7,40
2024-03-15 10:40:00,32,22,2,56
2024-03-15 10:50:00,16,21,4,41
2024-03-15 11:00:00,23,26,6,55
2024-03-15 11:10:00,22,25,9,56
2024-03-15 11:20:00,24,23,4,51
2024-03-15 11:30:00,20,20,2,42
2024-03-15 11:40:00,32,43,5,80
2024-03-15 11:50:00,19,28,4,51
2024-03-15 12:00:00,21,25,3,49
2024-03-15 12:10:00,26,21,4,51
2024-03-15 12:20:00,31,26,5,62
2024-03-15 12:30:00,24,29,7,60
2024-03-15 12:40:00,26,27,7,60
2024-03-15 12:50:00,34,18,5,57
2024-03-15 13:00:00,24,22,5,51
2024-03-15 13:10:00,22,40,11,73
2024-03-15 13:20:00,27,25,5,57
2024-03-15 13:30:00,22,29,9,60
2024-03-15 13:40:00,22,34,7,63
2024-03-15 13:50:00,24,33,4,61
2024-03-15 14:00:00,19,21,6,46
2024-03-15 14:10:00,23,32,4,59
2024-03-15 14:20:00,19,24,7,50
2024-03-15 14:30:00,19,19,10,48
2024-03-15 14:40:00,23,26,8,57
2024-03-15 14:50:00,26,22,9,57
2024-03-15 15:00:00,20,21,9,50
2024-03-15 15:10:00,23,22,1,46
2024-03-15 15:20:00,21,24,6,51
2024-03-15 15:30:00,17,24,7,48
2024-03-15 15:40:00,29,27,3,59
2024-03-15 15:50:00,19,19,7,45
2024-03-15 16:00:00,20,33,4,57
2024-03-15 16:10:00,28,34,4,66
2024-03-15 16:20:00,30,29,5,64
2024-03-15 16:30:00,25,22,5,52
2024-03-15 16:40:00,22,24,5,51
2024-03-15 16:50:00,25,24,7,56
2024-03-15 17:00:00,29,32,7,68
2024-03-15 17:10:00,29,24,5,58
2024-03-15 17:20:00,32,29,8,69
2024-03-15 17:30:00,30,24,6,60
2024-03-15 17:40:00,28,27,4,59
2024-03-15 17:50:00,20,26,6,52
2024-03-15 18:00:00,26,26,5,57
2024-03-15 18:10:00,19,29,5,53
2024-03-15 18:20:00,25,23,3,51
2024-03-15 18:30:00,18,18,3,39
2024-03-15 18:40:00,18,12,1,31
2024-03-15 18:50:00,15,23,6,44
2024-03-15 19:00:00,11,15,4,30
2024-03-15 19:10:00,17,24,2,43
2024-03-15 19:20:00,14,17,3,34
2024-03-15 19:30:00,17,11,3,31
2024-03-15 19:40:00,11,20,7,38
2024-03-15 19:50:00,18,12,5,35
2024-03-15 20:00:00,12,15,3,30
2024-03-15 20:10:00,13,10,7,30
2024-03-15 20:20:00,16,12,1,29
2024-03-15 20:30:00,10,10,1,21
2024-03-15 20:40:00,12,12,2,26
2024-03-15 20:50:00,15,16,1,32
2024-03-15 21:00:00,6,10,5,21
2024-03-15 21:10:00,12,13,2,27
2024-03-15 21:20:00,11,7,4,22
2024-03-15 21:30:00,8,14,4,26
2024-03-15 21:40:00,9,16,3,28
2024-03-15 21:50:00,7,23,7,37
2024-03-15 22:00:00,8,13,2,23
2024-03-15 22:10:00,13,19,0,32
2024-03-15 22:20:00,9,16,3,28
2024-03-15 22:30:00,9,14,2,25
2024-03-15 22:40:00,16,8,5,29
2024-03-15 22:50:00,12,17,0,29
2024-03-15 23:00:00,5,19,2,26
2024-03-15 23:10:00,9,11,4,24
2024-03-15 23:20:00,5,6,0,11
2024-03-15 23:30:00,6,8,0,14
2024-03-15 23:40:00,6,13,5,24
2024-03-15 23:50:00,8,7,1,16
2024-03-16 00:00:00,5,12,3,20
2024-03-16 00:10:00,6,10,0,16
2024-03-16 00:20:00,7,10,0,17
2024-03-16 00:30:00,6,8,0,14
2024-03-16 00:40:00,6,11,2,19
2024-03-16 00:50:00,7,4,0,11
2024-03-16 01:00:00,4,13,1,18
2024-03-16 01:10:00,3,1,0,4
2024-03-16 01:20:00,1,6,1,8
2024-03-16 01:30:00,1,11,0,12
2024-03-16 01:40:00,2,2,0,4
2024-03-16 01:50:00,3,4,0,7
2024-03-16 02:00:00,1,4,1,6
2024-03-16 02:10:00,1,3,1,5
2024-03-16 02:20:00,1,9,0,10
2024-03-16 02:30:00,2,3,1,6
2024-03-16 02:40:00,3,2,0,5
2024-03-16 02:50:00,1,1,0,2
2024-03-16 03:00:00,2,3,0,5
2024-03-16 03:10:00,1,3,1,5
2024-03-16 03:20:00,2,1,0,3
2024-03-16 03:30:00,3,2,0,5
2024-03-16 03:40:00,3,0,0,3
2024-03-16 03:50:00,0,2,0,2
2024-03-16 04:00:00,1,4,0,5
2024-03-16 04:10:00,1,1,0,2
2024-03-16 04:20:00,3,1,0,4
2024-03-16 04:30:00,2,1,0,3
2024-03-16 04:40:00,0,2,1,3
2024-03-16 04:50:00,1,2,0,3
2024-03-16 05:00:00,2,3,0,5
2024-03-16 05:10:00,2,0,0,2
2024-03-16 05:20:00,2,3,0,5
2024-03-16 05:30:00,1,1,0,2
2024-03-16 05:40:00,4,4,0,8
2024-03-16 05:50:00,3,0,0,3
2024-03-16 06:00:00,1,0,1,2
2024-03-16 06:10:00,3,3,0,6
2024-03-16 06:20:00,2,1,0,3
2024-03-16 06:30:00,1,5,0,6
2024-03-16 06:40:00,5,5,1,11
2024-03-16 06:50:00,4,3,2,9
2024-03-16 07:00:00,1,2,0,3
2024-03-16 07:10:00,2,6,1,9
2024-03-16 07:20:00,5,5,1,11
2024-03-16 07:30:00,1,5,1,7
2024-03-16 07:40:00,11,5,2,18
2024-03-16 07:50:00,9,7,2,18
2024-03-16 08:00:00,5,6,0,11
2024-03-16 08:10:00,10,9,2,21
2024-03-16 08:20:00,9,6,4,19
2024-03-16 08:30:00,6,14,2,22
2024-03-16 08:40:00,13,10,2,25
2024-03-16 08:50:00,18,14,5,37
2024-03-16 09:00:00,12,11,0,23
2024-03-16 09:10:00,16,20,5,41
2024-03-16 09:20:00,15,10,4,29
2024-03-16 09:30:00,21,20,1,42
2024-03-16 09:40:00,20,11,6,37
2024-03-16 09:50:00,24,23,1,48
2024-03-16 10:00:00,22,25,8,55
2024-03-16 10:10:00,20,14,6,40
2024-03-16 10:20:00,29,20,3,52
2024-03-16 10:30:00,23,19,12,54
2024-03-16 10:40:00,18,21,2,41
2024-03-16 10:50:00,17,20,6,43
2024-03-16 11:00:00,17,21,6,44
2024-03-16 11:10:00,34,24,1,59
2024-03-16 11:20:00,28,20,4,52
2024-03-16 11:30:00,26,22,6,54
2024-03-16 11:40:00,24,24,4,52
2024-03-16 11:50:00,29,23,5,57
2024-03-16 12:00:00,21,24,2,47
2024-03-16 12:10:00,24,18,3,45
2024-03-16 12:20:00,21,33,1,55
2024-03-16 12:30:00,22,26,5,53
2024-03-16 12:40:00,23,21,10,54
2024-03-16 12:50:00,20,23,6,49
2024-03-16 13:00:00,24,32,4,60
2024-03-16 13:10:00,24,19,5,48
2024-03-16 13:20:00,25,32,4,61
2024-03-16 13:30:00,30,22,3,55
2024-03-16 13:40:00,28,19,12,59
2024-03-16 13:50:00,23,22,6,51
2024-03-16 14:00:00,20,32,4,56
2024-03-16 14:10:00,34,29,9,72
2024-03-16 14:20:00,42,23,6,71
2024-03-16 14:30:00,22,24,3,49
2024-03-16 14:40:00,37,28,3,68
2024-03-16 14:50:00,18,47,5,70
2024-03-16 15:00:00,21,21,5,47
2024-03-16 15:10:00,28,25,5,58
2024-03-16 15:20:00,16,27,11,54
2024-03-16 15:30:00,15,21,7,43
2024-03-16 15:40:00,21,22,5,48
2024-03-16 15:50:00,25,28,2,55
2024-03-16 16:00:00,21,26,1,48
2024-03-16 16:10:00,13,23,5,41
2024-03-16 16:20:00,16,17,5,38
2024-03-16 16:30:00,11,19,8,38
2024-03-16 16:40:00,10,18,1,29
2024-03-16 16:50:00,14,17,4,35
2024-03-16 17:00:00,16,19,4,39
2024-03-16 17:10:00,21,26,8,55
2024-03-16 17:20:00,30,21,6,57
2024-03-16 17:30:00,22,20,3,45
2024-03-16 17:40:00,31,17,6,54
2024-03-16 17:50:00,29,24,4,57
2024-03-16 18:00:00,25,20,6,51
2024-03-16 18:10:00,27,19,4,50
2024-03-16 18:20:00,27,15,10,52
2024-03-16 18:30:00,27,15,8,50
2024-03-16 18:40:00,28,16,1,45
2024-03-16 18:50:00,21,18,4,43
2024-03-16 19:00:00,14,17,4,35
2024-03-16 19:10:00,16,13,4,33
2024-03-16 19:20:00,20,27,4,51
2024-03-16 19:30:00,17,15,4,36
2024-03-16 19:40:00,13,15,1,29
2024-03-16 19:50:00,12,9,3,24
2024-03-16 20:00:00,16,10,3,29
2024-03-16 20:10:00,18,15,5,38
2024-03-16 20:20:00,10,18,2,30
2024-03-16 20:30:00,11,11,3,25
2024-03-16 20:40:00,19,14,1,34
2024-03-16 20:50:00,16,16,0,32
2024-03-16 21:00:00,9,11,2,22
2024-03-16 21:10:00,8,16,2,26
2024-03-16 21:20:00,11,13,2,26
2024-03-16 21:30:00,6,12,0,18
2024-03-16 21:40:00,7,13,5,25
2024-03-16 21:50:00,14,19,2,35
2024-03-16 22:00:00,8,19,8,35
2024-03-16 22:10:00,12,12,1,25
2024-03-16 22:20:00,7,13,2,22
2024-03-16 22:30:00,4,17,1,22
2024-03-16 22:40:00,13,11,2,26
2024-03-16 22:50:00,10,14,1,25
2024-03-16 23:00:00,9,16,0,25
2024-03-16 23:10:00,6,15,0,21
2024-03-16 23:20:00,9,11,6,26
2024-03-16 23:30:00,5,5,2,12
2024-03-16 23:40:00,7,8,1,16
2024-03-16 23:50:00,5,16,0,21
2024-03-17 00:00:00,7,11,1,19
2024-03-17 00:10:00,3,10,1,14
2024-03-17 00:20:00,1,7,2,10
2024-03-17 00:30:00,9,7,0,16
2024-03-17 00:40:00,6,8,1,15
2024-03-17 00:50:00,5,9,1,15
2024-03-17 01:00:00,7,10,2,19
2024-03-17 01:10:00,3,10,0,13
2024-03-17 01:20:00,4,8,0,12
2024-03-17 01:30:00,8,4,1,13
2024-03-17 01:40:00,1,5,0,6
2024-03-17 01:50:00,3,6,0,9
2024-03-17 02:00:00,1,2,1,4
2024-03-17 02:10:00,1,5,0,6
2024-03-17 02:20:00,2,2,0,4
2024-03-17 02:30:00,0,4,0,4
2024-03-17 02:40:00,7,4,0,11
2024-03-17 02:50:00,1,3,0,4
2024-03-17 03:00:00,0,1,0,1
2024-03-17 03:10:00,3,6,0,9
2024-03-17 03:20:00,2,4,0,6
2024-03-17 03:30:00,1,4,0,5
2024-03-17 03:40:00,1,3,0,4
2024-03-17 03:50:00,0,5,0,5
2024-03-17 04:00:00,2,1,0,3
2024-03-17 04:10:00,1,3,0,4
2024-03-17 04:20:00,0,2,0,2
2024-03-17 04:30:00,2,1,0,3
2024-03-17 04:40:00,2,0,0,2
2024-03-17 04:50:00,2,2,1,5
2024-03-17 05:00:00,1,2,0,3
2024-03-17 05:10:00,0,2,0,2
2024-03-17 05:20:00,2,6,0,8
2024-03-17 05:30:00,1,3,0,4
2024-03-17 05:40:00,2,2,1,5
2024-03-17 05:50:00,0,2,0,2
2024-03-17 06:00:00,1,1,0,2
2024-03-17 06:10:00,1,0,0,1
2024-03-17 06:20:00,1,2,1,4
2024-03-17 06:30:00,2,4,0,6
2024-03-17 06:40:00,0,2,0,2
2024-03-17 06:50:00,4,2,0,6
2024-03-17 07:00:00,4,1,1,6
2024-03-17 07:10:00,3,2,0,5
2024-03-17 07:20:00,2,1,0,3
2024-03-17 07:30:00,0,2,0,2
2024-03-17 07:40:00,2,5,1,8
2024-03-17 07:50:00,3,2,2,7
2024-03-17 08:00:00,3,3,0,6
2024-03-17 08:10:00,2,1,0,3
2024-03-17 08:20:00,4,4,0,8
2024-03-17 08:30:00,3,4,0,7
2024-03-17 08:40:00,5,8,0,13
2024-03-17 08:50:00,4,5,1,10
2024-03-17 09:00:00,3,7,1,11
2024-03-17 09:10:00,3,9,1,13
2024-03-17 09:20:00,10,5,2,17
2024-03-17 09:30:00,11,9,1,21
2024-03-17 09:40:00,7,10,1,18
2024-03-17 09:50:00,11,10,0,21
2024-03-17 10:00:00,12,10,6,28
2024-03-17 10:10:00,7,10,1,18
2024-03-17 10:20:00,11,14,2,27
2024-03-17 10:30:00,11,6,2,19
2024-03-17 10:40:00,7,9,3,19
2024-03-17 10:50:00,16,10,2,28
2024-03-17 11:00:00,16,18,1,35
2024-03-17 11:10:00,11,17,1,29
2024-03-17 11:20:00,12,11,2,25
2024-03-17 11:30:00,6,8,1,15
2024-03-17 11:40:00,9,18,6,33
2024-03-17 11:50:00,16,17,1,34
2024-03-17 12:00:00,9,21,1,31
2024-03-17 12:10:00,16,12,6,34
2024-03-17 12:20:00,15,21,4,40
2024-03-17 12:30:00,17,20,3,40
2024-03-17 12:40:00,15,28,2,45
2024-03-17 12:50:00,12,19,4,35
2024-03-17 13:00:00,10,25,1,36
2024-03-17 13:10:00,15,16,4,35
2024-03-17 13:20:00,12,26,1,39
2024-03-17 13:30:00,13,14,2,29
2024-03-17 13:40:00,11,20,3,34
2024-03-17 13:50:00,19,19,3,41
2024-03-17 14:00:00,14,22,1,37
2024-03-17 14:10:00,11,23,2,36
2024-03-17 14:20:00,17,21,1,39
2024-03-17 14:30:00,12,21,6,39
2024-03-17 14:40:00,15,22,2,39
2024-03-17 14:50:00,17,26,2,45
2024-03-17 15:00:00,14,15,1,30
2024-03-17 15:10:00,21,10,7,38
2024-03-17 15:20:00,18,21,3,42
2024-03-17 15:30:00,20,20,2,42
2024-03-17 15:40:00,20,21,6,47
2024-03-17 15:50:00,12,22,1,35
2024-03-17 16:00:00,13,20,5,38
2024-03-17 16:10:00,15,19,1,35
2024-03-17 16:20:00,14,18,3,35
2024-03-17 16:30:00,14,20,2,36
2024-03-17 16:40:00,24,17,3,44
2024-03-17 16:50:00,13,18,3,34
2024-03-17 17:00:00,15,18,5,38
2024-03-17 17:10:00,21,15,0,36
2024-03-17 17:20:00,19,21,4,44
2024-03-17 17:30:00,16,20,2,38
2024-03-17 17:40:00,11,19,1,31
2024-03-17 17:50:00,21,20,3,44
2024-03-17 18:00:00,14,13,2,29
2024-03-17 18:10:00,22,19,7,48
2024-03-17 18:20:00,12,20,1,33
2024-03-17 18:30:00,14,11,3,28
2024-03-17 18:40:00,8,12,0,20
2024-03-17 18:50:00,12,12,4,28
2024-03-17 19:00:00,6,15,0,21
2024-03-17 19:10:00,7,12,2,21
2024-03-17 19:20:00,4,13,3,20
2024-03-17 19:30:00,17,19,2,38
2024-03-17 19:40:00,5,15,2,22
2024-03-17 19:50:00,14,11,2,27
2024-03-17 20:00:00,13,9,2,24
2024-03-17 20:10:00,7,16,1,24
2024-03-17 20:20:00,9,17,0,26
2024-03-17 20:30:00,12,18,2,32
2024-03-17 20:40:00,6,19,1,26
2024-03-17 20:50:00,10,11,1,22
2024-03-17 21:00:00,10,18,1,29
2024-03-17 21:10:00,6,11,0,17
2024-03-17 21:20:00,12,15,1,28
2024-03-17 21:30:00,6,12,0,18
2024-03-17 21:40:00,6,10,1,17
2024-03-17 21:50:00,11,12,0,23
2024-03-17 22:00:00,7,7,0,14
2024-03-17 22:10:00,6,8,2,16
2024-03-17 22:20:00,5,13,1,19
2024-03-17 22:30:00,6,9,1,16
2024-03-17 22:40:00,8,6,0,14
2024-03-17 22:50:00,6,5,0,11
2024-03-17 23:00:00,4,7,0,11
2024-03-17 23:10:00,6,10,1,17
2024-03-17 23:20:00,2,6,3,11
2024-03-17 23:30:00,3,6,2,11
2024-03-17 23:40:00,5,5,1,11
2024-03-17 23:50:00,6,5,1,12
2024-03-18 00:00:00,3,5,0,8
2024-03-18 00:10:00,3,0,0,3
2024-03-18 00:20:00,1,1,0,2
2024-03-18 00:30:00,1,1,0,2
2024-03-18 00:40:00,2,2,0,4
2024-03-18 00:50:00,2,3,0,5
2024-03-18 01:00:00,5,1,0,6
2024-03-18 01:10:00,0,2,0,2
2024-03-18 01:20:00,2,3,0,5
2024-03-18 01:30:00,2,0,0,2
2024-03-18 01:40:00,0,2,0,2
2024-03-18 01:50:00,0,2,0,2
2024-03-18 02:00:00,1,2,0,3
2024-03-18 02:10:00,0,1,0,1
2024-03-18 02:20:00,1,1,0,2
2024-03-18 02:30:00,2,2,0,4
2024-03-18 02:40:00,0,2,0,2
2024-03-18 02:50:00,2,2,0,4
2024-03-18 03:00:00,2,1,0,3
2024-03-18 03:10:00,1,3,0,4
2024-03-18 03:20:00,2,0,0,2
2024-03-18 03:30:00,2,1,0,3
2024-03-18 03:40:00,1,0,0,1
2024-03-18 03:50:00,3,0,0,3
2024-03-18 04:00:00,0,0,0,0
2024-03-18 04:10:00,1,3,0,4
2024-03-18 04:20:00,0,1,0,1
2024-03-18 04:30:00,2,1,0,3
2024-03-18 04:40:00,2,0,0,2
2024-03-18 04:50:00,4,2,1,7
2024-03-18 05:00:00,5,1,0,6
2024-03-18 05:10:00,2,3,0,5
2024-03-18 05:20:00,5,2,0,7
2024-03-18 05:30:00,6,7,0,13
2024-03-18 05:40:00,6,5,0,11
2024-03-18 05:50:00,6,10,0,16
2024-03-18 06:00:00,11,9,0,20
2024-03-18 06:10:00,11,10,0,21
2024-03-18 06:20:00,8,12,0,20
2024-03-18 06:30:00,16,15,1,32
2024-03-18 06:40:00,21,14,0,35
2024-03-18 06:50:00,20,10,3,33
2024-03-18 07:00:00,18,11,4,33
2024-03-18 07:10:00,14,19,1,34
2024-03-18 07:20:00,16,14,4,34
2024-03-18 07:30:00,30,27,12,69
2024-03-18 07:40:00,29,23,8,60
2024-03-18 07:50:00,27,16,6,49
2024-03-18 08:00:00,40,21,6,67
2024-03-18 08:10:00,35,22,6,63
2024-03-18 08:20:00,35,37,6,78
2024-03-18 08:30:00,34,22,7,63
2024-03-18 08:40:00,28,31,3,62
2024-03-18 08:50:00,21,25,1,47
2024-03-18 09:00:00,33,23,0,56
2024-03-18 09:10:00,29,22,7,58
2024-03-18 09:20:00,25,24,4,53
2024-03-18 09:30:00,27,19,5,51
2024-03-18 09:40:00,20,19,6,45
2024-03-18 09:50:00,24,14,3,41
2024-03-18 10:00:00,26,22,2,50
2024-03-18 10:10:00,21,18,7,46
2024-03-18 10:20:00,23,20,4,47
2024-03-18 10:30:00,27,24,5,56
2024-03-18 10:40:00,25,20,7,52
2024-03-18 10:50:00,28,19,3,50
2024-03-18 11:00:00,27,21,5,53
2024-03-18 11:10:00,21,22,4,47
2024-03-18 11:20:00,30,26,6,62
2024-03-18 11:30:00,21,22,6,49
2024-03-18 11:40:00,22,25,2,49
2024-03-18 11:50:00,26,23,5,54
2024-03-18 12:00:00,20,24,4,48
2024-03-18 12:10:00,19,24,9,52
2024-03-18 12:20:00,23,26,10,59
2024-03-18 12:30:00,33,24,8,65
2024-03-18 12:40:00,24,26,4,54
2024-03-18 12:50:00,16,26,6,48
2024-03-18 13:00:00,23,18,7,48
2024-03-18 13:10:00,22,20,11,53
2024-03-18 13:20:00,29,31,6,66
2024-03-18 13:30:00,23,35,8,66
2024-03-18 13:40:00,17,26,8,51
2024-03-18 13:50:00,31,25,2,58
2024-03-18 14:00:00,30,37,5,72
2024-03-18 14:10:00,28,24,5,57
2024-03-18 14:20:00,23,25,11,59
2024-03-18 14:30:00,23,20,7,50
2024-03-18 14:40:00,26,26,11,63
2024-03-18 14:50:00,36,25,5,66
2024-03-18 15:00:00,25,22,4,51
2024-03-18 15:10:00,31,21,6,58
2024-03-18 15:20:00,20,24,4,48
2024-03-18 15:30:00,34,28,2,64
2024-03-18 15:40:00,27,24,2,53
2024-03-18 15:50:00,23,18,8,49
2024-03-18 16:00:00,20,22,9,51
2024-03-18 16:10:00,24,26,7,57
2024-03-18 16:20:00,23,25,7,55
2024-03-18 16:30:00,20,19,7,46
2024-03-18 16:40:00,29,25,5,59
2024-03-18 16:50:00,26,26,7,59
2024-03-18 17:00:00,25,29,6,60
2024-03-18 17:10:00,20,19,4,43
2024-03-18 17:20:00,28,24,3,55
2024-03-18 17:30:00,24,20,8,52
2024-03-18 17:40:00,33,18,7,58
2024-03-18 17:50:00,20,32,3,55
2024-03-18 18:00:00,31,20,4,55
2024-03-18 18:10:00,19,24,3,46
2024-03-18 18:20:00,19,21,3,43
2024-03-18 18:30:00,19,22,3,44
2024-03-18 18:40:00,14,26,7,47
2024-03-18 18:50:00,15,22,7,44
2024-03-18 19:00:00,12,21,2,35
2024-03-18 19:10:00,11,23,3,37
2024-03-18 19:20:00,17,16,3,36
2024-03-18 19:30:00,17,11,3,31
2024-03-18 19:40:00,12,14,2,28
2024-03-18 19:50:00,14,18,4,36
2024-03-18 20:00:00,9,18,2,29
2024-03-18 20:10:00,13,14,0,27
2024-03-18 20:20:00,10,13,2,25
2024-03-18 20:30:00,9,14,1,24
2024-03-18 20:40:00,14,11,2,27
2024-03-18 20:50:00,4,9,2,15
2024-03-18 21:00:00,9,8,1,18
2024-03-18 21:10:00,7,7,1,15
2024-03-18 21:20:00,9,8,1,18
2024-03-18 21:30:00,5,10,1,16
2024-03-18 21:40:00,11,8,2,21
2024-03-18 21:50:00,5,9,2,16
2024-03-18 22:00:00,5,9,0,14
2024-03-18 22:10:00,10,8,0,18
2024-03-18 22:20:00,13,6,3,22
2024-03-18 22:30:00,8,6,0,14
2024-03-18 22:40:00,3,11,0,14
2024-03-18 22:50:00,3,7,2,12
2024-03-18 23:00:00,1,7,0,8
2024-03-18 23:10:00,3,4,0,7
2024-03-18 23:20:00,3,4,0,7
2024-03-18 23:30:00,4,5,0,9
2024-03-18 23:40:00,4,3,1,8
2024-03-18 23:50:00,3,7,1,11
2024-03-19 00:00:00,1,12,1,14
2024-03-19 00:10:00,3,0,0,3
2024-03-19 00:20:00,1,6,1,8
2024-03-19 00:30:00,2,4,0,6
2024-03-19 00:40:00,3,2,1,6
2024-03-19 00:50:00,1,4,0,5
2024-03-19 01:00:00,0,2,0,2
2024-03-19 01:10:00,0,3,0,3
2024-03-19 01:20:00,2,4,0,6
2024-03-19 01:30:00,0,3,0,3
2024-03-19 01:40:00,1,0,0,1
2024-03-19 01:50:00,1,1,0,2
2024-03-19 02:00:00,2,0,0,2
2024-03-19 02:10:00,1,2,0,3
2024-03-19 02:20:00,1,2,0,3
2024-03-19 02:30:00,2,2,0,4
2024-03-19 02:40:00,0,0,0,0
2024-03-19 02:50:00,1,1,0,2
2024-03-19 03:00:00,1,2,0,3
2024-03-19 03:10:00,0,3,0,3
2024-03-19 03:20:00,5,0,0,5
2024-03-19 03:30:00,2,5,0,7
2024-03-19 03:40:00,1,1,0,2
2024-03-19 03:50:00,3,0,0,3
2024-03-19 04:00:00,0,3,0,3
2024-03-19 04:10:00,1,3,0,4
2024-03-19 04:20:00,0,2,0,2
2024-03-19 04:30:00,2,0,0,2
2024-03-19 04:40:00,2,1,0,3
2024-03-19 04:50:00,4,2,0,6
2024-03-19 05:00:00,2,1,0,3
2024-03-19 05:10:00,1,3,0,4
2024-03-19 05:20:00,4,4,0,8
2024-03-19 05:30:00,8,4,0,12
2024-03-19 05:40:00,10,4,0,14
2024-03-19 05:50:00,6,8,0,14
2024-03-19 06:00:00,7,8,0,15
2024-03-19 06:10:00,9,12,1,22
2024-03-19 06:20:00,13,9,0,22
2024-03-19 06:30:00,10,15,0,25
2024-03-19 06:40:00,17,11,1,29
2024-03-19 06:50:00,16,19,0,35
2024-03-19 07:00:00,27,14,1,42
2024-03-19 07:10:00,26,19,1,46
2024-03-19 07:20:00,19,11,7,37
2024-03-19 07:30:00,24,13,10,47
2024-03-19 07:40:00,34,17,10,61
2024-03-19 07:50:00,36,15,10,61
2024-03-19 08:00:00,43,23,11,77
2024-03-19 08:10:00,34,26,5,65
2024-03-19 08:20:00,38,28,5,71
2024-03-19 08:30:00,32,31,4,67
2024-03-19 08:40:00,26,28,4,58
2024-03-19 08:50:00,33,28,4,65
2024-03-19 09:00:00,21,14,2,37
2024-03-19 09:10:00,23,32,4,59
2024-03-19 09:20:00,30,12,5,47
2024-03-19 09:30:00,16,17,7,40
2024-03-19 09:40:00,21,19,2,42
2024-03-19 09:50:00,23,18,6,47
2024-03-19 10:00:00,26,21,4,51
2024-03-19 10:10:00,20,20,5,45
2024-03-19 10:20:00,29,19,1,49
2024-03-19 10:30:00,24,20,4,48
2024-03-19 10:40:00,33,22,5,60
2024-03-19 10:50:00,28,18,3,49
2024-03-19 11:00:00,20,23,2,45
2024-03-19 11:10:00,18,21,3,42
2024-03-19 11:20:00,33,25,7,65
2024-03-19 11:30:00,23,25,4,52
2024-03-19 11:40:00,23,21,3,47
2024-03-19 11:50:00,19,26,4,49
2024-03-19 12:00:00,20,20,8,48
2024-03-19 12:10:00,26,27,4,57
2024-03-19 12:20:00,22,16,16,54
2024-03-19 12:30:00,30,29,7,66
2024-03-19 12:40:00,24,20,8,52
2024-03-19 12:50:00,29,24,7,60
2024-03-19 13:00:00,27,35,1,63
2024-03-19 13:10:00,20,20,9,49
2024-03-19 13:20:00,20,26,9,55
2024-03-19 13:30:00,22,24,8,54
2024-03-19 13:40:00,31,26,8,65
2024-03-19 13:50:00,17,32,3,52
2024-03-19 14:00:00,18,23,5,46
2024-03-19 14:10:00,23,22,8,53
2024-03-19 14:20:00,36,20,8,64
2024-03-19 14:30:00,28,21,9,58
2024-03-19 14:40:00,29,19,7,55
2024-03-19 14:50:00,32,33,3,68
2024-03-19 15:00:00,26,27,5,58
2024-03-19 15:10:00,31,18,7,56
2024-03-19 15:20:00,34,18,3,55
2024-03-19 15:30:00,27,29,3,59
2024-03-19 15:40:00,26,29,5,60
2024-03-19 15:50:00,35,23,5,63
2024-03-19 16:00:00,33,20,7,60
2024-03-19 16:10:00,36,33,5,74
2024-03-19 16:20:00,22,15,5,42
2024-03-19 16:30:00,29,14,5,48
2024-03-19 16:40:00,32,20,8,60
2024-03-19 16:50:00,27,23,4,54
2024-03-19 17:00:00,25,26,5,56
2024-03-19 17:10:00,31,29,5,65
2024-03-19 17:20:00,24,25,10,59
2024-03-19 17:30:00,30,30,7,67
2024-03-19 17:40:00,32,29,7,68
2024-03-19 17:50:00,29,15,4,48
2024-03-19 18:00:00,28,21,4,53
2024-03-19 18:10:00,28,22,5,55
2024-03-19 18:20:00,26,22,7,55
2024-03-19 18:30:00,26,24,6,56
2024-03-19 18:40:00,17,31,6,54
2024-03-19 18:50:00,20,15,5,40
2024-03-19 19:00:00,11,20,4,35
2024-03-19 19:10:00,18,22,5,45
2024-03-19 19:20:00,18,21,4,43
2024-03-19 19:30:00,13,17,0,30
2024-03-19 19:40:00,17,22,3,42
2024-03-19 19:50:00,21,16,4,41
2024-03-19 20:00:00,7,17,1,25
2024-03-19 20:10:00,27,15,1,43
2024-03-19 20:20:00,12,18,3,33
2024-03-19 20:30:00,9,11,1,21
2024-03-19 20:40:00,17,12,2,31
2024-03-19 20:50:00,11,18,0,29
2024-03-19 21:00:00,13,16,1,30
2024-03-19 21:10:00,10,15,1,26
2024-03-19 21:20:00,10,17,1,28
2024-03-19 21:30:00,9,23,1,33
2024-03-19 21:40:00,12,16,1,29
2024-03-19 21:50:00,11,11,2,24
2024-03-19 22:00:00,7,11,1,19
2024-03-19 22:10:00,2,9,4,15
2024-03-19 22:20:00,11,11,3,25
2024-03-19 22:30:00,3,10,0,13
2024-03-19 22:40:00,7,11,0,18
2024-03-19 22:50:00,10,7,0,17
2024-03-19 23:00:00,4,10,1,15
2024-03-19 23:10:00,3,2,0,5
2024-03-19 23:20:00,4,4,2,10
2024-03-19 23:30:00,1,8,0,9
2024-03-19 23:40:00,5,8,1,14
2024-03-19 23:50:00,3,5,0,8
2024-03-20 00:00:00,0,7,0,7
2024-03-20 00:10:00,1,5,0,6
2024-03-20 00:20:00,1,3,1,5
2024-03-20 00:30:00,1,1,0,2
2024-03-20 00:40:00,2,5,0,7
2024-03-20 00:50:00,1,4,0,5
2024-03-20 01:00:00,0,2,0,2
2024-03-20 01:10:00,1,3,0,4
2024-03-20 01:20:00,2,2,0,4
2024-03-20 01:30:00,0,4,0,4
2024-03-20 01:40:00,0,1,0,1
2024-03-20 01:50:00,1,2,0,3
2024-03-20 02:00:00,2,1,0,3
2024-03-20 02:10:00,1,0,0,1
2024-03-20 02:20:00,0,1,0,1
2024-03-20 02:30:00,0,2,0,2
2024-03-20 02:40:00,2,5,0,7
2024-03-20 02:50:00,1,1,0,2
2024-03-20 03:00:00,1,1,0,2
2024-03-20 03:10:00,0,1,0,1
2024-03-20 03:20:00,2,2,0,4
2024-03-20 03:30:00,3,1,0,4
2024-03-20 03:40:00,1,1,0,2
2024-03-20 03:50:00,4,0,0,4
2024-03-20 04:00:00,0,1,0,1
2024-03-20 04:10:00,1,2,0,3
2024-03-20 04:20:00,0,1,0,1
2024-03-20 04:30:00,3,0,0,3
2024-03-20 04:40:00,2,0,0,2
2024-03-20 04:50:00,2,0,0,2
2024-03-20 05:00:00,2,3,0,5
2024-03-20 05:10:00,5,4,0,9
2024-03-20 05:20:00,4,5,1,10
2024-03-20 05:30:00,7,3,0,10
2024-03-20 05:40:00,12,3,0,15
2024-03-20 05:50:00,10,5,1,16
2024-03-20 06:00:00,8,11,0,19
2024-03-20 06:10:00,10,8,0,18
2024-03-20 06:20:00,15,16,2,33
2024-03-20 06:30:00,12,16,0,28
2024-03-20 06:40:00,15,13,1,29
2024-03-20 06:50:00,13,12,3,28
2024-03-20 07:00:00,22,14,0,36
2024-03-20 07:10:00,21,14,3,38
2024-03-20 07:20:00,28,20,5,53
2024-03-20 07:30:00,22,21,10,53
2024-03-20 07:40:00,10,21,10,41
2024-03-20 07:50:00,37,18,7,62
2024-03-20 08:00:00,36,23,7,66
2024-03-20 08:10:00,37,21,3,61
2024-03-20 08:20:00,22,21,6,49
2024-03-20 08:30:00,24,28,1,53
2024-03-20 08:40:00,31,26,3,60
2024-03-20 08:50:00,30,26,3,59
2024-03-20 09:00:00,35,15,3,53
2024-03-20 09:10:00,26,18,6,50
2024-03-20 09:20:00,18,14,5,37
2024-03-20 09:30:00,24,23,4,51
2024-03-20 09:40:00,19,28,5,52
2024-03-20 09:50:00,33,18,4,55
2024-03-20 10:00:00,22,12,3,37
2024-03-20 10:10:00,15,24,6,45
2024-03-20 10:20:00,27,30,2,59
2024-03-20 10:30:00,26,16,6,48
2024-03-20 10:40:00,23,29,8,60
2024-03-20 10:50:00,16,21,4,41
2024-03-20 11:00:00,21,21,4,46
2024-03-20 11:10:00,22,23,5,50
2024-03-20 11:20:00,22,26,8,56
2024-03-20 11:30:00,20,20,4,44
2024-03-20 11:40:00,22,19,5,46
2024-03-20 11:50:00,27,22,6,55
2024-03-20 12:00:00,20,21,8,49
2024-03-20 12:10:00,25,24,3,52
2024-03-20 12:20:00,25,23,10,58
2024-03-20 12:30:00,24,17,11,52
2024-03-20 12:40:00,24,30,6,60
2024-03-20 12:50:00,28,23,7,58
2024-03-20 13:00:00,16,24,8,48
2024-03-20 13:10:00,31,21,12,64
2024-03-20 13:20:00,22,19,10,51
2024-03-20 13:30:00,34,32,7,73
2024-03-20 13:40:00,32,22,5,59
2024-03-20 13:50:00,21,19,10,50
2024-03-20 14:00:00,24,25,4,53
2024-03-20 14:10:00,25,25,4,54
2024-03-20 14:20:00,24,41,8,73
2024-03-20 14:30:00,28,21,8,57
2024-03-20 14:40:00,26,20,8,54
2024-03-20 14:50:00,27,25,7,59
2024-03-20 15:00:00,30,20,6,56
2024-03-20 15:10:00,29,33,8,70
2024-03-20 15:20:00,18,25,6,49
2024-03-20 15:30:00,26,25,5,56
2024-03-20 15:40:00,32,22,8,62
2024-03-20 15:50:00,45,26,7,78
2024-03-20 16:00:00,28,17,11,56
2024-03-20 16:10:00,31,24,6,61
2024-03-20 16:20:00,19,19,4,42
2024-03-20 16:30:00,20,35,7,62
2024-03-20 16:40:00,25,37,5,67
2024-03-20 16:50:00,26,25,5,56
2024-03-20 17:00:00,31,27,6,64
2024-03-20 17:10:00,26,27,10,63
2024-03-20 17:20:00,28,18,9,55
2024-03-20 17:30:00,27,36,2,65
2024-03-20 17:40:00,28,23,8,59
2024-03-20 17:50:00,31,31,6,68
2024-03-20 18:00:00,33,31,4,68
2024-03-20 18:10:00,26,29,5,60
2024-03-20 18:20:00,25,19,8,52
2024-03-20 18:30:00,21,25,6,52
2024-03-20 18:40:00,22,25,4,51
2024-03-20 18:50:00,13,17,3,33
2024-03-20 19:00:00,16,15,3,34
2024-03-20 19:10:00,13,21,2,36
2024-03-20 19:20:00,16,20,3,39
2024-03-20 19:30:00,16,17,3,36
2024-03-20 19:40:00,16,12,3,31
2024-03-20 19:50:00,14,11,5,30
2024-03-20 20:00:00,15,23,3,41
2024-03-20 20:10:00,14,16,0,30
2024-03-20 20:20:00,13,16,3,32
2024-03-20 20:30:00,10,10,2,22
2024-03-20 20:40:00,9,18,2,29
2024-03-20 20:50:00,9,15,1,25
2024-03-20 21:00:00,9,11,1,21
2024-03-20 21:10:00,14,10,2,26
2024-03-20 21:20:00,5,16,3,24
2024-03-20 21:30:00,9,14,5,28
2024-03-20 21:40:00,12,15,2,29
2024-03-20 21:50:00,5,12,1,18
2024-03-20 22:00:00,13,17,0,30
2024-03-20 22:10:00,3,12,2,17
2024-03-20 22:20:00,6,9,2,17
2024-03-20 22:30:00,6,13,1,20
2024-03-20 22:40:00,2,9,1,12
2024-03-20 22:50:00,4,7,1,12
2024-03-20 23:00:00,4,4,2,10
2024-03-20 23:10:00,3,14,3,20
2024-03-20 23:20:00,9,4,0,13
2024-03-20 23:30:00,1,7,0,8
2024-03-20 23:40:00,4,9,0,13
2024-03-20 23:50:00,3,5,1,9
2024-03-21 00:00:00,3,6,0,9
2024-03-21 00:10:00,1,8,0,9
2024-03-21 00:20:00,1,5,0,6
2024-03-21 00:30:00,1,7,1,9
2024-03-21 00:40:00,3,3,0,6
2024-03-21 00:50:00,0,2,0,2
2024-03-21 01:00:00,1,1,0,2
2024-03-21 01:10:00,1,3,0,4
2024-03-21 01:20:00,1,5,0,6
2024-03-21 01:30:00,2,4,0,6
2024-03-21 01:40:00,0,2,0,2
2024-03-21 01:50:00,2,2,0,4
2024-03-21 02:00:00,1,1,0,2
2024-03-21 02:10:00,2,1,0,3
2024-03-21 02:20:00,0,2,0,2
2024-03-21 02:30:00,1,1,0,2
2024-03-21 02:40:00,1,2,0,3
2024-03-21 02:50:00,3,4,1,8
2024-03-21 03:00:00,3,1,0,4
2024-03-21 03:10:00,0,3,0,3
2024-03-21 03:20:00,2,0,0,2
2024-03-21 03:30:00,2,1,0,3
2024-03-21 03:40:00,3,2,0,5
2024-03-21 03:50:00,3,3,1,7
2024-03-21 04:00:00,0,1,0,1
2024-03-21 04:10:00,1,2,1,4
2024-03-21 04:20:00,0,1,0,1
2024-03-21 04:30:00,2,3,0,5
2024-03-21 04:40:00,2,2,0,4
2024-03-21 04:50:00,4,0,0,4
2024-03-21 05:00:00,1,1,0,2
2024-03-21 05:10:00,4,3,0,7
2024-03-21 05:20:00,4,4,0,8
2024-03-21 05:30:00,4,4,0,8
2024-03-21 05:40:00,8,3,0,11
2024-03-21 05:50:00,9,9,1,19
2024-03-21 06:00:00,6,10,0,16
2024-03-21 06:10:00,12,13,0,25
2024-03-21 06:20:00,5,12,1,18
2024-03-21 06:30:00,15,12,0,27
2024-03-21 06:40:00,13,17,0,30
2024-03-21 06:50:00,23,13,2,38
2024-03-21 07:00:00,23,10,1,34
2024-03-21 07:10:00,23,8,7,38
2024-03-21 07:20:00,22,19,3,44
2024-03-21 07:30:00,24,25,11,60
2024-03-21 07:40:00,31,17,9,57
2024-03-21 07:50:00,36,18,7,61
2024-03-21 08:00:00,31,24,3,58
2024-03-21 08:10:00,31,26,4,61
2024-03-21 08:20:00,28,18,1,47
2024-03-21 08:30:00,31,13,4,48
2024-03-21 08:40:00,24,19,4,47
2024-03-21 08:50:00,21,18,5,44
2024-03-21 09:00:00,24,22,4,50
2024-03-21 09:10:00,21,21,2,44
2024-03-21 09:20:00,19,25,5,49
2024-03-21 09:30:00,18,17,4,39
2024-03-21 09:40:00,23,27,2,52
2024-03-21 09:50:00,17,26,3,46
2024-03-21 10:00:00,32,26,4,62
2024-03-21 10:10:00,18,21,3,42
2024-03-21 10:20:00,28,20,4,52
2024-03-21 10:30:00,19,24,2,45
2024-03-21 10:40:00,15,22,6,43
2024-03-21 10:50:00,19,15,6,40
2024-03-21 11:00:00,19,29,3,51
2024-03-21 11:10:00,19,26,5,50
2024-03-21 11:20:00,21,22,4,47
2024-03-21 11:30:00,25,24,9,58
2024-03-21 11:40:00,31,17,11,59
2024-03-21 11:50:00,28,28,5,61
2024-03-21 12:00:00,19,22,4,45
2024-03-21 12:10:00,29,23,4,56
2024-03-21 12:20:00,22,22,7,51
2024-03-21 12:30:00,22,24,6,52
2024-03-21 12:40:00,24,23,9,56
2024-03-21 12:50:00,22,22,6,50
2024-03-21 13:00:00,18,28,11,57
2024-03-21 13:10:00,26,19,6,51
2024-03-21 13:20:00,22,28,6,56
2024-03-21 13:30:00,25,19,6,50
2024-03-21 13:40:00,24,29,5,58
2024-03-21 13:50:00,31,22,7,60
2024-03-21 14:00:00,27,21,7,55
2024-03-21 14:10:00,28,25,12,65
2024-03-21 14:20:00,35,22,11,68
2024-03-21 14:30:00,26,28,9,63
2024-03-21 14:40:00,34,25,7,66
2024-03-21 14:50:00,20,31,7,58
2024-03-21 15:00:00,28,17,7,52
2024-03-21 15:10:00,29,19,16,64
2024-03-21 15:20:00,28,23,6,57
2024-03-21 15:30:00,28,33,7,68
2024-03-21 15:40:00,29,32,3,64
2024-03-21 15:50:00,30,25,5,60
2024-03-21 16:00:00,24,28,10,62
2024-03-21 16:10:00,34,29,6,69
2024-03-21 16:20:00,37,22,6,65
2024-03-21 16:30:00,30,31,4,65
2024-03-21 16:40:00,24,23,8,55
2024-03-21 16:50:00,22,30,6,58
2024-03-21 17:00:00,34,20,8,62
2024-03-21 17:10:00,25,21,5,51
2024-03-21 17:20:00,31,27,5,63
2024-03-21 17:30:00,30,28,4,62
2024-03-21 17:40:00,32,29,8,69
2024-03-21 17:50:00,32,21,7,60
2024-03-21 18:00:00,26,24,7,57
2024-03-21 18:10:00,28,31,6,65
2024-03-21 18:20:00,22,37,7,66
2024-03-21 18:30:00,16,18,7,41
2024-03-21 18:40:00,22,16,4,42
2024-03-21 18:50:00,14,14,8,36
2024-03-21 19:00:00,18,20,8,46
2024-03-21 19:10:00,14,15,3,32
2024-03-21 19:20:00,16,18,6,40
2024-03-21 19:30:00,12,18,3,33
2024-03-21 19:40:00,12,18,1,31
2024-03-21 19:50:00,16,14,2,32
2024-03-21 20:00:00,12,10,5,27
2024-03-21 20:10:00,16,16,2,34
2024-03-21 20:20:00,9,18,5,32
2024-03-21 20:30:00,11,16,1,28
2024-03-21 20:40:00,13,15,1,29
2024-03-21 20:50:00,8,14,0,22
2024-03-21 21:00:00,15,12,1,28
2024-03-21 21:10:00,8,11,2,21
2024-03-21 21:20:00,14,13,6,33
2024-03-21 21:30:00,12,22,0,34
2024-03-21 21:40:00,8,15,2,25
2024-03-21 21:50:00,6,16,1,23
2024-03-21 22:00:00,8,11,0,19
2024-03-21 22:10:00,11,14,2,27
2024-03-21 22:20:00,2,14,1,17
2024-03-21 22:30:00,5,13,3,21
2024-03-21 22:40:00,7,11,0,18
2024-03-21 22:50:00,7,13,1,21
2024-03-21 23:00:00,6,9,0,15
2024-03-21 23:10:00,4,9,0,13
2024-03-21 23:20:00,6,11,1,18
2024-03-21 23:30:00,2,10,0,12
2024-03-21 23:40:00,3,7,2,12
2024-03-21 23:50:00,5,6,1,12
2024-03-22 00:00:00,8,9,0,17
2024-03-22 00:10:00,4,5,0,9
2024-03-22 00:20:00,2,5,0,7
2024-03-22 00:30:00,3,2,1,6
2024-03-22 00:40:00,3,4,0,7
2024-03-22 00:50:00,5,9,0,14
2024-03-22 01:00:00,2,2,1,5
2024-03-22 01:10:00,2,5,1,8
2024-03-22 01:20:00,0,3,0,3
2024-03-22 01:30:00,1,4,0,5
2024-03-22 01:40:00,2,2,0,4
2024-03-22 01:50:00,2,3,0,5
2024-03-22 02:00:00,0,1,0,1
2024-03-22 02:10:00,2,3,0,5
2024-03-22 02:20:00,1,2,1,4
2024-03-22 02:30:00,0,3,0,3
2024-03-22 02:40:00,1,2,0,3
2024-03-22 02:50:00,0,1,0,1
2024-03-22 03:00:00,0,0,0,0
2024-03-22 03:10:00,1,1,0,2
2024-03-22 03:20:00,2,0,0,2
2024-03-22 03:30:00,1,0,0,1
2024-03-22 03:40:00,2,1,0,3
2024-03-22 03:50:00,1,2,0,3
2024-03-22 04:00:00,0,1,0,1
2024-03-22 04:10:00,2,2,0,4
2024-03-22 04:20:00,1,0,0,1
2024-03-22 04:30:00,1,4,0,5
2024-03-22 04:40:00,2,1,0,3
2024-03-22 04:50:00,3,1,0,4
2024-03-22 05:00:00,1,3,0,4
2024-03-22 05:10:00,4,2,0,6
2024-03-22 05:20:00,2,6,0,8
2024-03-22 05:30:00,4,7,0,11
2024-03-22 05:40:00,7,5,0,12
2024-03-22 05:50:00,6,4,1,11
2024-03-22 06:00:00,10,6,0,16
2024-03-22 06:10:00,9,15,1,25
2024-03-22 06:20:00,8,11,0,19
2024-03-22 06:30:00,10,8,0,18
2024-03-22 06:40:00,12,8,0,20
2024-03-22 06:50:00,17,12,1,30
2024-03-22 07:00:00,19,12,2,33
2024-03-22 07:10:00,27,15,3,45
2024-03-22 07:20:00,22,18,6,46
2024-03-22 07:30:00,19,17,9,45
2024-03-22 07:40:00,28,16,11,55
2024-03-22 07:50:00,18,21,6,45
2024-03-22 08:00:00,20,16,5,41
2024-03-22 08:10:00,26,23,4,53
2024-03-22 08:20:00,19,24,4,47
2024-03-22 08:30:00,18,24,6,48
2024-03-22 08:40:00,26,24,4,54
2024-03-22 08:50:00,20,23,9,52
2024-03-22 09:00:00,16,20,3,39
2024-03-22 09:10:00,31,19,3,53
2024-03-22 09:20:00,17,14,2,33
2024-03-22 09:30:00,23,24,7,54
2024-03-22 09:40:00,22,19,4,45
2024-03-22 09:50:00,32,22,7,61
2024-03-22 10:00:00,20,24,3,47
2024-03-22 10:10:00,28,19,6,53
2024-03-22 10:20:00,32,18,10,60
2024-03-22 10:30:00,34,15,10,59
2024-03-22 10:40:00,24,28,9,61
2024-03-22 10:50:00,31,23,10,64
2024-03-22 11:00:00,20,24,8,52
2024-03-22 11:10:00,24,29,2,55
2024-03-22 11:20:00,32,29,4,65
2024-03-22 11:30:00,17,19,9,45
2024-03-22 11:40:00,33,26,8,67
2024-03-22 11:50:00,31,25,9,65
2024-03-22 12:00:00,37,25,5,67
2024-03-22 12:10:00,25,24,5,54
2024-03-22 12:20:00,26,29,4,59
2024-03-22 12:30:00,20,20,3,43
2024-03-22 12:40:00,24,24,5,53
2024-03-22 12:50:00,24,24,5,53
2024-03-22 13:00:00,39,13,8,60
2024-03-22 13:10:00,32,30,5,67
2024-03-22 13:20:00,30,21,10,61
2024-03-22 13:30:00,30,24,8,62
2024-03-22 13:40:00,22,32,5,59
2024-03-22 13:50:00,20,29,6,55
2024-03-22 14:00:00,25,26,5,56
2024-03-22 14:10:00,22,19,6,47
2024-03-22 14:20:00,31,20,8,59
2024-03-22 14:30:00,28,32,5,65
2024-03-22 14:40:00,25,17,6,48
2024-03-22 14:50:00,17,33,4,54
2024-03-22 15:00:00,15,22,4,41
2024-03-22 15:10:00,35,31,2,68
2024-03-22 15:20:00,23,32,3,58
2024-03-22 15:30:00,30,31,3,64
2024-03-22 15:40:00,30,29,3,62
2024-03-22 15:50:00,22,28,6,56
2024-03-22 16:00:00,30,21,7,58
2024-03-22 16:10:00,28,24,8,60
2024-03-22 16:20:00,35,17,8,60
2024-03-22 16:30:00,25,35,4,64
2024-03-22 16:40:00,27,27,7,61
2024-03-22 16:50:00,28,27,5,60
2024-03-22 17:00:00,21,23,10,54
2024-03-22 17:10:00,30,24,8,62
2024-03-22 17:20:00,32,24,10,66
2024-03-22 17:30:00,16,27,7,50
2024-03-22 17:40:00,19,28,3,50
2024-03-22 17:50:00,25,26,6,57
2024-03-22 18:00:00,20,30,6,56
2024-03-22 18:10:00,26,33,4,63
2024-03-22 18:20:00,26,20,5,51
2024-03-22 18:30:00,11,9,0,20
2024-03-22 18:40:00,6,10,3,19
2024-03-22 18:50:00,15,15,1,31
2024-03-22 19:00:00,17,21,3,41
2024-03-22 19:10:00,15,19,6,40
2024-03-22 19:20:00,11,23,3,37
2024-03-22 19:30:00,12,14,2,28
2024-03-22 19:40:00,17,18,2,37
2024-03-22 19:50:00,16,15,3,34
2024-03-22 20:00:00,14,19,3,36
2024-03-22 20:10:00,11,14,1,26
2024-03-22 20:20:00,16,9,2,27
2024-03-22 20:30:00,9,15,1,25
2024-03-22 20:40:00,10,17,1,28
2024-03-22 20:50:00,12,10,4,26
2024-03-22 21:00:00,9,13,6,28
2024-03-22 21:10:00,9,14,5,28
2024-03-22 21:20:00,13,17,1,31
2024-03-22 21:30:00,7,14,1,22
2024-03-22 21:40:00,6,17,3,26
2024-03-22 21:50:00,10,15,1,26
2024-03-22 22:00:00,6,20,4,30
2024-03-22 22:10:00,10,13,2,25
2024-03-22 22:20:00,15,7,1,23
2024-03-22 22:30:00,14,15,1,30
2024-03-22 22:40:00,11,13,5,29
2024-03-22 22:50:00,6,11,3,20
2024-03-22 23:00:00,9,12,1,22
2024-03-22 23:10:00,7,19,0,26
2024-03-22 23:20:00,4,10,0,14
2024-03-22 23:30:00,3,9,1,13
2024-03-22 23:40:00,7,12,3,22
2024-03-22 23:50:00,11,12,0,23
2024-03-23 00:00:00,7,10,1,18
2024-03-23 00:10:00,5,10,2,17
2024-03-23 00:20:00,3,11,2,16
2024-03-23 00:30:00,2,5,0,7
2024-03-23 00:40:00,6,5,2,13
2024-03-23 00:50:00,5,6,0,11
2024-03-23 01:00:00,4,11,0,15
2024-03-23 01:10:00,3,5,0,8
2024-03-23 01:20:00,3,4,0,7
2024-03-23 01:30:00,0,3,0,3
2024-03-23 01:40:00,4,4,0,8
2024-03-23 01:50:00,1,6,0,7
2024-03-23 02:00:00,5,6,0,11
2024-03-23 02:10:00,1,2,0,3
2024-03-23 02:20:00,2,4,0,6
2024-03-23 02:30:00,2,2,0,4
2024-03-23 02:40:00,5,3,0,8
2024-03-23 02:50:00,0,1,0,1
2024-03-23 03:00:00,1,2,0,3
2024-03-23 03:10:00,3,2,0,5
2024-03-23 03:20:00,3,3,0,6
2024-03-23 03:30:00,0,2,0,2
2024-03-23 03:40:00,0,2,0,2
2024-03-23 03:50:00,3,3,0,6
2024-03-23 04:00:00,0,2,0,2
2024-03-23 04:10:00,2,1,0,3
2024-03-23 04:20:00,2,2,0,4
2024-03-23 04:30:00,0,3,0,3
2024-03-23 04:40:00,1,1,0,2
2024-03-23 04:50:00,1,2,0,3
2024-03-23 05:00:00,7,2,0,9
2024-03-23 05:10:00,7,5,1,13
2024-03-23 05:20:00,1,1,0,2
2024-03-23 05:30:00,4,2,0,6
2024-03-23 05:40:00,3,1,0,4
2024-03-23 05:50:00,1,7,0,8
2024-03-23 06:00:00,3,3,0,6
2024-03-23 06:10:00,1,3,0,4
2024-03-23 06:20:00,1,3,0,4
2024-03-23 06:30:00,1,4,0,5
2024-03-23 06:40:00,4,8,0,12
2024-03-23 06:50:00,2,3,0,5
2024-03-23 07:00:00,4,5,0,9
2024-03-23 07:10:00,1,5,0,6
2024-03-23 07:20:00,4,5,1,10
2024-03-23 07:30:00,5,11,2,18
2024-03-23 07:40:00,4,8,1,13
2024-03-23 07:50:00,6,5,0,11
2024-03-23 08:00:00,5,7,1,13
2024-03-23 08:10:00,3,8,2,13
2024-03-23 08:20:00,6,10,1,17
2024-03-23 08:30:00,12,12,1,25
2024-03-23 08:40:00,10,14,3,27
2024-03-23 08:50:00,18,10,3,31
2024-03-23 09:00:00,15,13,5,33
2024-03-23 09:10:00,13,8,2,23
2024-03-23 09:20:00,13,15,0,28
2024-03-23 09:30:00,18,18,4,40
2024-03-23 09:40:00,23,17,1,41
2024-03-23 09:50:00,17,13,6,36
2024-03-23 10:00:00,24,13,6,43
2024-03-23 10:10:00,24,19,2,45
2024-03-23 10:20:00,21,15,4,40
2024-03-23 10:30:00,21,19,9,49
2024-03-23 10:40:00,19,15,5,39
2024-03-23 10:50:00,19,19,5,43
2024-03-23 11:00:00,26,18,3,47
2024-03-23 11:10:00,21,18,8,47
2024-03-23 11:20:00,16,22,3,41
2024-03-23 11:30:00,17,24,5,46
2024-03-23 11:40:00,26,19,7,52
2024-03-23 11:50:00,26,19,5,50
2024-03-23 12:00:00,24,26,5,55
2024-03-23 12:10:00,17,18,5,40
2024-03-23 12:20:00,31,33,5,69
2024-03-23 12:30:00,22,19,2,43
2024-03-23 12:40:00,25,21,4,50
2024-03-23 12:50:00,25,18,3,46
2024-03-23 13:00:00,18,22,4,44
2024-03-23 13:10:00,14,26,3,43
2024-03-23 13:20:00,30,23,6,59
2024-03-23 13:30:00,21,15,5,41
2024-03-23 13:40:00,21,26,2,49
2024-03-23 13:50:00,24,21,7,52
2024-03-23 14:00:00,21,27,7,55
2024-03-23 14:10:00,28,25,12,65
2024-03-23 14:20:00,12,37,2,51
2024-03-23 14:30:00,19,23,5,47
2024-03-23 14:40:00,27,27,9,63
2024-03-23 14:50:00,10,25,4,39
2024-03-23 15:00:00,21,23,2,46
2024-03-23 15:10:00,27,23,8,58
2024-03-23 15:20:00,30,22,6,58
2024-03-23 15:30:00,25,23,7,55
2024-03-23 15:40:00,22,20,2,44
2024-03-23 15:50:00,25,20,2,47
2024-03-23 16:00:00,26,21,9,56
2024-03-23 16:10:00,34,21,5,60
2024-03-23 16:20:00,24,24,3,51
2024-03-23 16:30:00,20,21,6,47
2024-03-23 16:40:00,19,31,1,51
2024-03-23 16:50:00,23,25,3,51
2024-03-23 17:00:00,25,31,2,58
2024-03-23 17:10:00,21,16,8,45
2024-03-23 17:20:00,19,28,3,50
2024-03-23 17:30:00,25,18,7,50
2024-03-23 17:40:00,25,24,4,53
2024-03-23 17:50:00,21,21,7,49
2024-03-23 18:00:00,17,32,4,53
2024-03-23 18:10:00,18,39,3,60
2024-03-23 18:20:00,24,30,2,56
2024-03-23 18:30:00,18,21,6,45
2024-03-23 18:40:00,22,26,5,53
2024-03-23 18:50:00,15,21,3,39
2024-03-23 19:00:00,18,23,2,43
2024-03-23 19:10:00,16,17,3,36
2024-03-23 19:20:00,12,14,3,29
2024-03-23 19:30:00,11,27,2,40
2024-03-23 19:40:00,15,17,5,37
2024-03-23 19:50:00,14,17,3,34
2024-03-23 20:00:00,10,14,7,31
2024-03-23 20:10:00,15,13,4,32
2024-03-23 20:20:00,10,15,2,27
2024-03-23 20:30:00,13,17,3,33
2024-03-23 20:40:00,7,15,1,23
2024-03-23 20:50:00,9,7,2,18
2024-03-23 21:00:00,7,5,1,13
2024-03-23 21:10:00,11,8,0,19
2024-03-23 21:20:00,3,4,2,9
2024-03-23 21:30:00,13,7,1,21
2024-03-23 21:40:00,4,7,0,11
2024-03-23 21:50:00,16,7,1,24
2024-03-23 22:00:00,8,9,0,17
2024-03-23 22:10:00,11,10,2,23
2024-03-23 22:20:00,5,5,2,12
2024-03-23 22:30:00,6,8,1,15
2024-03-23 22:40:00,7,13,1,21
2024-03-23 22:50:00,6,10,0,16
2024-03-23 23:00:00,10,10,0,20
2024-03-23 23:10:00,4,12,2,18
2024-03-23 23:20:00,4,8,1,13
2024-03-23 23:30:00,10,15,2,27
2024-03-23 23:40:00,6,11,1,18
2024-03-23 23:50:00,6,10,0,16
2024-03-24 00:00:00,7,9,0,16
2024-03-24 00:10:00,4,6,0,10
2024-03-24 00:20:00,5,8,0,13
2024-03-24 00:30:00,2,4,0,6
2024-03-24 00:40:00,7,4,0,11
2024-03-24 00:50:00,6,6,1,13
2024-03-24 01:00:00,3,8,0,11
2024-03-24 01:10:00,6,4,1,11
2024-03-24 01:20:00,4,4,0,8
2024-03-24 01:30:00,6,2,0,8
2024-03-24 01:40:00,4,6,0,10
2024-03-24 01:50:00,2,4,0,6
2024-03-24 02:00:00,4,3,0,7
2024-03-24 02:10:00,2,4,0,6
2024-03-24 02:20:00,2,3,0,5
2024-03-24 02:30:00,0,5,0,5
2024-03-24 02:40:00,2,1,1,4
2024-03-24 02:50:00,2,1,0,3
2024-03-24 03:00:00,1,0,0,1
2024-03-24 03:10:00,3,3,0,6
2024-03-24 03:20:00,2,2,2,6
2024-03-24 03:30:00,2,6,0,8
2024-03-24 03:40:00,1,2,0,3
2024-03-24 03:50:00,2,1,0,3
2024-03-24 04:00:00,1,4,0,5
2024-03-24 04:10:00,3,2,0,5
2024-03-24 04:20:00,1,0,0,1
2024-03-24 04:30:00,3,5,0,8
2024-03-24 04:40:00,0,1,1,2
2024-03-24 04:50:00,2,1,0,3
2024-03-24 05:00:00,1,0,0,1
2024-03-24 05:10:00,1,2,0,3
2024-03-24 05:20:00,1,7,0,8
2024-03-24 05:30:00,4,3,0,7
2024-03-24 05:40:00,0,2,0,2
2024-03-24 05:50:00,0,1,0,1
2024-03-24 06:00:00,1,0,1,2
2024-03-24 06:10:00,6,1,0,7
2024-03-24 06:20:00,3,2,0,5
2024-03-24 06:30:00,1,3,0,4
2024-03-24 06:40:00,1,1,0,2
2024-03-24 06:50:00,1,1,0,2
2024-03-24 07:00:00,1,1,0,2
2024-03-24 07:10:00,0,2,0,2
2024-03-24 07:20:00,0,4,0,4
2024-03-24 07:30:00,3,2,0,5
2024-03-24 07:40:00,2,3,0,5
2024-03-24 07:50:00,1,2,1,4
2024-03-24 08:00:00,2,1,0,3
2024-03-24 08:10:00,3,5,0,8
2024-03-24 08:20:00,1,3,0,4
2024-03-24 08:30:00,3,3,0,6
2024-03-24 08:40:00,8,10,2,20
2024-03-24 08:50:00,5,9,0,14
2024-03-24 09:00:00,5,9,0,14
2024-03-24 09:10:00,5,6,0,11
2024-03-24 09:20:00,5,11,0,16
2024-03-24 09:30:00,9,7,1,17
2024-03-24 09:40:00,9,8,2,19
2024-03-24 09:50:00,16,12,1,29
2024-03-24 10:00:00,5,12,2,19
2024-03-24 10:10:00,10,9,1,20
2024-03-24 10:20:00,5,12,1,18
2024-03-24 10:30:00,8,16,2,26
2024-03-24 10:40:00,9,8,1,18
2024-03-24 10:50:00,7,14,4,25
2024-03-24 11:00:00,11,13,1,25
2024-03-24 11:10:00,13,18,1,32
2024-03-24 11:20:00,7,12,1,20
2024-03-24 11:30:00,9,18,2,29
2024-03-24 11:40:00,15,20,1,36
2024-03-24 11:50:00,12,26,0,38
2024-03-24 12:00:00,9,14,1,24
2024-03-24 12:10:00,13,18,2,33
2024-03-24 12:20:00,12,13,2,27
2024-03-24 12:30:00,11,24,5,40
2024-03-24 12:40:00,15,19,5,39
2024-03-24 12:50:00,12,13,0,25
2024-03-24 13:00:00,6,19,0,25
2024-03-24 13:10:00,13,23,3,39
2024-03-24 13:20:00,16,21,0,37
2024-03-24 13:30:00,9,13,1,23
2024-03-24 13:40:00,13,22,4,39
2024-03-24 13:50:00,13,19,5,37
2024-03-24 14:00:00,6,21,5,32
2024-03-24 14:10:00,21,17,1,39
2024-03-24 14:20:00,17,26,2,45
2024-03-24 14:30:00,18,21,4,43
2024-03-24 14:40:00,14,24,2,40
2024-03-24 14:50:00,23,26,2,51
2024-03-24 15:00:00,10,19,0,29
2024-03-24 15:10:00,12,19,3,34
2024-03-24 15:20:00,15,17,1,33
2024-03-24 15:30:00,12,21,2,35
2024-03-24 15:40:00,20,20,4,44
2024-03-24 15:50:00,18,13,3,34
2024-03-24 16:00:00,13,16,0,29
2024-03-24 16:10:00,16,16,3,35
2024-03-24 16:20:00,14,16,1,31
2024-03-24 16:30:00,13,30,3,46
2024-03-24 16:40:00,13,20,5,38
2024-03-24 16:50:00,12,17,3,32
2024-03-24 17:00:00,14,18,0,32
2024-03-24 17:10:00,8,21,2,31
2024-03-24 17:20:00,17,25,5,47
2024-03-24 17:30:00,13,20,1,34
2024-03-24 17:40:00,25,21,3,49
2024-03-24 17:50:00,12,26,3,41
2024-03-24 18:00:00,8,24,4,36
2024-03-24 18:10:00,9,21,3,33
2024-03-24 18:20:00,17,23,3,43
2024-03-24 18:30:00,11,15,1,27
2024-03-24 18:40:00,16,16,2,34
2024-03-24 18:50:00,22,21,1,44
2024-03-24 19:00:00,7,18,4,29
2024-03-24 19:10:00,18,16,4,38
2024-03-24 19:20:00,9,16,2,27
2024-03-24 19:30:00,9,16,2,27
2024-03-24 19:40:00,8,11,3,22
2024-03-24 19:50:00,5,5,3,13
2024-03-24 20:00:00,10,18,4,32
2024-03-24 20:10:00,12,17,1,30
2024-03-24 20:20:00,12,11,2,25
2024-03-24 20:30:00,7,15,2,24
2024-03-24 20:40:00,11,13,4,28
2024-03-24 20:50:00,5,20,1,26
2024-03-24 21:00:00,6,11,2,19
2024-03-24 21:10:00,7,11,1,19
2024-03-24 21:20:00,8,12,0,20
2024-03-24 21:30:00,9,6,2,17
2024-03-24 21:40:00,7,7,4,18
2024-03-24 21:50:00,4,18,0,22
2024-03-24 22:00:00,6,10,0,16
2024-03-24 22:10:00,6,10,0,16
2024-03-24 22:20:00,5,9,0,14
2024-03-24 22:30:00,4,13,3,20
2024-03-24 22:40:00,6,7,1,14
2024-03-24 22:50:00,5,13,0,18
2024-03-24 23:00:00,7,7,1,15
2024-03-24 23:10:00,1,6,0,7
2024-03-24 23:20:00,3,4,1,8
2024-03-24 23:30:00,4,16,1,21
2024-03-24 23:40:00,2,6,1,9
2024-03-24 23:50:00,2,3,1,6
2024-03-25 00:00:00,4,2,1,7
2024-03-25 00:10:00,2,6,2,10
2024-03-25 00:20:00,3,2,0,5
2024-03-25 00:30:00,2,2,0,4
2024-03-25 00:40:00,2,3,0,5
2024-03-25 00:50:00,0,5,0,5
2024-03-25 01:00:00,1,1,0,2
2024-03-25 01:10:00,1,2,0,3
2024-03-25 01:20:00,0,3,1,4
2024-03-25 01:30:00,3,2,0,5
2024-03-25 01:40:00,0,1,0,1
2024-03-25 01:50:00,1,3,0,4
2024-03-25 02:00:00,2,2,0,4
2024-03-25 02:10:00,1,2,0,3
2024-03-25 02:20:00,0,1,0,1
2024-03-25 02:30:00,0,1,0,1
2024-03-25 02:40:00,0,0,0,0
2024-03-25 02:50:00,4,2,0,6
2024-03-25 03:00:00,0,1,0,1
2024-03-25 03:10:00,1,0,0,1
2024-03-25 03:20:00,1,0,0,1
2024-03-25 03:30:00,0,1,0,1
2024-03-25 03:40:00,0,0,0,0
2024-03-25 03:50:00,2,1,0,3
2024-03-25 04:00:00,1,1,0,2
2024-03-25 04:10:00,1,3,1,5
2024-03-25 04:20:00,5,3,0,8
2024-03-25 04:30:00,0,0,0,0
2024-03-25 04:40:00,1,1,1,3
2024-03-25 04:50:00,2,1,0,3
2024-03-25 05:00:00,2,0,0,2
2024-03-25 05:10:00,3,8,0,11
2024-03-25 05:20:00,2,2,0,4
2024-03-25 05:30:00,2,4,0,6
2024-03-25 05:40:00,3,10,0,13
2024-03-25 05:50:00,11,7,1,19
2024-03-25 06:00:00,4,9,0,13
2024-03-25 06:10:00,8,10,0,18
2024-03-25 06:20:00,6,8,0,14
2024-03-25 06:30:00,7,15,0,22
2024-03-25 06:40:00,15,11,0,26
2024-03-25 06:50:00,19,13,1,33
2024-03-25 07:00:00,15,13,4,32
2024-03-25 07:10:00,17,14,0,31
2024-03-25 07:20:00,18,15,0,33
2024-03-25 07:30:00,19,20,3,42
2024-03-25 07:40:00,16,23,2,41
2024-03-25 07:50:00,26,15,4,45
2024-03-25 08:00:00,20,16,1,37
2024-03-25 08:10:00,25,15,8,48
2024-03-25 08:20:00,26,24,2,52
2024-03-25 08:30:00,18,26,4,48
2024-03-25 08:40:00,32,23,3,58
2024-03-25 08:50:00,24,19,1,44
2024-03-25 09:00:00,20,20,5,45
2024-03-25 09:10:00,16,19,4,39
2024-03-25 09:20:00,20,18,5,43
2024-03-25 09:30:00,17,17,3,37
2024-03-25 09:40:00,26,25,5,56
2024-03-25 09:50:00,19,17,4,40
2024-03-25 10:00:00,21,19,6,46
2024-03-25 10:10:00,18,23,5,46
2024-03-25 10:20:00,21,18,7,46
2024-03-25 10:30:00,23,20,7,50
2024-03-25 10:40:00,16,21,4,41
2024-03-25 10:50:00,23,24,1,48
2024-03-25 11:00:00,20,24,3,47
2024-03-25 11:10:00,23,16,7,46
2024-03-25 11:20:00,27,26,3,56
2024-03-25 11:30:00,25,18,7,50
2024-03-25 11:40:00,22,22,4,48
2024-03-25 11:50:00,32,20,7,59
2024-03-25 12:00:00,24,21,7,52
2024-03-25 12:10:00,19,26,7,52
2024-03-25 12:20:00,20,27,2,49
2024-03-25 12:30:00,25,16,7,48
2024-03-25 12:40:00,28,20,5,53
2024-03-25 12:50:00,26,25,5,56
2024-03-25 13:00:00,41,19,6,66
2024-03-25 13:10:00,21,17,11,49
2024-03-25 13:20:00,22,24,4,50
2024-03-25 13:30:00,22,21,6,49
2024-03-25 13:40:00,25,26,2,53
2024-03-25 13:50:00,19,22,2,43
2024-03-25 14:00:00,26,27,4,57
2024-03-25 14:10:00,19,24,6,49
2024-03-25 14:20:00,25,18,7,50
2024-03-25 14:30:00,23,25,7,55
2024-03-25 14:40:00,26,29,8,63
2024-03-25 14:50:00,28,23,12,63
2024-03-25 15:00:00,19,34,8,61
2024-03-25 15:10:00,26,19,11,56
2024-03-25 15:20:00,22,28,2,52
2024-03-25 15:30:00,27,35,3,65
2024-03-25 15:40:00,27,33,8,68
2024-03-25 15:50:00,23,30,9,62
2024-03-25 16:00:00,29,28,5,62
2024-03-25 16:10:00,24,23,7,54
2024-03-25 16:20:00,18,26,5,49
2024-03-25 16:30:00,23,27,4,54
2024-03-25 16:40:00,24,29,6,59
2024-03-25 16:50:00,15,21,5,41
2024-03-25 17:00:00,29,32,3,64
2024-03-25 17:10:00,22,26,3,51
2024-03-25 17:20:00,24,29,5,58
2024-03-25 17:30:00,16,26,7,49
2024-03-25 17:40:00,18,42,3,63
2024-03-25 17:50:00,32,25,3,60
2024-03-25 18:00:00,24,49,4,77
2024-03-25 18:10:00,18,33,6,57
2024-03-25 18:20:00,24,22,4,50
2024-03-25 18:30:00,25,24,6,55
2024-03-25 18:40:00,24,39,5,68
2024-03-25 18:50:00,19,21,7,47
2024-03-25 19:00:00,15,27,3,45
2024-03-25 19:10:00,16,19,3,38
2024-03-25 19:20:00,18,19,2,39
2024-03-25 19:30:00,6,16,4,26
2024-03-25 19:40:00,12,16,2,30
2024-03-25 19:50:00,6,14,2,22
2024-03-25 20:00:00,11,15,2,28
2024-03-25 20:10:00,13,12,3,28
2024-03-25 20:20:00,10,16,3,29
2024-03-25 20:30:00,12,10,1,23
2024-03-25 20:40:00,7,12,2,21
2024-03-25 20:50:00,6,10,1,17
2024-03-25 21:00:00,6,12,3,21
2024-03-25 21:10:00,8,9,1,18
2024-03-25 21:20:00,9,12,2,23
2024-03-25 21:30:00,11,12,2,25
2024-03-25 21:40:00,5,9,2,16
2024-03-25 21:50:00,6,12,1,19
2024-03-25 22:00:00,5,10,1,16
2024-03-25 22:10:00,3,11,0,14
2024-03-25 22:20:00,6,10,2,18
2024-03-25 22:30:00,9,8,1,18
2024-03-25 22:40:00,3,12,1,16
2024-03-25 22:50:00,4,7,1,12
2024-03-25 23:00:00,10,10,0,20
2024-03-25 23:10:00,3,3,1,7
2024-03-25 23:20:00,2,6,0,8
2024-03-25 23:30:00,2,6,0,8
2024-03-25 23:40:00,2,4,0,6
2024-03-25 23:50:00,3,9,0,12
2024-03-26 00:00:00,2,11,0,13
2024-03-26 00:10:00,8,4,0,12
2024-03-26 00:20:00,2,2,0,4
2024-03-26 00:30:00,2,8,0,10
2024-03-26 00:40:00,3,2,0,5
2024-03-26 00:50:00,5,3,0,8
2024-03-26 01:00:00,0,2,1,3
2024-03-26 01:10:00,0,4,0,4
2024-03-26 01:20:00,0,3,0,3
2024-03-26 01:30:00,2,0,1,3
2024-03-26 01:40:00,0,0,0,0
2024-03-26 01:50:00,2,2,0,4
2024-03-26 02:00:00,2,1,0,3
2024-03-26 02:10:00,1,2,0,3
2024-03-26 02:20:00,1,2,1,4
2024-03-26 02:30:00,0,0,0,0
2024-03-26 02:40:00,1,2,0,3
2024-03-26 02:50:00,2,0,0,2
2024-03-26 03:00:00,1,0,0,1
2024-03-26 03:10:00,2,1,0,3
2024-03-26 03:20:00,1,2,0,3
2024-03-26 03:30:00,1,1,0,2
2024-03-26 03:40:00,0,0,0,0
2024-03-26 03:50:00,2,0,0,2
2024-03-26 04:00:00,2,0,0,2
2024-03-26 04:10:00,2,1,0,3
2024-03-26 04:20:00,0,1,0,1
2024-03-26 04:30:00,0,0,0,0
2024-03-26 04:40:00,1,0,0,1
2024-03-26 04:50:00,5,1,0,6
2024-03-26 05:00:00,1,1,0,2
2024-03-26 05:10:00,1,2,0,3
2024-03-26 05:20:00,1,3,0,4
2024-03-26 05:30:00,2,3,1,6
2024-03-26 05:40:00,8,4,0,12
2024-03-26 05:50:00,6,8,1,15
2024-03-26 06:00:00,4,9,0,13
2024-03-26 06:10:00,11,9,0,20
2024-03-26 06:20:00,6,15,0,21
2024-03-26 06:30:00,7,7,0,14
2024-03-26 06:40:00,11,12,0,23
2024-03-26 06:50:00,14,11,5,30
2024-03-26 07:00:00,12,10,0,22
2024-03-26 07:10:00,16,11,1,28
2024-03-26 07:20:00,20,11,3,34
2024-03-26 07:30:00,27,22,2,51
2024-03-26 07:40:00,16,18,3,37
2024-03-26 07:50:00,21,20,2,43
2024-03-26 08:00:00,24,12,4,40
2024-03-26 08:10:00,22,20,3,45
2024-03-26 08:20:00,20,18,5,43
2024-03-26 08:30:00,19,22,0,41
2024-03-26 08:40:00,18,22,3,43
2024-03-26 08:50:00,18,17,3,38
2024-03-26 09:00:00,17,18,9,44
2024-03-26 09:10:00,20,21,2,43
2024-03-26 09:20:00,15,17,5,37
2024-03-26 09:30:00,24,17,4,45
2024-03-26 09:40:00,22,18,5,45
2024-03-26 09:50:00,31,18,4,53
2024-03-26 10:00:00,23,17,9,49
2024-03-26 10:10:00,24,18,4,46
2024-03-26 10:20:00,15,20,7,42
2024-03-26 10:30:00,22,28,4,54
2024-03-26 10:40:00,21,24,4,49
2024-03-26 10:50:00,20,21,5,46
2024-03-26 11:00:00,22,19,4,45
2024-03-26 11:10:00,26,10,5,41
2024-03-26 11:20:00,17,20,5,42
2024-03-26 11:30:00,17,20,4,41
2024-03-26 11:40:00,25,19,8,52
2024-03-26 11:50:00,25,27,5,57
2024-03-26 12:00:00,20,29,8,57
2024-03-26 12:10:00,29,21,6,56
2024-03-26 12:20:00,27,30,8,65
2024-03-26 12:30:00,28,25,4,57
2024-03-26 12:40:00,25,21,4,50
2024-03-26 12:50:00,22,28,9,59
2024-03-26 13:00:00,17,21,5,43
2024-03-26 13:10:00,20,17,9,46
2024-03-26 13:20:00,25,22,3,50
2024-03-26 13:30:00,26,21,5,52
2024-03-26 13:40:00,23,24,6,53
2024-03-26 13:50:00,25,24,10,59
2024-03-26 14:00:00,22,26,7,55
2024-03-26 14:10:00,24,24,4,52
2024-03-26 14:20:00,37,30,6,73
2024-03-26 14:30:00,21,23,9,53
2024-03-26 14:40:00,32,16,7,55
2024-03-26 14:50:00,25,21,9,55
2024-03-26 15:00:00,27,18,2,47
2024-03-26 15:10:00,23,16,7,46
2024-03-26 15:20:00,25,26,8,59
2024-03-26 15:30:00,29,27,2,58
2024-03-26 15:40:00,39,28,7,74
2024-03-26 15:50:00,36,30,7,73
2024-03-26 16:00:00,35,21,6,62
2024-03-26 16:10:00,17,28,2,47
2024-03-26 16:20:00,19,24,9,52
2024-03-26 16:30:00,32,32,9,73
2024-03-26 16:40:00,30,27,6,63
2024-03-26 16:50:00,23,20,6,49
2024-03-26 17:00:00,26,29,4,59
2024-03-26 17:10:00,23,29,4,56
2024-03-26 17:20:00,32,34,8,74
2024-03-26 17:30:00,22,22,10,54
2024-03-26 17:40:00,29,20,7,56
2024-03-26 17:50:00,26,29,7,62
2024-03-26 18:00:00,17,24,5,46
2024-03-26 18:10:00,30,23,4,57
2024-03-26 18:20:00,28,24,7,59
2024-03-26 18:30:00,22,35,3,60
2024-03-26 18:40:00,24,21,3,48
2024-03-26 18:50:00,17,23,6,46
2024-03-26 19:00:00,19,22,5,46
2024-03-26 19:10:00,16,17,6,39
2024-03-26 19:20:00,13,12,4,29
2024-03-26 19:30:00,9,12,3,24
2024-03-26 19:40:00,7,19,4,30
2024-03-26 19:50:00,9,17,3,29
2024-03-26 20:00:00,10,10,4,24
2024-03-26 20:10:00,13,15,4,32
2024-03-26 20:20:00,8,25,1,34
2024-03-26 20:30:00,12,14,3,29
2024-03-26 20:40:00,6,13,0,19
2024-03-26 20:50:00,8,10,2,20
2024-03-26 21:00:00,9,12,2,23
2024-03-26 21:10:00,5,9,0,14
2024-03-26 21:20:00,7,17,2,26
2024-03-26 21:30:00,8,12,1,21
2024-03-26 21:40:00,5,12,0,17
2024-03-26 21:50:00,6,16,3,25
2024-03-26 22:00:00,7,10,1,18
2024-03-26 22:10:00,5,14,3,22
2024-03-26 22:20:00,6,19,2,27
2024-03-26 22:30:00,4,14,0,18
2024-03-26 22:40:00,6,6,2,14
2024-03-26 22:50:00,6,11,2,19
2024-03-26 23:00:00,6,5,2,13
2024-03-26 23:10:00,12,10,1,23
2024-03-26 23:20:00,5,7,0,12
2024-03-26 23:30:00,3,8,2,13
2024-03-26 23:40:00,9,4,0,13
2024-03-26 23:50:00,2,6,0,8
2024-03-27 00:00:00,2,5,0,7
2024-03-27 00:10:00,4,8,0,12
2024-03-27 00:20:00,3,4,0,7
2024-03-27 00:30:00,4,8,1,13
2024-03-27 00:40:00,5,5,0,10
2024-03-27 00:50:00,1,1,0,2
2024-03-27 01:00:00,1,3,0,4
2024-03-27 01:10:00,3,0,0,3
2024-03-27 01:20:00,2,8,0,10
2024-03-27 01:30:00,0,1,0,1
2024-03-27 01:40:00,1,3,0,4
2024-03-27 01:50:00,3,2,0,5
2024-03-27 02:00:00,2,0,0,2
2024-03-27 02:10:00,1,1,0,2
2024-03-27 02:20:00,1,1,0,2
2024-03-27 02:30:00,0,4,0,4
2024-03-27 02:40:00,1,0,0,1
2024-03-27 02:50:00,0,0,0,0
2024-03-27 03:00:00,1,0,0,1
2024-03-27 03:10:00,1,1,1,3
2024-03-27 03:20:00,1,0,0,1
2024-03-27 03:30:00,0,1,0,1
2024-03-27 03:40:00,0,1,0,1
2024-03-27 03:50:00,2,3,0,5
2024-03-27 04:00:00,1,1,0,2
2024-03-27 04:10:00,0,2,0,2
2024-03-27 04:20:00,1,0,0,1
2024-03-27 04:30:00,0,1,0,1
2024-03-27 04:40:00,2,1,0,3
2024-03-27 04:50:00,2,1,0,3
2024-03-27 05:00:00,1,0,0,1
2024-03-27 05:10:00,2,4,0,6
2024-03-27 05:20:00,2,3,0,5
2024-03-27 05:30:00,2,4,0,6
2024-03-27 05:40:00,5,9,0,14
2024-03-27 05:50:00,7,6,1,14
2024-03-27 06:00:00,4,8,0,12
2024-03-27 06:10:00,4,11,2,17
2024-03-27 06:20:00,5,10,0,15
2024-03-27 06:30:00,5,10,0,15
2024-03-27 06:40:00,5,14,1,20
2024-03-27 06:50:00,11,21,0,32
2024-03-27 07:00:00,20,13,3,36
2024-03-27 07:10:00,12,14,1,27
2024-03-27 07:20:00,17,13,0,30
2024-03-27 07:30:00,17,15,0,32
2024-03-27 07:40:00,19,20,4,43
2024-03-27 07:50:00,20,16,5,41
2024-03-27 08:00:00,25,17,6,48
2024-03-27 08:10:00,20,14,2,36
2024-03-27 08:20:00,26,16,4,46
2024-03-27 08:30:00,18,19,6,43
2024-03-27 08:40:00,22,16,5,43
2024-03-27 08:50:00,17,24,3,44
2024-03-27 09:00:00,13,24,0,37
2024-03-27 09:10:00,16,18,3,37
2024-03-27 09:20:00,12,20,1,33
2024-03-27 09:30:00,25,17,2,44
2024-03-27 09:40:00,19,23,2,44
2024-03-27 09:50:00,22,16,7,45
2024-03-27 10:00:00,20,19,4,43
2024-03-27 10:10:00,32,13,5,50
2024-03-27 10:20:00,26,25,4,55
2024-03-27 10:30:00,19,19,3,41
2024-03-27 10:40:00,24,21,4,49
2024-03-27 10:50:00,18,25,4,47
2024-03-27 11:00:00,23,24,2,49
2024-03-27 11:10:00,14,20,3,37
2024-03-27 11:20:00,23,24,2,49
2024-03-27 11:30:00,24,24,4,52
2024-03-27 11:40:00,20,24,6,50
2024-03-27 11:50:00,13,20,5,38
2024-03-27 12:00:00,25,29,4,58
2024-03-27 12:10:00,25,15,8,48
2024-03-27 12:20:00,22,20,4,46
2024-03-27 12:30:00,19,18,8,45
2024-03-27 12:40:00,26,25,2,53
2024-03-27 12:50:00,25,25,5,55
2024-03-27 13:00:00,24,23,8,55
2024-03-27 13:10:00,26,31,9,66
2024-03-27 13:20:00,24,26,10,60
2024-03-27 13:30:00,22,25,3,50
2024-03-27 13:40:00,23,32,12,67
2024-03-27 13:50:00,27,28,3,58
2024-03-27 14:00:00,20,27,5,52
2024-03-27 14:10:00,16,28,6,50
2024-03-27 14:20:00,23,26,8,57
2024-03-27 14:30:00,25,23,3,51
2024-03-27 14:40:00,16,20,5,41
2024-03-27 14:50:00,26,21,4,51
2024-03-27 15:00:00,27,23,6,56
2024-03-27 15:10:00,21,22,4,47
2024-03-27 15:20:00,20,19,6,45
2024-03-27 15:30:00,24,22,5,51
2024-03-27 15:40:00,31,31,4,66
2024-03-27 15:50:00,25,26,7,58
2024-03-27 16:00:00,18,21,4,43
2024-03-27 16:10:00,20,27,8,55
2024-03-27 16:20:00,23,28,4,55
2024-03-27 16:30:00,23,31,5,59
2024-03-27 16:40:00,26,32,7,65
2024-03-27 16:50:00,20,21,7,48
2024-03-27 17:00:00,15,22,5,42
2024-03-27 17:10:00,15,20,5,40
2024-03-27 17:20:00,18,20,10,48
2024-03-27 17:30:00,19,24,4,47
2024-03-27 17:40:00,16,21,9,46
2024-03-27 17:50:00,15,17,5,37
2024-03-27 18:00:00,14,20,4,38
2024-03-27 18:10:00,19,22,4,45
2024-03-27 18:20:00,24,22,4,50
2024-03-27 18:30:00,24,15,3,42
2024-03-27 18:40:00,21,17,3,41
2024-03-27 18:50:00,10,12,7,29
2024-03-27 19:00:00,17,11,3,31
2024-03-27 19:10:00,12,8,2,22
2024-03-27 19:20:00,10,13,3,26
2024-03-27 19:30:00,16,8,6,30
2024-03-27 19:40:00,8,9,7,24
2024-03-27 19:50:00,11,9,4,24
2024-03-27 20:00:00,18,6,3,27
2024-03-27 20:10:00,10,8,4,22
2024-03-27 20:20:00,12,11,4,27
2024-03-27 20:30:00,9,12,1,22
2024-03-27 20:40:00,8,7,2,17
2024-03-27 20:50:00,13,6,5,24
2024-03-27 21:00:00,9,10,0,19
2024-03-27 21:10:00,7,10,1,18
2024-03-27 21:20:00,12,11,1,24
2024-03-27 21:30:00,11,13,1,25
2024-03-27 21:40:00,12,13,2,27
2024-03-27 21:50:00,6,15,3,24
2024-03-27 22:00:00,10,14,1,25
2024-03-27 22:10:00,3,12,2,17
2024-03-27 22:20:00,4,14,3,21
2024-03-27 22:30:00,5,7,4,16
2024-03-27 22:40:00,9,3,1,13
2024-03-27 22:50:00,5,10,2,17
2024-03-27 23:00:00,9,8,2,19
2024-03-27 23:10:00,0,8,0,8
2024-03-27 23:20:00,6,5,0,11
2024-03-27 23:30:00,4,10,0,14
2024-03-27 23:40:00,3,7,0,10
2024-03-27 23:50:00,2,7,0,9
2024-03-28 00:00:00,3,2,1,6
2024-03-28 00:10:00,2,5,0,7
2024-03-28 00:20:00,1,5,0,6
2024-03-28 00:30:00,5,4,0,9
2024-03-28 00:40:00,5,4,0,9
2024-03-28 00:50:00,2,1,1,4
2024-03-28 01:00:00,2,3,0,5
2024-03-28 01:10:00,1,4,0,5
2024-03-28 01:20:00,0,3,0,3
2024-03-28 01:30:00,1,2,0,3
2024-03-28 01:40:00,2,2,0,4
2024-03-28 01:50:00,1,1,0,2
2024-03-28 02:00:00,1,4,0,5
2024-03-28 02:10:00,1,2,0,3
2024-03-28 02:20:00,1,1,0,2
2024-03-28 02:30:00,2,0,0,2
2024-03-28 02:40:00,0,1,0,1
2024-03-28 02:50:00,0,2,0,2
2024-03-28 03:00:00,1,0,0,1
2024-03-28 03:10:00,2,0,0,2
2024-03-28 03:20:00,3,1,0,4
2024-03-28 03:30:00,0,1,0,1
2024-03-28 03:40:00,2,2,0,4
2024-03-28 03:50:00,3,2,0,5
2024-03-28 04:00:00,1,0,0,1
2024-03-28 04:10:00,0,1,0,1
2024-03-28 04:20:00,3,1,0,4
2024-03-28 04:30:00,2,2,0,4
2024-03-28 04:40:00,1,1,0,2
2024-03-28 04:50:00,1,2,0,3
2024-03-28 05:00:00,0,0,0,0
2024-03-28 05:10:00,3,3,0,6
2024-03-28 05:20:00,2,4,0,6
2024-03-28 05:30:00,3,3,2,8
2024-03-28 05:40:00,5,6,0,11
2024-03-28 05:50:00,7,1,1,9
2024-03-28 06:00:00,3,10,0,13
2024-03-28 06:10:00,3,11,0,14
2024-03-28 06:20:00,3,10,0,13
2024-03-28 06:30:00,8,7,1,16
2024-03-28 06:40:00,14,15,1,30
2024-03-28 06:50:00,11,16,1,28
2024-03-28 07:00:00,16,9,1,26
2024-03-28 07:10:00,9,9,2,20
2024-03-28 07:20:00,18,13,0,31
2024-03-28 07:30:00,11,10,5,26
2024-03-28 07:40:00,3,15,6,24
2024-03-28 07:50:00,18,16,3,37
2024-03-28 08:00:00,12,17,4,33
2024-03-28 08:10:00,28,20,5,53
2024-03-28 08:20:00,26,14,2,42
2024-03-28 08:30:00,22,17,4,43
2024-03-28 08:40:00,21,16,5,42
2024-03-28 08:50:00,16,14,4,34
2024-03-28 09:00:00,23,6,2,31
2024-03-28 09:10:00,15,10,5,30
2024-03-28 09:20:00,15,10,0,25
2024-03-28 09:30:00,18,20,6,44
2024-03-28 09:40:00,20,14,1,35
2024-03-28 09:50:00,23,23,3,49
2024-03-28 10:00:00,24,18,5,47
2024-03-28 10:10:00,21,21,6,48
2024-03-28 10:20:00,27,17,1,45
2024-03-28 10:30:00,21,22,5,48
2024-03-28 10:40:00,22,28,2,52
2024-03-28 10:50:00,28,15,5,48
2024-03-28 11:00:00,26,20,8,54
2024-03-28 11:10:00,22,23,2,47
2024-03-28 11:20:00,30,28,4,62
2024-03-28 11:30:00,27,27,6,60
2024-03-28 11:40:00,24,23,1,48
2024-03-28 11:50:00,30,22,5,57
2024-03-28 12:00:00,26,28,9,63
2024-03-28 12:10:00,21,24,6,51
2024-03-28 12:20:00,24,30,7,61
2024-03-28 12:30:00,25,21,2,48
2024-03-28 12:40:00,25,32,7,64
2024-03-28 12:50:00,36,23,5,64
2024-03-28 13:00:00,30,25,2,57
2024-03-28 13:10:00,14,19,3,36
2024-03-28 13:20:00,18,28,7,53
2024-03-28 13:30:00,22,30,5,57
2024-03-28 13:40:00,27,25,5,57
2024-03-28 13:50:00,18,24,7,49
2024-03-28 14:00:00,27,33,4,64
2024-03-28 14:10:00,30,31,8,69
2024-03-28 14:20:00,21,24,4,49
2024-03-28 14:30:00,34,25,7,66
2024-03-28 14:40:00,24,17,5,46
2024-03-28 14:50:00,21,29,5,55
2024-03-28 15:00:00,27,22,6,55
2024-03-28 15:10:00,34,22,7,63
2024-03-28 15:20:00,23,26,6,55
2024-03-28 15:30:00,16,38,4,58
2024-03-28 15:40:00,29,30,3,62
2024-03-28 15:50:00,26,37,4,67
2024-03-28 16:00:00,28,34,4,66
2024-03-28 16:10:00,28,26,8,62
2024-03-28 16:20:00,26,31,6,63
2024-03-28 16:30:00,29,19,7,55
2024-03-28 16:40:00,29,25,8,62
2024-03-28 16:50:00,22,24,4,50
2024-03-28 17:00:00,41,26,4,71
2024-03-28 17:10:00,25,24,6,55
2024-03-28 17:20:00,29,23,8,60
2024-03-28 17:30:00,22,33,8,63
2024-03-28 17:40:00,19,32,7,58
2024-03-28 17:50:00,19,32,4,55
2024-03-28 18:00:00,24,29,7,60
2024-03-28 18:10:00,28,21,8,57
2024-03-28 18:20:00,21,36,3,60
2024-03-28 18:30:00,21,49,5,75
2024-03-28 18:40:00,20,26,4,50
2024-03-28 18:50:00,22,20,5,47
2024-03-28 19:00:00,18,26,11,55
2024-03-28 19:10:00,16,25,7,48
2024-03-28 19:20:00,15,21,3,39
2024-03-28 19:30:00,15,21,5,41
2024-03-28 19:40:00,12,20,2,34
2024-03-28 19:50:00,10,25,4,39
2024-03-28 20:00:00,15,18,5,38
2024-03-28 20:10:00,14,18,3,35
2024-03-28 20:20:00,17,16,4,37
2024-03-28 20:30:00,11,11,0,22
2024-03-28 20:40:00,19,15,2,36
2024-03-28 20:50:00,10,13,5,28
2024-03-28 21:00:00,11,16,1,28
2024-03-28 21:10:00,11,11,4,26
2024-03-28 21:20:00,9,10,2,21
2024-03-28 21:30:00,9,12,1,22
2024-03-28 21:40:00,9,11,2,22
2024-03-28 21:50:00,14,13,2,29
2024-03-28 22:00:00,6,12,1,19
2024-03-28 22:10:00,7,13,3,23
2024-03-28 22:20:00,9,13,0,22
2024-03-28 22:30:00,11,10,1,22
2024-03-28 22:40:00,5,9,7,21
2024-03-28 22:50:00,10,11,1,22
2024-03-28 23:00:00,10,11,0,21
2024-03-28 23:10:00,4,8,1,13
2024-03-28 23:20:00,11,18,1,30
2024-03-28 23:30:00,5,10,2,17
2024-03-28 23:40:00,4,8,4,16
2024-03-28 23:50:00,4,7,2,13
2024-03-29 00:00:00,4,4,3,11
2024-03-29 00:10:00,4,12,0,16
2024-03-29 00:20:00,2,7,0,9
2024-03-29 00:30:00,9,8,2,19
2024-03-29 00:40:00,7,8,0,15
2024-03-29 00:50:00,1,3,0,4
2024-03-29 01:00:00,4,12,0,16
2024-03-29 01:10:00,4,5,0,9
2024-03-29 01:20:00,2,4,1,7
2024-03-29 01:30:00,2,3,0,5
2024-03-29 01:40:00,5,6,1,12
2024-03-29 01:50:00,2,4,0,6
2024-03-29 02:00:00,3,6,0,9
2024-03-29 02:10:00,2,3,0,5
2024-03-29 02:20:00,3,1,0,4
2024-03-29 02:30:00,2,1,0,3
2024-03-29 02:40:00,3,4,0,7
2024-03-29 02:50:00,1,2,0,3
2024-03-29 03:00:00,2,2,0,4
2024-03-29 03:10:00,2,1,0,3
2024-03-29 03:20:00,3,1,0,4
2024-03-29 03:30:00,1,2,0,3
2024-03-29 03:40:00,3,1,0,4
2024-03-29 03:50:00,1,0,0,1
2024-03-29 04:00:00,2,1,0,3
2024-03-29 04:10:00,1,4,0,5
2024-03-29 04:20:00,1,0,0,1
2024-03-29 04:30:00,1,2,0,3
2024-03-29 04:40:00,1,1,0,2
2024-03-29 04:50:00,0,2,0,2
2024-03-29 05:00:00,1,1,0,2
2024-03-29 05:10:00,1,0,0,1
2024-03-29 05:20:00,2,3,0,5
2024-03-29 05:30:00,1,2,0,3
2024-03-29 05:40:00,3,1,0,4
2024-03-29 05:50:00,2,2,0,4
2024-03-29 06:00:00,2,2,0,4
2024-03-29 06:10:00,1,2,1,4
2024-03-29 06:20:00,0,4,0,4
2024-03-29 06:30:00,1,1,0,2
2024-03-29 06:40:00,4,5,0,9
2024-03-29 06:50:00,1,1,0,2
2024-03-29 07:00:00,5,1,0,6
2024-03-29 07:10:00,1,6,0,7
2024-03-29 07:20:00,4,1,1,6
2024-03-29 07:30:00,1,2,0,3
2024-03-29 07:40:00,2,0,0,2
2024-03-29 07:50:00,1,6,0,7
2024-03-29 08:00:00,4,4,1,9
2024-03-29 08:10:00,2,8,0,10
2024-03-29 08:20:00,1,6,0,7
2024-03-29 08:30:00,4,6,1,11
2024-03-29 08:40:00,7,4,2,13
2024-03-29 08:50:00,5,3,1,9
2024-03-29 09:00:00,8,10,1,19
2024-03-29 09:10:00,3,4,2,9
2024-03-29 09:20:00,6,5,1,12
2024-03-29 09:30:00,3,10,0,13
2024-03-29 09:40:00,6,17,1,24
2024-03-29 09:50:00,14,11,1,26
2024-03-29 10:00:00,4,9,1,14
2024-03-29 10:10:00,7,9,0,16
2024-03-29 10:20:00,9,6,0,15
2024-03-29 10:30:00,11,9,1,21
2024-03-29 10:40:00,6,12,0,18
2024-03-29 10:50:00,9,13,4,26
2024-03-29 11:00:00,9,7,4,20
2024-03-29 11:10:00,9,14,0,23
2024-03-29 11:20:00,8,7,1,16
2024-03-29 11:30:00,7,16,0,23
2024-03-29 11:40:00,7,18,4,29
2024-03-29 11:50:00,7,16,0,23
2024-03-29 12:00:00,10,20,3,33
2024-03-29 12:10:00,16,19,1,36
2024-03-29 12:20:00,16,17,1,34
2024-03-29 12:30:00,13,10,3,26
2024-03-29 12:40:00,15,13,2,30
2024-03-29 12:50:00,13,18,3,34
2024-03-29 13:00:00,8,17,2,27
2024-03-29 13:10:00,3,12,2,17
2024-03-29 13:20:00,9,12,3,24
2024-03-29 13:30:00,12,20,2,34
2024-03-29 13:40:00,12,20,2,34
2024-03-29 13:50:00,9,12,5,26
2024-03-29 14:00:00,6,21,0,27
2024-03-29 14:10:00,8,13,2,23
2024-03-29 14:20:00,12,20,3,35
2024-03-29 14:30:00,11,22,1,34
2024-03-29 14:40:00,14,25,1,40
2024-03-29 14:50:00,19,21,2,42
2024-03-29 15:00:00,8,14,3,25
2024-03-29 15:10:00,6,17,2,25
2024-03-29 15:20:00,15,11,2,28
2024-03-29 15:30:00,13,15,0,28
2024-03-29 15:40:00,11,18,0,29
2024-03-29 15:50:00,9,14,1,24
2024-03-29 16:00:00,10,24,0,34
2024-03-29 16:10:00,11,17,2,30
2024-03-29 16:20:00,20,21,2,43
2024-03-29 16:30:00,12,21,1,34
2024-03-29 16:40:00,13,17,1,31
2024-03-29 16:50:00,14,22,4,40
2024-03-29 17:00:00,12,12,2,26
2024-03-29 17:10:00,13,18,1,32
2024-03-29 17:20:00,16,20,3,39
2024-03-29 17:30:00,14,14,0,28
2024-03-29 17:40:00,15,22,7,44
2024-03-29 17:50:00,13,18,4,35
2024-03-29 18:00:00,13,23,3,39
2024-03-29 18:10:00,16,21,2,39
2024-03-29 18:20:00,18,16,3,37
2024-03-29 18:30:00,13,18,5,36
2024-03-29 18:40:00,14,19,6,39
2024-03-29 18:50:00,13,16,4,33
2024-03-29 19:00:00,8,18,3,29
2024-03-29 19:10:00,7,10,2,19
2024-03-29 19:20:00,10,9,1,20
2024-03-29 19:30:00,8,12,1,21
2024-03-29 19:40:00,8,13,1,22
2024-03-29 19:50:00,7,9,2,18
2024-03-29 20:00:00,12,10,1,23
2024-03-29 20:10:00,12,12,2,26
2024-03-29 20:20:00,12,5,3,20
2024-03-29 20:30:00,7,14,2,23
2024-03-29 20:40:00,5,10,1,16
2024-03-29 20:50:00,9,6,3,18
2024-03-29 21:00:00,11,9,2,22
2024-03-29 21:10:00,4,11,1,16
2024-03-29 21:20:00,4,11,0,15
2024-03-29 21:30:00,10,6,1,17
2024-03-29 21:40:00,7,11,2,20
2024-03-29 21:50:00,4,10,0,14
2024-03-29 22:00:00,10,10,1,21
2024-03-29 22:10:00,7,11,0,18
2024-03-29 22:20:00,6,8,1,15
2024-03-29 22:30:00,7,12,0,19
2024-03-29 22:40:00,4,8,0,12
2024-03-29 22:50:00,2,10,0,12
2024-03-29 23:00:00,8,9,3,20
2024-03-29 23:10:00,3,6,0,9
2024-03-29 23:20:00,2,9,1,12
2024-03-29 23:30:00,7,7,0,14
2024-03-29 23:40:00,7,7,0,14
2024-03-29 23:50:00,4,6,0,10
2024-03-30 00:00:00,4,6,0,10
2024-03-30 00:10:00,4,1,0,5
2024-03-30 00:20:00,5,6,0,11
2024-03-30 00:30:00,1,9,0,10
2024-03-30 00:40:00,1,5,1,7
2024-03-30 00:50:00,3,0,0,3
2024-03-30 01:00:00,2,6,0,8
2024-03-30 01:10:00,6,3,0,9
2024-03-30 01:20:00,1,2,0,3
2024-03-30 01:30:00,1,7,0,8
2024-03-30 01:40:00,1,4,1,6
2024-03-30 01:50:00,3,2,0,5
2024-03-30 02:00:00,4,1,0,5
2024-03-30 02:10:00,1,3,0,4
2024-03-30 02:20:00,1,1,0,2
2024-03-30 02:30:00,1,4,0,5
2024-03-30 02:40:00,2,2,1,5
2024-03-30 02:50:00,0,2,0,2
2024-03-30 03:00:00,0,2,0,2
2024-03-30 03:10:00,0,1,0,1
2024-03-30 03:20:00,1,1,0,2
2024-03-30 03:30:00,1,0,0,1
2024-03-30 03:40:00,1,0,0,1
2024-03-30 03:50:00,2,0,0,2
2024-03-30 04:00:00,2,1,0,3
2024-03-30 04:10:00,0,1,0,1
2024-03-30 04:20:00,1,1,0,2
2024-03-30 04:30:00,0,1,0,1
2024-03-30 04:40:00,1,2,0,3
2024-03-30 04:50:00,2,2,0,4
2024-03-30 05:00:00,2,0,0,2
2024-03-30 05:10:00,4,2,0,6
2024-03-30 05:20:00,3,2,0,5
2024-03-30 05:30:00,3,2,0,5
2024-03-30 05:40:00,0,0,1,1
2024-03-30 05:50:00,1,1,0,2
2024-03-30 06:00:00,2,5,0,7
2024-03-30 06:10:00,2,2,0,4
2024-03-30 06:20:00,3,4,1,8
2024-03-30 06:30:00,2,9,0,11
2024-03-30 06:40:00,2,9,0,11
2024-03-30 06:50:00,4,5,0,9
2024-03-30 07:00:00,3,4,0,7
2024-03-30 07:10:00,6,2,0,8
2024-03-30 07:20:00,6,3,0,9
2024-03-30 07:30:00,9,3,1,13
2024-03-30 07:40:00,6,8,0,14
2024-03-30 07:50:00,9,6,0,15
2024-03-30 08:00:00,5,5,2,12
2024-03-30 08:10:00,8,4,1,13
2024-03-30 08:20:00,7,9,4,20
2024-03-30 08:30:00,10,11,1,22
2024-03-30 08:40:00,14,13,3,30
2024-03-30 08:50:00,15,9,1,25
2024-03-30 09:00:00,12,15,4,31
2024-03-30 09:10:00,20,11,5,36
2024-03-30 09:20:00,16,12,2,30
2024-03-30 09:30:00,21,15,3,39
2024-03-30 09:40:00,22,18,3,43
2024-03-30 09:50:00,23,18,7,48
2024-03-30 10:00:00,19,17,1,37
2024-03-30 10:10:00,27,14,3,44
2024-03-30 10:20:00,26,20,4,50
2024-03-30 10:30:00,17,21,6,44
2024-03-30 10:40:00,17,18,11,46
2024-03-30 10:50:00,18,25,7,50
2024-03-30 11:00:00,22,16,7,45
2024-03-30 11:10:00,22,23,3,48
2024-03-30 11:20:00,19,17,9,45
2024-03-30 11:30:00,20,20,7,47
2024-03-30 11:40:00,22,19,5,46
2024-03-30 11:50:00,27,23,4,54
2024-03-30 12:00:00,21,27,7,55
2024-03-30 12:10:00,25,21,4,50
2024-03-30 12:20:00,13,17,7,37
2024-03-30 12:30:00,18,24,2,44
2024-03-30 12:40:00,15,27,1,43
2024-03-30 12:50:00,19,27,4,50
2024-03-30 13:00:00,20,26,6,52
2024-03-30 13:10:00,19,22,4,45
2024-03-30 13:20:00,22,30,4,56
2024-03-30 13:30:00,20,19,10,49
2024-03-30 13:40:00,21,25,4,50
2024-03-30 13:50:00,28,27,8,63
2024-03-30 14:00:00,19,26,3,48
2024-03-30 14:10:00,21,26,8,55
2024-03-30 14:20:00,25,27,10,62
2024-03-30 14:30:00,27,20,8,55
2024-03-30 14:40:00,29,27,5,61
2024-03-30 14:50:00,31,19,4,54
2024-03-30 15:00:00,16,26,3,45
2024-03-30 15:10:00,20,25,5,50
2024-03-30 15:20:00,25,26,5,56
2024-03-30 15:30:00,23,16,5,44
2024-03-30 15:40:00,15,19,4,38
2024-03-30 15:50:00,21,21,5,47
2024-03-30 16:00:00,24,34,5,63
2024-03-30 16:10:00,19,18,3,40
2024-03-30 16:20:00,7,17,3,27
2024-03-30 16:30:00,18,23,7,48
2024-03-30 16:40:00,19,24,4,47
2024-03-30 16:50:00,22,18,5,45
2024-03-30 17:00:00,14,24,3,41
2024-03-30 17:10:00,19,16,3,38
2024-03-30 17:20:00,22,20,4,46
2024-03-30 17:30:00,21,19,8,48
2024-03-30 17:40:00,21,18,6,45
2024-03-30 17:50:00,24,20,6,50
2024-03-30 18:00:00,15,28,4,47
2024-03-30 18:10:00,22,20,6,48
2024-03-30 18:20:00,13,36,6,55
2024-03-30 18:30:00,16,27,2,45
2024-03-30 18:40:00,17,19,4,40
2024-03-30 18:50:00,17,20,4,41
2024-03-30 19:00:00,6,21,2,29
2024-03-30 19:10:00,13,21,4,38
2024-03-30 19:20:00,14,13,3,30
2024-03-30 19:30:00,10,15,2,27
2024-03-30 19:40:00,13,12,5,30
2024-03-30 19:50:00,10,16,1,27
2024-03-30 20:00:00,5,12,2,19
2024-03-30 20:10:00,11,10,2,23
2024-03-30 20:20:00,16,18,4,38
2024-03-30 20:30:00,13,16,5,34
2024-03-30 20:40:00,9,9,4,22
2024-03-30 20:50:00,8,11,2,21
2024-03-30 21:00:00,13,13,1,27
2024-03-30 21:10:00,11,14,0,25
2024-03-30 21:20:00,7,11,1,19
2024-03-30 21:30:00,11,13,1,25
2024-03-30 21:40:00,6,12,0,18
2024-03-30 21:50:00,9,15,6,30
2024-03-30 22:00:00,4,13,4,21
2024-03-30 22:10:00,9,13,3,25
2024-03-30 22:20:00,4,7,1,12
2024-03-30 22:30:00,11,12,1,24
2024-03-30 22:40:00,7,18,3,28
2024-03-30 22:50:00,5,9,1,15
2024-03-30 23:00:00,5,10,5,20
2024-03-30 23:10:00,8,9,2,19
2024-03-30 23:20:00,6,10,0,16
2024-03-30 23:30:00,10,14,0,24
2024-03-30 23:40:00,6,8,0,14
2024-03-30 23:50:00,8,2,0,10
2024-03-31 00:00:00,7,8,0,15
2024-03-31 00:10:00,2,8,0,10
2024-03-31 00:20:00,7,6,1,14
2024-03-31 00:30:00,5,7,0,12
2024-03-31 00:40:00,4,8,0,12
2024-03-31 00:50:00,4,5,0,9
2024-03-31 01:00:00,4,8,0,12
2024-03-31 01:10:00,3,2,0,5
2024-03-31 01:20:00,5,3,0,8
2024-03-31 01:30:00,1,0,0,1
2024-03-31 01:40:00,4,7,0,11
2024-03-31 01:50:00,7,3,0,10
2024-03-31 02:00:00,0,0,0,0
2024-03-31 02:10:00,0,0,0,0
2024-03-31 02:20:00,0,0,0,0
2024-03-31 02:30:00,0,0,0,0
2024-03-31 02:40:00,0,0,0,0
2024-03-31 02:50:00,0,0,0,0
2024-03-31 03:00:00,0,0,0,0
2024-03-31 03:10:00,0,0,0,0
2024-03-31 03:20:00,0,0,0,0
2024-03-31 03:30:00,0,0,0,0
2024-03-31 03:40:00,0,0,0,0
2024-03-31 03:50:00,0,0,0,0
2024-03-31 04:00:00,2,4,0,6
2024-03-31 04:10:00,2,2,2,6
2024-03-31 04:20:00,1,2,0,3
2024-03-31 04:30:00,4,3,0,7
2024-03-31 04:40:00,0,1,0,1
2024-03-31 04:50:00,2,2,0,4
2024-03-31 05:00:00,0,2,1,3
2024-03-31 05:10:00,6,2,0,8
2024-03-31 05:20:00,3,3,0,6
2024-03-31 05:30:00,1,1,0,2
2024-03-31 05:40:00,0,5,0,5
2024-03-31 05:50:00,3,2,0,5
2024-03-31 06:00:00,3,2,0,5
2024-03-31 06:10:00,0,5,0,5
2024-03-31 06:20:00,0,3,1,4
2024-03-31 06:30:00,3,0,0,3
2024-03-31 06:40:00,1,5,1,7
2024-03-31 06:50:00,1,2,0,3
2024-03-31 07:00:00,1,2,0,3
2024-03-31 07:10:00,2,2,0,4
2024-03-31 07:20:00,0,3,0,3
2024-03-31 07:30:00,2,5,1,8
2024-03-31 07:40:00,1,2,0,3
2024-03-31 07:50:00,1,1,1,3
2024-03-31 08:00:00,3,1,0,4
2024-03-31 08:10:00,2,6,0,8
2024-03-31 08:20:00,1,4,0,5
2024-03-31 08:30:00,0,2,1,3
2024-03-31 08:40:00,2,3,0,5
2024-03-31 08:50:00,4,1,1,6
2024-03-31 09:00:00,4,8,1,13
2024-03-31 09:10:00,5,3,0,8
2024-03-31 09:20:00,6,9,1,16
2024-03-31 09:30:00,17,8,0,25
2024-03-31 09:40:00,16,9,2,27
2024-03-31 09:50:00,11,10,0,21
2024-03-31 10:00:00,2,8,2,12
2024-03-31 10:10:00,9,10,0,19
2024-03-31 10:20:00,12,11,0,23
2024-03-31 10:30:00,6,9,0,15
2024-03-31 10:40:00,3,14,2,19
2024-03-31 10:50:00,6,17,1,24
2024-03-31 11:00:00,3,12,1,16
2024-03-31 11:10:00,6,13,1,20
2024-03-31 11:20:00,6,19,1,26
2024-03-31 11:30:00,9,21,1,31
2024-03-31 11:40:00,9,20,1,30
2024-03-31 11:50:00,7,19,0,26
2024-03-31 12:00:00,5,20,0,25
2024-03-31 12:10:00,9,12,1,22
2024-03-31 12:20:00,10,14,3,27
2024-03-31 12:30:00,12,24,1,37
2024-03-31 12:40:00,18,21,1,40
2024-03-31 12:50:00,19,15,1,35
2024-03-31 13:00:00,9,14,3,26
2024-03-31 13:10:00,12,19,1,32
2024-03-31 13:20:00,10,16,2,28
2024-03-31 13:30:00,12,18,2,32
2024-03-31 13:40:00,11,15,2,28
2024-03-31 13:50:00,11,16,3,30
2024-03-31 14:00:00,13,22,2,37
2024-03-31 14:10:00,12,21,1,34
2024-03-31 14:20:00,13,19,1,33
2024-03-31 14:30:00,10,20,4,34
2024-03-31 14:40:00,11,20,0,31
2024-03-31 14:50:00,17,19,3,39
2024-03-31 15:00:00,10,14,3,27
2024-03-31 15:10:00,12,16,2,30
2024-03-31 15:20:00,8,21,3,32
2024-03-31 15:30:00,13,20,2,35
2024-03-31 15:40:00,10,17,5,32
2024-03-31 15:50:00,10,13,2,25
2024-03-31 16:00:00,8,22,1,31
2024-03-31 16:10:00,12,8,1,21
2024-03-31 16:20:00,9,10,4,23
2024-03-31 16:30:00,16,17,0,33
2024-03-31 16:40:00,12,15,1,28
2024-03-31 16:50:00,7,15,0,22
2024-03-31 17:00:00,7,14,1,22
2024-03-31 17:10:00,9,15,4,28
2024-03-31 17:20:00,15,17,1,33
2024-03-31 17:30:00,15,17,2,34
2024-03-31 17:40:00,20,19,1,40
2024-03-31 17:50:00,16,16,5,37
2024-03-31 18:00:00,16,17,0,33
2024-03-31 18:10:00,12,20,2,34
2024-03-31 18:20:00,16,18,0,34
2024-03-31 18:30:00,15,13,1,29
2024-03-31 18:40:00,12,26,1,39
2024-03-31 18:50:00,12,17,2,31
2024-03-31 19:00:00,11,18,2,31
2024-03-31 19:10:00,9,26,0,35
2024-03-31 19:20:00,13,21,2,36
2024-03-31 19:30:00,11,21,1,33
2024-03-31 19:40:00,11,21,2,34
2024-03-31 19:50:00,13,11,1,25
2024-03-31 20:00:00,12,15,0,27
2024-03-31 20:10:00,8,11,0,19
2024-03-31 20:20:00,6,15,0,21
2024-03-31 20:30:00,9,11,2,22
2024-03-31 20:40:00,5,13,1,19
2024-03-31 20:50:00,11,9,1,21
2024-03-31 21:00:00,3,9,2,14
2024-03-31 21:10:00,10,11,0,21
2024-03-31 21:20:00,6,14,1,21
2024-03-31 21:30:00,7,16,0,23
2024-03-31 21:40:00,8,15,1,24
2024-03-31 21:50:00,8,10,4,22
2024-03-31 22:00:00,7,6,2,15
2024-03-31 22:10:00,10,14,1,25
2024-03-31 22:20:00,3,15,1,19
2024-03-31 22:30:00,14,11,0,25
2024-03-31 22:40:00,8,10,1,19
2024-03-31 22:50:00,3,10,0,13
2024-03-31 23:00:00,2,8,1,11
2024-03-31 23:10:00,5,8,0,13
2024-03-31 23:20:00,5,7,0,12
2024-03-31 23:30:00,3,4,0,7
2024-03-31 23:40:00,7,7,0,14
2024-03-31 23:50:00,6,8,0,14
2024-04-01 00:00:00,4,7,1,12
2024-04-01 00:10:00,2,6,0,8
2024-04-01 00:20:00,3,5,0,8
2024-04-01 00:30:00,2,4,0,6
2024-04-01 00:40:00,5,6,1,12
2024-04-01 00:50:00,1,6,1,8
2024-04-01 01:00:00,2,3,0,5
2024-04-01 01:10:00,3,5,0,8
2024-04-01 01:20:00,2,4,1,7
2024-04-01 01:30:00,2,2,0,4
2024-04-01 01:40:00,6,3,0,9
2024-04-01 01:50:00,0,4,0,4
2024-04-01 02:00:00,2,2,0,4
2024-04-01 02:10:00,3,4,0,7
2024-04-01 02:20:00,4,3,0,7
2024-04-01 02:30:00,3,1,1,5
2024-04-01 02:40:00,2,5,0,7
2024-04-01 02:50:00,2,1,1,4
2024-04-01 03:00:00,1,1,0,2
2024-04-01 03:10:00,2,6,0,8
2024-04-01 03:20:00,1,3,0,4
2024-04-01 03:30:00,0,0,0,0
2024-04-01 03:40:00,0,2,0,2
2024-04-01 03:50:00,3,2,0,5
2024-04-01 04:00:00,2,5,1,8
2024-04-01 04:10:00,0,1,0,1
2024-04-01 04:20:00,1,1,0,2
2024-04-01 04:30:00,1,3,0,4
2024-04-01 04:40:00,1,0,0,1
2024-04-01 04:50:00,1,1,0,2
2024-04-01 05:00:00,0,2,0,2
2024-04-01 05:10:00,1,0,0,1
2024-04-01 05:20:00,2,2,0,4
2024-04-01 05:30:00,0,2,0,2
2024-04-01 05:40:00,5,1,0,6
2024-04-01 05:50:00,1,0,1,2
2024-04-01 06:00:00,1,1,0,2
2024-04-01 06:10:00,0,1,0,1
2024-04-01 06:20:00,1,1,1,3
2024-04-01 06:30:00,0,5,0,5
2024-04-01 06:40:00,1,4,0,5
2024-04-01 06:50:00,3,1,0,4
2024-04-01 07:00:00,1,4,0,5
2024-04-01 07:10:00,3,2,0,5
2024-04-01 07:20:00,2,1,0,3
2024-04-01 07:30:00,1,3,0,4
2024-04-01 07:40:00,0,3,1,4
2024-04-01 07:50:00,1,2,0,3
2024-04-01 08:00:00,1,1,1,3
2024-04-01 08:10:00,4,4,0,8
2024-04-01 08:20:00,0,0,0,0
2024-04-01 08:30:00,3,8,0,11
2024-04-01 08:40:00,3,4,0,7
2024-04-01 08:50:00,3,3,1,7
2024-04-01 09:00:00,4,4,0,8
2024-04-01 09:10:00,7,4,0,11
2024-04-01 09:20:00,4,5,0,9
2024-04-01 09:30:00,5,5,0,10
2024-04-01 09:40:00,6,9,0,15
2024-04-01 09:50:00,7,12,0,19
2024-04-01 10:00:00,9,6,0,15
2024-04-01 10:10:00,4,11,1,16
2024-04-01 10:20:00,8,8,0,16
2024-04-01 10:30:00,7,10,1,18
2024-04-01 10:40:00,3,8,1,12
2024-04-01 10:50:00,11,9,5,25
2024-04-01 11:00:00,7,15,0,22
2024-04-01 11:10:00,11,10,0,21
2024-04-01 11:20:00,6,12,0,18
2024-04-01 11:30:00,6,9,2,17
2024-04-01 11:40:00,14,15,0,29
2024-04-01 11:50:00,11,10,0,21
2024-04-01 12:00:00,7,16,1,24
2024-04-01 12:10:00,11,14,2,27
2024-04-01 12:20:00,8,16,2,26
2024-04-01 12:30:00,17,12,2,31
2024-04-01 12:40:00,12,17,2,31
2024-04-01 12:50:00,12,24,1,37
2024-04-01 13:00:00,15,17,3,35
2024-04-01 13:10:00,18,18,1,37
2024-04-01 13:20:00,11,14,0,25
2024-04-01 13:30:00,8,17,1,26
2024-04-01 13:40:00,9,16,1,26
2024-04-01 13:50:00,10,15,2,27
2024-04-01 14:00:00,11,16,1,28
2024-04-01 14:10:00,12,14,1,27
2024-04-01 14:20:00,12,19,2,33
2024-04-01 14:30:00,12,18,3,33
2024-04-01 14:40:00,6,19,1,26
2024-04-01 14:50:00,21,30,0,51
2024-04-01 15:00:00,14,19,0,33
2024-04-01 15:10:00,14,27,0,41
2024-04-01 15:20:00,15,18,1,34
2024-04-01 15:30:00,19,26,2,47
2024-04-01 15:40:00,6,21,3,30
2024-04-01 15:50:00,15,18,0,33
2024-04-01 16:00:00,13,29,3,45
2024-04-01 16:10:00,9,14,1,24
2024-04-01 16:20:00,13,16,5,34
2024-04-01 16:30:00,13,23,1,37
2024-04-01 16:40:00,15,13,2,30
2024-04-01 16:50:00,23,21,2,46
2024-04-01 17:00:00,16,15,2,33
2024-04-01 17:10:00,15,11,0,26
2024-04-01 17:20:00,15,19,5,39
2024-04-01 17:30:00,12,23,2,37
2024-04-01 17:40:00,15,17,1,33
2024-04-01 17:50:00,12,19,3,34
2024-04-01 18:00:00,16,21,1,38
2024-04-01 18:10:00,12,23,4,39
2024-04-01 18:20:00,14,15,3,32
2024-04-01 18:30:00,13,18,2,33
2024-04-01 18:40:00,17,21,5,43
2024-04-01 18:50:00,22,24,4,50
2024-04-01 19:00:00,18,21,0,39
2024-04-01 19:10:00,11,15,3,29
2024-04-01 19:20:00,14,29,4,47
2024-04-01 19:30:00,12,26,2,40
2024-04-01 19:40:00,18,25,2,45
2024-04-01 19:50:00,9,27,1,37
2024-04-01 20:00:00,11,14,2,27
2024-04-01 20:10:00,14,10,0,24
2024-04-01 20:20:00,10,8,0,18
2024-04-01 20:30:00,7,9,0,16
2024-04-01 20:40:00,14,12,2,28
2024-04-01 20:50:00,14,7,0,21
2024-04-01 21:00:00,9,11,4,24
2024-04-01 21:10:00,9,11,3,23
2024-04-01 21:20:00,9,5,2,16
2024-04-01 21:30:00,10,7,0,17
2024-04-01 21:40:00,6,9,1,16
2024-04-01 21:50:00,8,8,0,16
2024-04-01 22:00:00,6,11,3,20
2024-04-01 22:10:00,5,6,0,11
2024-04-01 22:20:00,4,6,0,10
2024-04-01 22:30:00,6,3,0,9
2024-04-01 22:40:00,6,13,0,19
2024-04-01 22:50:00,3,8,0,11
2024-04-01 23:00:00,5,8,1,14
2024-04-01 23:10:00,2,10,3,15
2024-04-01 23:20:00,5,6,0,11
2024-04-01 23:30:00,2,8,0,10
2024-04-01 23:40:00,4,8,0,12
2024-04-01 23:50:00,0,11,0,11
2024-04-02 00:00:00,2,3,0,5
2024-04-02 00:10:00,1,6,0,7
2024-04-02 00:20:00,0,4,1,5
2024-04-02 00:30:00,2,0,0,2
2024-04-02 00:40:00,1,7,3,11
2024-04-02 00:50:00,6,2,1,9
2024-04-02 01:00:00,2,7,0,9
2024-04-02 01:10:00,2,4,0,6
2024-04-02 01:20:00,3,3,0,6
2024-04-02 01:30:00,1,4,0,5
2024-04-02 01:40:00,1,2,0,3
2024-04-02 01:50:00,2,1,0,3
2024-04-02 02:00:00,4,0,0,4
2024-04-02 02:10:00,0,3,0,3
2024-04-02 02:20:00,1,4,0,5
2024-04-02 02:30:00,2,1,0,3
2024-04-02 02:40:00,0,0,0,0
2024-04-02 02:50:00,0,1,1,2
2024-04-02 03:00:00,1,2,0,3
2024-04-02 03:10:00,0,1,0,1
2024-04-02 03:20:00,1,3,0,4
2024-04-02 03:30:00,0,0,0,0
2024-04-02 03:40:00,0,3,0,3
2024-04-02 03:50:00,1,0,0,1
2024-04-02 04:00:00,0,1,0,1
2024-04-02 04:10:00,1,1,0,2
2024-04-02 04:20:00,0,1,0,1
2024-04-02 04:30:00,3,6,0,9
2024-04-02 04:40:00,1,1,0,2
2024-04-02 04:50:00,2,1,0,3
2024-04-02 05:00:00,3,1,0,4
2024-04-02 05:10:00,1,4,0,5
2024-04-02 05:20:00,1,4,0,5
2024-04-02 05:30:00,4,6,1,11
2024-04-02 05:40:00,4,6,0,10
2024-04-02 05:50:00,3,6,2,11
2024-04-02 06:00:00,2,8,1,11
2024-04-02 06:10:00,5,8,1,14
2024-04-02 06:20:00,6,18,1,25
2024-04-02 06:30:00,5,6,1,12
2024-04-02 06:40:00,10,14,1,25
2024-04-02 06:50:00,9,11,0,20
2024-04-02 07:00:00,14,15,0,29
2024-04-02 07:10:00,24,13,2,39
2024-04-02 07:20:00,13,20,0,33
2024-04-02 07:30:00,15,18,1,34
2024-04-02 07:40:00,12,13,4,29
2024-04-02 07:50:00,25,22,2,49
2024-04-02 08:00:00,24,22,1,47
2024-04-02 08:10:00,17,18,3,38
2024-04-02 08:20:00,18,24,1,43
2024-04-02 08:30:00,18,12,5,35
2024-04-02 08:40:00,14,12,3,29
2024-04-02 08:50:00,17,20,5,42
2024-04-02 09:00:00,12,20,4,36
2024-04-02 09:10:00,19,22,2,43
2024-04-02 09:20:00,25,16,4,45
2024-04-02 09:30:00,15,19,2,36
2024-04-02 09:40:00,24,19,5,48
2024-04-02 09:50:00,28,27,5,60
2024-04-02 10:00:00,19,18,3,40
2024-04-02 10:10:00,18,14,3,35
2024-04-02 10:20:00,15,26,2,43
2024-04-02 10:30:00,20,18,5,43
2024-04-02 10:40:00,25,20,8,53
2024-04-02 10:50:00,17,19,5,41
2024-04-02 11:00:00,15,28,3,46
2024-04-02 11:10:00,22,19,5,46
2024-04-02 11:20:00,21,20,9,50
2024-04-02 11:30:00,21,19,5,45
2024-04-02 11:40:00,18,24,5,47
2024-04-02 11:50:00,19,22,3,44
2024-04-02 12:00:00,26,20,4,50
2024-04-02 12:10:00,23,24,4,51
2024-04-02 12:20:00,27,29,5,61
2024-04-02 12:30:00,26,25,4,55
2024-04-02 12:40:00,36,24,4,64
2024-04-02 12:50:00,19,18,4,41
2024-04-02 13:00:00,24,16,5,45
2024-04-02 13:10:00,17,23,5,45
2024-04-02 13:20:00,25,26,5,56
2024-04-02 13:30:00,23,30,2,55
2024-04-02 13:40:00,29,29,7,65
2024-04-02 13:50:00,19,16,7,42
2024-04-02 14:00:00,23,25,3,51
2024-04-02 14:10:00,18,24,4,46
2024-04-02 14:20:00,32,24,2,58
2024-04-02 14:30:00,37,24,10,71
2024-04-02 14:40:00,27,20,1,48
2024-04-02 14:50:00,20,30,5,55
2024-04-02 15:00:00,29,14,4,47
2024-04-02 15:10:00,31,34,2,67
2024-04-02 15:20:00,17,22,6,45
2024-04-02 15:30:00,22,25,4,51
2024-04-02 15:40:00,25,31,9,65
2024-04-02 15:50:00,32,30,4,66
2024-04-02 16:00:00,22,16,4,42
2024-04-02 16:10:00,21,35,3,59
2024-04-02 16:20:00,36,29,5,70
2024-04-02 16:30:00,25,24,3,52
2024-04-02 16:40:00,26,36,7,69
2024-04-02 16:50:00,26,30,4,60
2024-04-02 17:00:00,16,30,3,49
2024-04-02 17:10:00,27,23,6,56
2024-04-02 17:20:00,21,30,5,56
2024-04-02 17:30:00,23,22,5,50
2024-04-02 17:40:00,19,30,9,58
2024-04-02 17:50:00,19,28,4,51
2024-04-02 18:00:00,29,29,4,62
2024-04-02 18:10:00,46,37,6,89
2024-04-02 18:20:00,28,24,10,62
2024-04-02 18:30:00,20,31,6,57
2024-04-02 18:40:00,7,30,3,40
2024-04-02 18:50:00,24,20,5,49
2024-04-02 19:00:00,17,27,3,47
2024-04-02 19:10:00,16,24,3,43
2024-04-02 19:20:00,10,18,10,38
2024-04-02 19:30:00,18,25,5,48
2024-04-02 19:40:00,20,20,4,44
2024-04-02 19:50:00,16,22,1,39
2024-04-02 20:00:00,10,34,1,45
2024-04-02 20:10:00,8,18,1,27
2024-04-02 20:20:00,8,16,3,27
2024-04-02 20:30:00,11,9,3,23
2024-04-02 20:40:00,6,10,3,19
2024-04-02 20:50:00,11,12,3,26
2024-04-02 21:00:00,11,13,5,29
2024-04-02 21:10:00,9,10,5,24
2024-04-02 21:20:00,11,14,3,28
2024-04-02 21:30:00,7,11,2,20
2024-04-02 21:40:00,10,15,2,27
2024-04-02 21:50:00,6,15,0,21
2024-04-02 22:00:00,4,16,0,20
2024-04-02 22:10:00,9,8,3,20
2024-04-02 22:20:00,1,13,2,16
2024-04-02 22:30:00,1,14,1,16
2024-04-02 22:40:00,9,7,0,16
2024-04-02 22:50:00,6,6,1,13
2024-04-02 23:00:00,4,12,1,17
2024-04-02 23:10:00,1,10,1,12
2024-04-02 23:20:00,4,9,1,14
2024-04-02 23:30:00,3,7,0,10
2024-04-02 23:40:00,7,10,0,17
2024-04-02 23:50:00,6,5,0,11
2024-04-03 00:00:00,2,7,0,9
2024-04-03 00:10:00,3,5,2,10
2024-04-03 00:20:00,3,2,0,5
2024-04-03 00:30:00,1,2,0,3
2024-04-03 00:40:00,1,3,1,5
2024-04-03 00:50:00,2,1,0,3
2024-04-03 01:00:00,2,6,0,8
2024-04-03 01:10:00,2,4,0,6
2024-04-03 01:20:00,1,5,0,6
2024-04-03 01:30:00,1,1,0,2
2024-04-03 01:40:00,3,4,0,7
2024-04-03 01:50:00,1,1,0,2
2024-04-03 02:00:00,4,1,0,5
2024-04-03 02:10:00,0,1,0,1
2024-04-03 02:20:00,0,3,0,3
2024-04-03 02:30:00,4,1,0,5
2024-04-03 02:40:00,1,2,0,3
2024-04-03 02:50:00,0,4,0,4
2024-04-03 03:00:00,0,1,0,1
2024-04-03 03:10:00,0,1,0,1
2024-04-03 03:20:00,2,2,0,4
2024-04-03 03:30:00,1,2,0,3
2024-04-03 03:40:00,1,2,0,3
2024-04-03 03:50:00,1,0,0,1
2024-04-03 04:00:00,1,2,1,4
2024-04-03 04:10:00,2,1,0,3
2024-04-03 04:20:00,0,3,0,3
2024-04-03 04:30:00,2,2,0,4
2024-04-03 04:40:00,0,0,0,0
2024-04-03 04:50:00,2,0,0,2
2024-04-03 05:00:00,1,3,0,4
2024-04-03 05:10:00,1,3,0,4
2024-04-03 05:20:00,3,4,0,7
2024-04-03 05:30:00,1,2,0,3
2024-04-03 05:40:00,8,8,0,16
2024-04-03 05:50:00,5,6,0,11
2024-04-03 06:00:00,4,10,0,14
2024-04-03 06:10:00,5,6,1,12
2024-04-03 06:20:00,4,2,0,6
2024-04-03 06:30:00,8,6,0,14
2024-04-03 06:40:00,9,12,0,21
2024-04-03 06:50:00,10,12,1,23
2024-04-03 07:00:00,13,8,0,21
2024-04-03 07:10:00,20,18,0,38
2024-04-03 07:20:00,15,12,1,28
2024-04-03 07:30:00,15,13,2,30
2024-04-03 07:40:00,25,16,3,44
2024-04-03 07:50:00,16,16,3,35
2024-04-03 08:00:00,28,17,4,49
2024-04-03 08:10:00,29,13,3,45
2024-04-03 08:20:00,22,12,1,35
2024-04-03 08:30:00,16,19,3,38
2024-04-03 08:40:00,17,16,2,35
2024-04-03 08:50:00,18,14,6,38
2024-04-03 09:00:00,13,16,4,33
2024-04-03 09:10:00,19,20,3,42
2024-04-03 09:20:00,21,13,2,36
2024-04-03 09:30:00,22,22,1,45
2024-04-03 09:40:00,24,24,2,50
2024-04-03 09:50:00,27,17,4,48
2024-04-03 10:00:00,32,19,3,54
2024-04-03 10:10:00,15,19,3,37
2024-04-03 10:20:00,17,27,3,47
2024-04-03 10:30:00,22,15,1,38
2024-04-03 10:40:00,24,21,4,49
2024-04-03 10:50:00,21,25,6,52
2024-04-03 11:00:00,15,24,3,42
2024-04-03 11:10:00,21,22,6,49
2024-04-03 11:20:00,22,18,0,40
2024-04-03 11:30:00,21,25,3,49
2024-04-03 11:40:00,18,24,6,48
2024-04-03 11:50:00,16,24,6,46
2024-04-03 12:00:00,27,20,3,50
2024-04-03 12:10:00,23,32,6,61
2024-04-03 12:20:00,27,20,5,52
2024-04-03 12:30:00,17,25,4,46
2024-04-03 12:40:00,15,26,3,44
2024-04-03 12:50:00,23,30,4,57
2024-04-03 13:00:00,21,28,5,54
2024-04-03 13:10:00,22,18,2,42
2024-04-03 13:20:00,16,29,4,49
2024-04-03 13:30:00,26,27,3,56
2024-04-03 13:40:00,22,23,3,48
2024-04-03 13:50:00,26,26,3,55
2024-04-03 14:00:00,22,24,8,54
2024-04-03 14:10:00,25,23,2,50
2024-04-03 14:20:00,15,30,3,48
2024-04-03 14:30:00,27,33,5,65
2024-04-03 14:40:00,19,26,3,48
2024-04-03 14:50:00,18,23,3,44
2024-04-03 15:00:00,16,30,1,47
2024-04-03 15:10:00,22,24,3,49
2024-04-03 15:20:00,18,21,5,44
2024-04-03 15:30:00,30,20,4,54
2024-04-03 15:40:00,29,30,3,62
2024-04-03 15:50:00,22,26,9,57
2024-04-03 16:00:00,27,32,2,61
2024-04-03 16:10:00,14,27,4,45
2024-04-03 16:20:00,24,29,3,56
2024-04-03 16:30:00,14,24,5,43
2024-04-03 16:40:00,21,22,2,45
2024-04-03 16:50:00,18,39,7,64
2024-04-03 17:00:00,19,29,2,50
2024-04-03 17:10:00,19,28,6,53
2024-04-03 17:20:00,19,33,5,57
2024-04-03 17:30:00,15,23,5,43
2024-04-03 17:40:00,21,30,2,53
2024-04-03 17:50:00,23,27,4,54
2024-04-03 18:00:00,21,23,4,48
2024-04-03 18:10:00,15,33,6,54
2024-04-03 18:20:00,28,29,8,65
2024-04-03 18:30:00,14,29,3,46
2024-04-03 18:40:00,17,22,4,43
2024-04-03 18:50:00,21,21,4,46
2024-04-03 19:00:00,10,25,3,38
2024-04-03 19:10:00,18,26,4,48
2024-04-03 19:20:00,11,29,3,43
2024-04-03 19:30:00,12,30,2,44
2024-04-03 19:40:00,15,20,4,39
2024-04-03 19:50:00,21,18,4,43
2024-04-03 20:00:00,16,19,2,37
2024-04-03 20:10:00,13,18,3,34
2024-04-03 20:20:00,7,19,1,27
2024-04-03 20:30:00,10,12,2,24
2024-04-03 20:40:00,15,11,4,30
2024-04-03 20:50:00,8,18,2,28
2024-04-03 21:00:00,5,14,3,22
2024-04-03 21:10:00,8,12,1,21
2024-04-03 21:20:00,7,18,4,29
2024-04-03 21:30:00,8,13,0,21
2024-04-03 21:40:00,10,9,1,20
2024-04-03 21:50:00,12,8,2,22
2024-04-03 22:00:00,7,8,1,16
2024-04-03 22:10:00,6,10,1,17
2024-04-03 22:20:00,5,15,3,23
2024-04-03 22:30:00,2,13,1,16
2024-04-03 22:40:00,10,9,1,20
2024-04-03 22:50:00,4,9,2,15
2024-04-03 23:00:00,10,6,4,20
2024-04-03 23:10:00,3,7,1,11
2024-04-03 23:20:00,5,3,1,9
2024-04-03 23:30:00,7,5,0,12
2024-04-03 23:40:00,6,6,0,12
2024-04-03 23:50:00,2,4,0,6
2024-04-04 00:00:00,2,3,1,6
2024-04-04 00:10:00,4,5,0,9
2024-04-04 00:20:00,6,4,0,10
2024-04-04 00:30:00,4,0,0,4
2024-04-04 00:40:00,4,2,0,6
2024-04-04 00:50:00,1,1,0,2
2024-04-04 01:00:00,3,2,0,5
2024-04-04 01:10:00,2,5,1,8
2024-04-04 01:20:00,0,2,0,2
2024-04-04 01:30:00,2,0,0,2
2024-04-04 01:40:00,1,3,0,4
2024-04-04 01:50:00,3,0,0,3
2024-04-04 02:00:00,0,1,0,1
2024-04-04 02:10:00,4,2,0,6
2024-04-04 02:20:00,1,2,0,3
2024-04-04 02:30:00,2,2,0,4
2024-04-04 02:40:00,1,0,0,1
2024-04-04 02:50:00,2,0,0,2
2024-04-04 03:00:00,0,1,0,1
2024-04-04 03:10:00,2,0,0,2
2024-04-04 03:20:00,2,1,0,3
2024-04-04 03:30:00,1,1,0,2
2024-04-04 03:40:00,1,1,0,2
2024-04-04 03:50:00,2,1,0,3
2024-04-04 04:00:00,0,3,0,3
2024-04-04 04:10:00,2,1,0,3
2024-04-04 04:20:00,0,1,0,1
2024-04-04 04:30:00,1,1,0,2
2024-04-04 04:40:00,3,0,0,3
2024-04-04 04:50:00,1,2,0,3
2024-04-04 05:00:00,0,1,0,1
2024-04-04 05:10:00,2,2,0,4
2024-04-04 05:20:00,3,5,0,8
2024-04-04 05:30:00,1,3,0,4
2024-04-04 05:40:00,5,6,0,11
2024-04-04 05:50:00,9,8,1,18
2024-04-04 06:00:00,3,8,0,11
2024-04-04 06:10:00,4,8,0,12
2024-04-04 06:20:00,7,16,2,25
2024-04-04 06:30:00,11,9,2,22
2024-04-04 06:40:00,11,10,0,21
2024-04-04 06:50:00,12,14,2,28
2024-04-04 07:00:00,12,7,1,20
2024-04-04 07:10:00,17,14,2,33
2024-04-04 07:20:00,21,15,1,37
2024-04-04 07:30:00,17,19,0,36
2024-04-04 07:40:00,13,19,3,35
2024-04-04 07:50:00,19,17,3,39
2024-04-04 08:00:00,17,21,3,41
2024-04-04 08:10:00,33,14,4,51
2024-04-04 08:20:00,24,17,2,43
2024-04-04 08:30:00,11,12,3,26
2024-04-04 08:40:00,22,21,4,47
2024-04-04 08:50:00,21,18,6,45
2024-04-04 09:00:00,17,22,2,41
2024-04-04 09:10:00,18,19,3,40
2024-04-04 09:20:00,21,13,2,36
2024-04-04 09:30:00,17,17,2,36
2024-04-04 09:40:00,11,20,5,36
2024-04-04 09:50:00,19,21,3,43
2024-04-04 10:00:00,24,17,4,45
2024-04-04 10:10:00,21,24,4,49
2024-04-04 10:20:00,27,20,3,50
2024-04-04 10:30:00,22,23,6,51
2024-04-04 10:40:00,18,23,3,44
2024-04-04 10:50:00,20,22,1,43
2024-04-04 11:00:00,22,20,2,44
2024-04-04 11:10:00,19,25,6,50
2024-04-04 11:20:00,16,18,1,35
2024-04-04 11:30:00,22,32,2,56
2024-04-04 11:40:00,20,22,4,46
2024-04-04 11:50:00,28,22,5,55
2024-04-04 12:00:00,27,25,8,60
2024-04-04 12:10:00,22,29,2,53
2024-04-04 12:20:00,30,29,5,64
2024-04-04 12:30:00,22,20,6,48
2024-04-04 12:40:00,26,24,4,54
2024-04-04 12:50:00,30,22,4,56
2024-04-04 13:00:00,21,21,2,44
2024-04-04 13:10:00,15,18,1,34
2024-04-04 13:20:00,20,17,5,42
2024-04-04 13:30:00,17,22,5,44
2024-04-04 13:40:00,24,21,1,46
2024-04-04 13:50:00,17,22,4,43
2024-04-04 14:00:00,17,18,4,39
2024-04-04 14:10:00,18,13,0,31
2024-04-04 14:20:00,25,30,4,59
2024-04-04 14:30:00,15,26,2,43
2024-04-04 14:40:00,27,24,3,54
2024-04-04 14:50:00,28,20,9,57
2024-04-04 15:00:00,18,20,8,46
2024-04-04 15:10:00,21,21,1,43
2024-04-04 15:20:00,16,33,4,53
2024-04-04 15:30:00,19,20,3,42
2024-04-04 15:40:00,23,18,5,46
2024-04-04 15:50:00,22,23,4,49
2024-04-04 16:00:00,34,34,4,72
2024-04-04 16:10:00,18,28,2,48
2024-04-04 16:20:00,25,27,6,58
2024-04-04 16:30:00,20,33,4,57
2024-04-04 16:40:00,30,40,9,79
2024-04-04 16:50:00,12,32,7,51
2024-04-04 17:00:00,23,20,3,46
2024-04-04 17:10:00,19,32,1,52
2024-04-04 17:20:00,21,26,11,58
2024-04-04 17:30:00,16,29,4,49
2024-04-04 17:40:00,36,50,5,91
2024-04-04 17:50:00,26,30,3,59
2024-04-04 18:00:00,17,34,5,56
2024-04-04 18:10:00,20,22,8,50
2024-04-04 18:20:00,33,19,5,57
2024-04-04 18:30:00,22,27,8,57
2024-04-04 18:40:00,21,21,4,46
2024-04-04 18:50:00,26,26,4,56
2024-04-04 19:00:00,12,20,5,37
2024-04-04 19:10:00,13,22,3,38
2024-04-04 19:20:00,14,27,5,46
2024-04-04 19:30:00,17,28,5,50
2024-04-04 19:40:00,16,26,3,45
2024-04-04 19:50:00,11,27,1,39
2024-04-04 20:00:00,8,16,2,26
2024-04-04 20:10:00,7,21,4,32
2024-04-04 20:20:00,8,10,2,20
2024-04-04 20:30:00,12,11,1,24
2024-04-04 20:40:00,3,12,3,18
2024-04-04 20:50:00,12,10,0,22
2024-04-04 21:00:00,10,12,1,23
2024-04-04 21:10:00,5,8,0,13
2024-04-04 21:20:00,10,8,2,20
2024-04-04 21:30:00,12,7,0,19
2024-04-04 21:40:00,19,15,0,34
2024-04-04 21:50:00,9,9,1,19
2024-04-04 22:00:00,8,11,0,19
2024-04-04 22:10:00,10,5,1,16
2024-04-04 22:20:00,9,10,4,23
2024-04-04 22:30:00,3,5,0,8
2024-04-04 22:40:00,10,10,2,22
2024-04-04 22:50:00,3,4,1,8
2024-04-04 23:00:00,10,8,3,21
2024-04-04 23:10:00,5,10,1,16
2024-04-04 23:20:00,9,7,1,17
2024-04-04 23:30:00,2,3,0,5
2024-04-04 23:40:00,7,7,2,16
2024-04-04 23:50:00,4,6,0,10
2024-04-05 00:00:00,3,5,0,8
2024-04-05 00:10:00,10,2,1,13
2024-04-05 00:20:00,6,5,0,11
2024-04-05 00:30:00,2,4,0,6
2024-04-05 00:40:00,5,5,0,10
2024-04-05 00:50:00,0,1,0,1
2024-04-05 01:00:00,2,0,0,2
2024-04-05 01:10:00,2,3,1,6
2024-04-05 01:20:00,2,2,0,4
2024-04-05 01:30:00,2,3,0,5
2024-04-05 01:40:00,1,1,1,3
2024-04-05 01:50:00,1,1,0,2
2024-04-05 02:00:00,0,0,0,0
