datetime,V32Z,V2Z,V8Z,Total
2024-03-01 01:00:00,0,0,0,0
2024-03-01 01:10:00,0,0,3,3
2024-03-01 01:20:00,0,3,0,3
2024-03-01 01:30:00,0,0,1,1
2024-03-01 01:40:00,0,2,2,4
2024-03-01 01:50:00,0,0,2,2
2024-03-01 02:00:00,0,0,2,2
2024-03-01 02:10:00,0,0,1,1
2024-03-01 02:20:00,0,1,0,1
2024-03-01 02:30:00,0,0,0,0
2024-03-01 02:40:00,0,0,0,0
2024-03-01 02:50:00,0,0,0,0
2024-03-01 03:00:00,0,0,0,0
2024-03-01 03:10:00,0,1,2,3
2024-03-01 03:20:00,0,0,0,0
2024-03-01 03:30:00,1,1,0,2
2024-03-01 03:40:00,0,2,1,3
2024-03-01 03:50:00,0,0,1,1
2024-03-01 04:00:00,0,2,4,6
2024-03-01 04:10:00,0,1,1,2
2024-03-01 04:20:00,0,2,3,5
2024-03-01 04:30:00,0,0,8,8
2024-03-01 04:40:00,0,1,0,1
2024-03-01 04:50:00,0,4,1,5
2024-03-01 05:00:00,1,0,3,4
2024-03-01 05:10:00,0,3,4,7
2024-03-01 05:20:00,0,2,2,4
2024-03-01 05:30:00,0,0,6,6
2024-03-01 05:40:00,0,6,8,14
2024-03-01 05:50:00,0,5,5,10
2024-03-01 06:00:00,1,4,7,12
2024-03-01 06:10:00,1,2,12,15
2024-03-01 06:20:00,2,4,12,18
2024-03-01 06:30:00,0,9,7,16
2024-03-01 06:40:00,1,11,12,24
2024-03-01 06:50:00,0,12,23,35
2024-03-01 07:00:00,3,23,22,48
2024-03-01 07:10:00,3,12,20,35
2024-03-01 07:20:00,8,20,33,61
2024-03-01 07:30:00,13,24,40,77
2024-03-01 07:40:00,12,26,30,68
2024-03-01 07:50:00,8,40,40,88
2024-03-01 08:00:00,6,23,32,61
2024-03-01 08:10:00,10,20,30,60
2024-03-01 08:20:00,5,21,23,49
2024-03-01 08:30:00,6,27,32,65
2024-03-01 08:40:00,6,23,32,61
2024-03-01 08:50:00,6,15,32,53
2024-03-01 09:00:00,5,21,27,53
2024-03-01 09:10:00,6,14,20,40
2024-03-01 09:20:00,14,25,22,61
2024-03-01 09:30:00,12,16,20,48
2024-03-01 09:40:00,9,22,33,64
2024-03-01 09:50:00,4,25,32,61
2024-03-01 10:00:00,3,23,26,52
2024-03-01 10:10:00,3,25,20,48
2024-03-01 10:20:00,5,20,26,51
2024-03-01 10:30:00,7,21,23,51
2024-03-01 10:40:00,5,29,31,65
2024-03-01 10:50:00,3,23,27,53
2024-03-01 11:00:00,6,23,28,57
2024-03-01 11:10:00,4,18,25,47
2024-03-01 11:20:00,6,26,27,59
2024-03-01 11:30:00,6,17,34,57
2024-03-01 11:40:00,5,25,30,60
2024-03-01 11:50:00,8,21,27,56
2024-03-01 12:00:00,6,31,28,65
2024-03-01 12:10:00,8,23,21,52
2024-03-01 12:20:00,19,22,47,88
2024-03-01 12:30:00,7,30,23,60
2024-03-01 12:40:00,6,20,30,56
2024-03-01 12:50:00,2,34,31,67
2024-03-01 13:00:00,8,18,35,61
2024-03-01 13:10:00,22,24,32,78
2024-03-01 13:20:00,11,26,30,67
2024-03-01 13:30:00,8,28,25,61
2024-03-01 13:40:00,10,23,24,57
2024-03-01 13:50:00,4,26,32,62
2024-03-01 14:00:00,12,25,29,66
2024-03-01 14:10:00,11,24,23,58
2024-03-01 14:20:00,6,26,36,68
2024-03-01 14:30:00,8,32,36,76
2024-03-01 14:40:00,11,21,32,64
2024-03-01 14:50:00,7,27,33,67
2024-03-01 15:00:00,7,24,32,63
2024-03-01 15:10:00,7,24,26,57
2024-03-01 15:20:00,10,21,30,61
2024-03-01 15:30:00,6,22,30,58
2024-03-01 15:40:00,11,38,21,70
2024-03-01 15:50:00,8,24,41,73
2024-03-01 16:00:00,10,29,32,71
2024-03-01 16:10:00,9,19,23,51
2024-03-01 16:20:00,6,20,19,45
2024-03-01 16:30:00,9,20,43,72
2024-03-01 16:40:00,10,31,28,69
2024-03-01 16:50:00,11,31,31,73
2024-03-01 17:00:00,11,25,47,83
2024-03-01 17:10:00,10,18,21,49
2024-03-01 17:20:00,13,23,24,60
2024-03-01 17:30:00,12,22,29,63
2024-03-01 17:40:00,9,26,26,61
2024-03-01 17:50:00,9,31,42,82
2024-03-01 18:00:00,11,26,38,75
2024-03-01 18:10:00,6,40,36,82
2024-03-01 18:20:00,3,24,38,65
2024-03-01 18:30:00,8,25,66,99
2024-03-01 18:40:00,8,24,36,68
2024-03-01 18:50:00,7,17,34,58
2024-03-01 19:00:00,5,19,32,56
2024-03-01 19:10:00,9,13,21,43
2024-03-01 19:20:00,12,16,22,50
2024-03-01 19:30:00,3,16,22,41
2024-03-01 19:40:00,2,14,33,49
2024-03-01 19:50:00,2,20,25,47
2024-03-01 20:00:00,3,8,44,55
2024-03-01 20:10:00,0,19,25,44
2024-03-01 20:20:00,3,14,29,46
2024-03-01 20:30:00,1,11,15,27
2024-03-01 20:40:00,2,13,17,32
2024-03-01 20:50:00,1,13,17,31
2024-03-01 21:00:00,0,10,5,15
2024-03-01 21:10:00,0,7,13,20
2024-03-01 21:20:00,3,9,18,30
2024-03-01 21:30:00,0,8,18,26
2024-03-01 21:40:00,1,12,12,25
2024-03-01 21:50:00,2,11,8,21
2024-03-01 22:00:00,2,10,14,26
2024-03-01 22:10:00,0,8,7,15
2024-03-01 22:20:00,2,7,7,16
2024-03-01 22:30:00,0,8,20,28
2024-03-01 22:40:00,0,13,10,23
2024-03-01 22:50:00,4,8,17,29
2024-03-01 23:00:00,0,8,13,21
2024-03-01 23:10:00,2,7,7,16
2024-03-01 23:20:00,0,6,8,14
2024-03-01 23:30:00,0,6,12,18
2024-03-01 23:40:00,1,5,3,9
2024-03-01 23:50:00,0,5,3,8
2024-03-02 00:00:00,2,6,7,15
2024-03-02 00:10:00,0,5,5,10
2024-03-02 00:20:00,1,4,4,9
2024-03-02 00:30:00,1,2,4,7
2024-03-02 00:40:00,0,8,1,9
2024-03-02 00:50:00,0,1,2,3
2024-03-02 01:00:00,1,5,12,18
2024-03-02 01:10:00,0,1,2,3
2024-03-02 01:20:00,1,2,1,4
2024-03-02 01:30:00,1,1,3,5
2024-03-02 01:40:00,1,2,6,9
2024-03-02 01:50:00,0,3,1,4
2024-03-02 02:00:00,1,4,7,12
2024-03-02 02:10:00,1,2,4,7
2024-03-02 02:20:00,0,3,3,6
2024-03-02 02:30:00,0,0,5,5
2024-03-02 02:40:00,0,0,5,5
2024-03-02 02:50:00,0,2,0,2
2024-03-02 03:00:00,0,0,3,3
2024-03-02 03:10:00,0,0,2,2
2024-03-02 03:20:00,0,3,1,4
2024-03-02 03:30:00,0,0,4,4
2024-03-02 03:40:00,0,0,4,4
2024-03-02 03:50:00,0,4,0,4
2024-03-02 04:00:00,0,1,7,8
2024-03-02 04:10:00,0,1,0,1
2024-03-02 04:20:00,0,1,0,1
2024-03-02 04:30:00,0,0,3,3
2024-03-02 04:40:00,0,2,2,4
2024-03-02 04:50:00,0,0,1,1
2024-03-02 05:00:00,0,3,5,8
2024-03-02 05:10:00,0,4,3,7
2024-03-02 05:20:00,0,1,0,1
2024-03-02 05:30:00,1,2,3,6
2024-03-02 05:40:00,1,2,4,7
2024-03-02 05:50:00,0,3,2,5
2024-03-02 06:00:00,0,1,6,7
2024-03-02 06:10:00,0,3,3,6
2024-03-02 06:20:00,0,0,1,1
2024-03-02 06:30:00,0,3,7,10
2024-03-02 06:40:00,0,2,2,4
2024-03-02 06:50:00,0,1,1,2
2024-03-02 07:00:00,1,1,5,7
2024-03-02 07:10:00,0,4,2,6
2024-03-02 07:20:00,0,5,5,10
2024-03-02 07:30:00,0,8,9,17
2024-03-02 07:40:00,1,6,7,14
2024-03-02 07:50:00,3,10,6,19
2024-03-02 08:00:00,3,8,12,23
2024-03-02 08:10:00,2,11,6,19
2024-03-02 08:20:00,0,14,9,23
2024-03-02 08:30:00,2,10,11,23
2024-03-02 08:40:00,3,8,12,23
2024-03-02 08:50:00,2,13,19,34
2024-03-02 09:00:00,1,25,16,42
2024-03-02 09:10:00,4,18,14,36
2024-03-02 09:20:00,5,14,17,36
2024-03-02 09:30:00,7,24,22,53
2024-03-02 09:40:00,4,21,22,47
2024-03-02 09:50:00,3,24,27,54
2024-03-02 10:00:00,2,24,22,48
2024-03-02 10:10:00,5,23,24,52
2024-03-02 10:20:00,5,30,30,65
2024-03-02 10:30:00,1,23,29,53
2024-03-02 10:40:00,5,18,32,55
2024-03-02 10:50:00,2,26,34,62
2024-03-02 11:00:00,3,24,18,45
2024-03-02 11:10:00,4,23,30,57
2024-03-02 11:20:00,2,23,25,50
2024-03-02 11:30:00,5,25,30,60
2024-03-02 11:40:00,4,22,23,49
2024-03-02 11:50:00,9,28,22,59
2024-03-02 12:00:00,7,22,27,56
2024-03-02 12:10:00,5,19,27,51
2024-03-02 12:20:00,1,19,31,51
2024-03-02 12:30:00,5,25,30,60
2024-03-02 12:40:00,4,20,29,53
2024-03-02 12:50:00,2,17,17,36
2024-03-02 13:00:00,4,23,21,48
2024-03-02 13:10:00,7,16,31,54
2024-03-02 13:20:00,7,29,36,72
2024-03-02 13:30:00,5,30,38,73
2024-03-02 13:40:00,12,26,33,71
2024-03-02 13:50:00,7,22,43,72
2024-03-02 14:00:00,7,25,63,95
2024-03-02 14:10:00,10,27,51,88
2024-03-02 14:20:00,11,15,24,50
2024-03-02 14:30:00,4,25,38,67
2024-03-02 14:40:00,6,27,49,82
2024-03-02 14:50:00,14,25,33,72
2024-03-02 15:00:00,8,21,26,55
2024-03-02 15:10:00,4,20,28,52
2024-03-02 15:20:00,7,15,30,52
2024-03-02 15:30:00,6,22,34,62
2024-03-02 15:40:00,6,20,27,53
2024-03-02 15:50:00,7,20,15,42
2024-03-02 16:00:00,8,13,31,52
2024-03-02 16:10:00,4,20,25,49
2024-03-02 16:20:00,9,18,15,42
2024-03-02 16:30:00,9,21,19,49
2024-03-02 16:40:00,10,20,16,46
2024-03-02 16:50:00,8,19,19,46
2024-03-02 17:00:00,8,20,21,49
2024-03-02 17:10:00,9,24,17,50
2024-03-02 17:20:00,4,31,16,51
2024-03-02 17:30:00,7,39,25,71
2024-03-02 17:40:00,11,45,24,80
2024-03-02 17:50:00,9,39,27,75
2024-03-02 18:00:00,10,46,34,90
2024-03-02 18:10:00,10,40,38,88
2024-03-02 18:20:00,7,27,30,64
2024-03-02 18:30:00,6,19,20,45
2024-03-02 18:40:00,9,25,21,55
2024-03-02 18:50:00,5,21,27,53
2024-03-02 19:00:00,8,19,30,57
2024-03-02 19:10:00,1,14,21,36
2024-03-02 19:20:00,2,14,23,39
2024-03-02 19:30:00,1,13,24,38
2024-03-02 19:40:00,2,11,26,39
2024-03-02 19:50:00,5,9,22,36
2024-03-02 20:00:00,3,15,16,34
2024-03-02 20:10:00,2,8,13,23
2024-03-02 20:20:00,4,16,23,43
2024-03-02 20:30:00,7,6,19,32
2024-03-02 20:40:00,2,9,21,32
2024-03-02 20:50:00,0,2,22,24
2024-03-02 21:00:00,1,11,9,21
2024-03-02 21:10:00,2,5,20,27
2024-03-02 21:20:00,1,8,16,25
2024-03-02 21:30:00,0,5,14,19
2024-03-02 21:40:00,2,7,6,15
2024-03-02 21:50:00,1,7,12,20
2024-03-02 22:00:00,2,8,11,21
2024-03-02 22:10:00,0,9,16,25
2024-03-02 22:20:00,2,6,11,19
2024-03-02 22:30:00,0,4,23,27
2024-03-02 22:40:00,3,7,18,28
2024-03-02 22:50:00,0,6,9,15
2024-03-02 23:00:00,1,5,8,14
2024-03-02 23:10:00,0,5,14,19
2024-03-02 23:20:00,1,7,10,18
2024-03-02 23:30:00,0,4,8,12
2024-03-02 23:40:00,0,4,7,11
2024-03-02 23:50:00,0,6,7,13
2024-03-03 00:00:00,2,3,8,13
2024-03-03 00:10:00,0,0,8,8
2024-03-03 00:20:00,0,6,5,11
2024-03-03 00:30:00,0,2,10,12
2024-03-03 00:40:00,1,3,7,11
2024-03-03 00:50:00,2,5,4,11
2024-03-03 01:00:00,4,3,16,23
2024-03-03 01:10:00,0,6,4,10
2024-03-03 01:20:00,0,3,10,13
2024-03-03 01:30:00,0,1,11,12
2024-03-03 01:40:00,0,2,7,9
2024-03-03 01:50:00,0,2,2,4
2024-03-03 02:00:00,1,0,4,5
2024-03-03 02:10:00,0,2,3,5
2024-03-03 02:20:00,0,4,3,7
2024-03-03 02:30:00,0,3,4,7
2024-03-03 02:40:00,0,0,7,7
2024-03-03 02:50:00,0,2,5,7
2024-03-03 03:00:00,0,1,4,5
2024-03-03 03:10:00,0,1,1,2
2024-03-03 03:20:00,0,2,2,4
2024-03-03 03:30:00,0,1,5,6
2024-03-03 03:40:00,0,0,7,7
2024-03-03 03:50:00,0,5,1,6
2024-03-03 04:00:00,0,3,7,10
2024-03-03 04:10:00,0,0,0,0
2024-03-03 04:20:00,0,2,1,3
2024-03-03 04:30:00,0,0,3,3
2024-03-03 04:40:00,0,1,0,1
2024-03-03 04:50:00,0,2,0,2
2024-03-03 05:00:00,0,0,3,3
2024-03-03 05:10:00,0,0,1,1
2024-03-03 05:20:00,0,1,0,1
2024-03-03 05:30:00,1,0,3,4
2024-03-03 05:40:00,0,1,0,1
2024-03-03 05:50:00,0,1,0,1
2024-03-03 06:00:00,0,0,9,9
2024-03-03 06:10:00,0,0,0,0
2024-03-03 06:20:00,0,1,1,2
2024-03-03 06:30:00,0,2,3,5
2024-03-03 06:40:00,0,1,2,3
2024-03-03 06:50:00,0,3,2,5
2024-03-03 07:00:00,0,1,8,9
2024-03-03 07:10:00,0,0,0,0
2024-03-03 07:20:00,1,3,0,4
2024-03-03 07:30:00,1,1,5,7
2024-03-03 07:40:00,2,0,3,5
2024-03-03 07:50:00,2,9,2,13
2024-03-03 08:00:00,1,2,7,10
2024-03-03 08:10:00,2,4,8,14
2024-03-03 08:20:00,1,6,2,9
2024-03-03 08:30:00,1,4,13,18
2024-03-03 08:40:00,1,4,4,9
2024-03-03 08:50:00,1,3,6,10
2024-03-03 09:00:00,3,6,10,19
2024-03-03 09:10:00,5,4,17,26
2024-03-03 09:20:00,6,9,12,27
2024-03-03 09:30:00,3,10,10,23
2024-03-03 09:40:00,4,11,18,33
2024-03-03 09:50:00,7,10,13,30
2024-03-03 10:00:00,2,16,16,34
2024-03-03 10:10:00,4,9,21,34
2024-03-03 10:20:00,5,16,19,40
2024-03-03 10:30:00,3,17,12,32
2024-03-03 10:40:00,5,11,26,42
2024-03-03 10:50:00,3,11,20,34
2024-03-03 11:00:00,6,17,19,42
2024-03-03 11:10:00,10,15,17,42
2024-03-03 11:20:00,7,15,20,42
2024-03-03 11:30:00,6,18,38,62
2024-03-03 11:40:00,6,24,27,57
2024-03-03 11:50:00,10,16,25,51
2024-03-03 12:00:00,2,19,25,46
2024-03-03 12:10:00,10,26,25,61
2024-03-03 12:20:00,7,25,15,47
2024-03-03 12:30:00,6,26,33,65
2024-03-03 12:40:00,6,20,22,48
2024-03-03 12:50:00,8,29,22,59
2024-03-03 13:00:00,7,24,16,47
2024-03-03 13:10:00,7,24,23,54
2024-03-03 13:20:00,6,29,16,51
2024-03-03 13:30:00,7,17,30,54
2024-03-03 13:40:00,5,17,19,41
2024-03-03 13:50:00,6,25,29,60
2024-03-03 14:00:00,8,17,23,48
2024-03-03 14:10:00,6,26,22,54
2024-03-03 14:20:00,11,18,19,48
2024-03-03 14:30:00,17,18,22,57
2024-03-03 14:40:00,6,22,27,55
2024-03-03 14:50:00,10,15,25,50
2024-03-03 15:00:00,9,13,25,47
2024-03-03 15:10:00,8,17,22,47
2024-03-03 15:20:00,12,22,24,58
2024-03-03 15:30:00,11,20,25,56
2024-03-03 15:40:00,10,20,23,53
2024-03-03 15:50:00,11,23,22,56
2024-03-03 16:00:00,6,17,18,41
2024-03-03 16:10:00,16,24,29,69
2024-03-03 16:20:00,13,16,21,50
2024-03-03 16:30:00,11,29,31,71
2024-03-03 16:40:00,12,18,26,56
2024-03-03 16:50:00,10,20,24,54
2024-03-03 17:00:00,9,26,18,53
2024-03-03 17:10:00,9,22,22,53
2024-03-03 17:20:00,6,21,21,48
2024-03-03 17:30:00,7,27,23,57
2024-03-03 17:40:00,8,30,24,62
2024-03-03 17:50:00,9,27,23,59
2024-03-03 18:00:00,4,22,33,59
2024-03-03 18:10:00,3,19,29,51
2024-03-03 18:20:00,4,22,21,47
2024-03-03 18:30:00,2,17,29,48
2024-03-03 18:40:00,4,16,22,42
2024-03-03 18:50:00,5,14,33,52
2024-03-03 19:00:00,4,8,29,41
2024-03-03 19:10:00,2,14,20,36
2024-03-03 19:20:00,0,14,23,37
2024-03-03 19:30:00,3,10,28,41
2024-03-03 19:40:00,2,4,13,19
2024-03-03 19:50:00,1,8,21,30
2024-03-03 20:00:00,1,14,23,38
2024-03-03 20:10:00,1,8,21,30
2024-03-03 20:20:00,3,8,11,22
2024-03-03 20:30:00,1,8,15,24
2024-03-03 20:40:00,1,9,11,21
2024-03-03 20:50:00,1,8,4,13
2024-03-03 21:00:00,3,8,18,29
2024-03-03 21:10:00,0,5,17,22
2024-03-03 21:20:00,0,3,8,11
2024-03-03 21:30:00,0,4,12,16
2024-03-03 21:40:00,2,10,12,24
2024-03-03 21:50:00,1,4,13,18
2024-03-03 22:00:00,0,8,13,21
2024-03-03 22:10:00,0,7,9,16
2024-03-03 22:20:00,0,5,4,9
2024-03-03 22:30:00,0,2,5,7
2024-03-03 22:40:00,1,3,9,13
2024-03-03 22:50:00,1,6,1,8
2024-03-03 23:00:00,1,5,7,13
2024-03-03 23:10:00,0,1,4,5
2024-03-03 23:20:00,1,2,5,8
2024-03-03 23:30:00,0,1,5,6
2024-03-03 23:40:00,0,0,2,2
2024-03-03 23:50:00,0,3,3,6
2024-03-04 00:00:00,0,1,5,6
2024-03-04 00:10:00,0,4,2,6
2024-03-04 00:20:00,0,2,0,2
2024-03-04 00:30:00,0,1,3,4
2024-03-04 00:40:00,0,2,4,6
2024-03-04 00:50:00,0,2,1,3
2024-03-04 01:00:00,0,1,1,2
2024-03-04 01:10:00,0,0,5,5
2024-03-04 01:20:00,0,0,2,2
2024-03-04 01:30:00,0,1,1,2
2024-03-04 01:40:00,0,1,0,1
2024-03-04 01:50:00,0,0,0,0
2024-03-04 02:00:00,0,0,0,0
2024-03-04 02:10:00,0,0,2,2
2024-03-04 02:20:00,0,0,0,0
2024-03-04 02:30:00,0,0,0,0
2024-03-04 02:40:00,0,0,0,0
2024-03-04 02:50:00,0,0,2,2
2024-03-04 03:00:00,0,1,4,5
2024-03-04 03:10:00,0,1,0,1
2024-03-04 03:20:00,0,0,0,0
2024-03-04 03:30:00,0,0,0,0
2024-03-04 03:40:00,0,3,0,3
2024-03-04 03:50:00,0,0,2,2
2024-03-04 04:00:00,0,1,3,4
2024-03-04 04:10:00,0,2,6,8
2024-03-04 04:20:00,0,1,0,1
2024-03-04 04:30:00,0,0,5,5
2024-03-04 04:40:00,0,0,1,1
2024-03-04 04:50:00,0,1,0,1
2024-03-04 05:00:00,0,0,3,3
2024-03-04 05:10:00,0,4,5,9
2024-03-04 05:20:00,0,2,8,10
2024-03-04 05:30:00,0,1,3,4
2024-03-04 05:40:00,1,4,8,13
2024-03-04 05:50:00,0,9,3,12
2024-03-04 06:00:00,2,2,7,11
2024-03-04 06:10:00,0,4,18,22
2024-03-04 06:20:00,1,9,10,20
2024-03-04 06:30:00,0,8,12,20
2024-03-04 06:40:00,1,6,17,24
2024-03-04 06:50:00,2,17,17,36
2024-03-04 07:00:00,2,19,26,47
2024-03-04 07:10:00,5,28,20,53
2024-03-04 07:20:00,18,18,28,64
2024-03-04 07:30:00,8,29,45,82
2024-03-04 07:40:00,15,50,42,107
2024-03-04 07:50:00,5,37,36,78
2024-03-04 08:00:00,6,28,36,70
2024-03-04 08:10:00,6,21,23,50
2024-03-04 08:20:00,10,27,16,53
2024-03-04 08:30:00,8,30,31,69
2024-03-04 08:40:00,3,24,29,56
2024-03-04 08:50:00,3,24,29,56
2024-03-04 09:00:00,2,21,26,49
2024-03-04 09:10:00,4,23,16,43
2024-03-04 09:20:00,6,21,24,51
2024-03-04 09:30:00,2,17,22,41
2024-03-04 09:40:00,8,32,30,70
2024-03-04 09:50:00,5,28,20,53
2024-03-04 10:00:00,3,21,26,50
2024-03-04 10:10:00,6,21,19,46
2024-03-04 10:20:00,2,25,16,43
2024-03-04 10:30:00,5,20,24,49
2024-03-04 10:40:00,5,22,17,44
2024-03-04 10:50:00,1,24,21,46
2024-03-04 11:00:00,3,15,27,45
2024-03-04 11:10:00,5,20,22,47
2024-03-04 11:20:00,13,21,17,51
2024-03-04 11:30:00,6,15,24,45
2024-03-04 11:40:00,6,16,23,45
2024-03-04 11:50:00,5,23,19,47
2024-03-04 12:00:00,2,16,22,40
2024-03-04 12:10:00,1,20,17,38
2024-03-04 12:20:00,9,20,36,65
2024-03-04 12:30:00,4,20,27,51
2024-03-04 12:40:00,5,14,34,53
2024-03-04 12:50:00,7,18,26,51
2024-03-04 13:00:00,6,19,26,51
2024-03-04 13:10:00,22,26,11,59
2024-03-04 13:20:00,11,28,30,69
2024-03-04 13:30:00,4,27,27,58
2024-03-04 13:40:00,3,21,34,58
2024-03-04 13:50:00,8,24,23,55
2024-03-04 14:00:00,11,18,17,46
2024-03-04 14:10:00,6,21,32,59
2024-03-04 14:20:00,3,22,26,51
2024-03-04 14:30:00,10,22,26,58
2024-03-04 14:40:00,6,28,22,56
2024-03-04 14:50:00,10,15,37,62
2024-03-04 15:00:00,12,18,29,59
2024-03-04 15:10:00,4,25,38,67
2024-03-04 15:20:00,4,24,28,56
2024-03-04 15:30:00,9,24,28,61
2024-03-04 15:40:00,6,26,39,71
2024-03-04 15:50:00,8,22,30,60
2024-03-04 16:00:00,4,33,42,79
2024-03-04 16:10:00,6,23,37,66
2024-03-04 16:20:00,13,19,31,63
2024-03-04 16:30:00,3,37,25,65
2024-03-04 16:40:00,9,26,45,80
2024-03-04 16:50:00,7,17,33,57
2024-03-04 17:00:00,8,26,24,58
2024-03-04 17:10:00,6,26,40,72
2024-03-04 17:20:00,5,25,35,65
2024-03-04 17:30:00,6,34,45,85
2024-03-04 17:40:00,6,22,47,75
2024-03-04 17:50:00,6,44,37,87
2024-03-04 18:00:00,10,31,50,91
2024-03-04 18:10:00,9,17,49,75
2024-03-04 18:20:00,4,12,62,78
2024-03-04 18:30:00,6,21,40,67
2024-03-04 18:40:00,5,20,43,68
2024-03-04 18:50:00,8,13,52,73
2024-03-04 19:00:00,4,20,27,51
2024-03-04 19:10:00,3,17,36,56
2024-03-04 19:20:00,4,16,29,49
2024-03-04 19:30:00,2,10,39,51
2024-03-04 19:40:00,5,10,21,36
2024-03-04 19:50:00,4,9,32,45
2024-03-04 20:00:00,2,12,25,39
2024-03-04 20:10:00,2,7,21,30
2024-03-04 20:20:00,1,12,11,24
2024-03-04 20:30:00,0,13,17,30
2024-03-04 20:40:00,1,9,21,31
2024-03-04 20:50:00,2,12,13,27
2024-03-04 21:00:00,2,8,13,23
2024-03-04 21:10:00,5,9,10,24
2024-03-04 21:20:00,1,9,10,20
2024-03-04 21:30:00,1,3,18,22
2024-03-04 21:40:00,1,8,10,19
2024-03-04 21:50:00,1,7,11,19
2024-03-04 22:00:00,0,4,10,14
2024-03-04 22:10:00,1,6,13,20
2024-03-04 22:20:00,1,10,8,19
2024-03-04 22:30:00,1,6,13,20
2024-03-04 22:40:00,3,6,11,20
2024-03-04 22:50:00,0,9,6,15
2024-03-04 23:00:00,1,5,6,12
2024-03-04 23:10:00,1,9,9,19
2024-03-04 23:20:00,0,4,2,6
2024-03-04 23:30:00,0,1,5,6
2024-03-04 23:40:00,0,1,3,4
2024-03-04 23:50:00,0,4,2,6
2024-03-05 00:00:00,0,3,4,7
2024-03-05 00:10:00,0,0,1,1
2024-03-05 00:20:00,0,3,0,3
2024-03-05 00:30:00,0,1,3,4
2024-03-05 00:40:00,0,1,2,3
2024-03-05 00:50:00,1,3,1,5
2024-03-05 01:00:00,0,2,1,3
2024-03-05 01:10:00,0,0,3,3
2024-03-05 01:20:00,0,0,0,0
2024-03-05 01:30:00,0,0,0,0
2024-03-05 01:40:00,0,1,0,1
2024-03-05 01:50:00,0,0,1,1
2024-03-05 02:00:00,0,0,0,0
2024-03-05 02:10:00,0,0,1,1
2024-03-05 02:20:00,0,0,0,0
2024-03-05 02:30:00,0,0,0,0
2024-03-05 02:40:00,0,1,0,1
2024-03-05 02:50:00,1,0,1,2
2024-03-05 03:00:00,0,1,0,1
2024-03-05 03:10:00,0,0,2,2
2024-03-05 03:20:00,0,0,0,0
2024-03-05 03:30:00,0,0,0,0
2024-03-05 03:40:00,0,1,0,1
2024-03-05 03:50:00,0,0,2,2
2024-03-05 04:00:00,0,1,5,6
2024-03-05 04:10:00,0,4,0,4
2024-03-05 04:20:00,0,2,0,2
2024-03-05 04:30:00,0,0,3,3
2024-03-05 04:40:00,0,1,0,1
2024-03-05 04:50:00,0,1,0,1
2024-03-05 05:00:00,0,0,9,9
2024-03-05 05:10:00,0,2,5,7
2024-03-05 05:20:00,1,4,6,11
2024-03-05 05:30:00,1,4,7,12
2024-03-05 05:40:00,0,4,9,13
2024-03-05 05:50:00,1,7,4,12
2024-03-05 06:00:00,0,6,10,16
2024-03-05 06:10:00,2,8,15,25
2024-03-05 06:20:00,2,8,10,20
2024-03-05 06:30:00,1,10,13,24
2024-03-05 06:40:00,0,10,8,18
2024-03-05 06:50:00,2,9,17,28
2024-03-05 07:00:00,2,15,22,39
2024-03-05 07:10:00,5,31,27,63
2024-03-05 07:20:00,12,30,29,71
2024-03-05 07:30:00,12,30,47,89
2024-03-05 07:40:00,17,39,53,109
2024-03-05 07:50:00,5,42,37,84
2024-03-05 08:00:00,7,36,45,88
2024-03-05 08:10:00,5,28,26,59
2024-03-05 08:20:00,7,27,30,64
2024-03-05 08:30:00,2,37,28,67
2024-03-05 08:40:00,7,24,24,55
2024-03-05 08:50:00,7,25,22,54
2024-03-05 09:00:00,6,25,20,51
2024-03-05 09:10:00,1,24,22,47
2024-03-05 09:20:00,4,15,18,37
2024-03-05 09:30:00,8,22,28,58
2024-03-05 09:40:00,5,24,20,49
2024-03-05 09:50:00,2,25,27,54
2024-03-05 10:00:00,8,26,24,58
2024-03-05 10:10:00,3,18,21,42
2024-03-05 10:20:00,4,16,29,49
2024-03-05 10:30:00,1,15,16,32
2024-03-05 10:40:00,3,23,21,47
2024-03-05 10:50:00,2,19,21,42
2024-03-05 11:00:00,5,28,26,59
2024-03-05 11:10:00,6,19,19,44
2024-03-05 11:20:00,8,18,24,50
2024-03-05 11:30:00,3,21,22,46
2024-03-05 11:40:00,5,31,34,70
2024-03-05 11:50:00,9,52,25,86
2024-03-05 12:00:00,3,31,23,57
2024-03-05 12:10:00,5,19,27,51
2024-03-05 12:20:00,9,23,28,60
2024-03-05 12:30:00,6,27,28,61
2024-03-05 12:40:00,9,16,19,44
2024-03-05 12:50:00,4,26,22,52
2024-03-05 13:00:00,7,18,29,54
2024-03-05 13:10:00,14,31,21,66
2024-03-05 13:20:00,7,26,20,53
2024-03-05 13:30:00,5,26,39,70
2024-03-05 13:40:00,7,22,28,57
2024-03-05 13:50:00,8,21,27,56
2024-03-05 14:00:00,12,23,28,63
2024-03-05 14:10:00,7,22,25,54
2024-03-05 14:20:00,7,27,29,63
2024-03-05 14:30:00,5,18,33,56
2024-03-05 14:40:00,7,15,29,51
2024-03-05 14:50:00,11,14,28,53
2024-03-05 15:00:00,7,26,31,64
2024-03-05 15:10:00,5,22,39,66
2024-03-05 15:20:00,8,23,36,67
2024-03-05 15:30:00,10,28,36,74
2024-03-05 15:40:00,3,26,39,68
2024-03-05 15:50:00,6,28,43,77
2024-03-05 16:00:00,5,24,38,67
2024-03-05 16:10:00,9,29,33,71
2024-03-05 16:20:00,7,28,19,54
2024-03-05 16:30:00,9,24,32,65
2024-03-05 16:40:00,7,23,35,65
2024-03-05 16:50:00,7,24,30,61
2024-03-05 17:00:00,9,25,32,66
2024-03-05 17:10:00,6,17,38,61
2024-03-05 17:20:00,6,27,30,63
2024-03-05 17:30:00,4,23,34,61
2024-03-05 17:40:00,7,26,38,71
2024-03-05 17:50:00,7,21,47,75
2024-03-05 18:00:00,9,35,38,82
2024-03-05 18:10:00,4,24,31,59
2024-03-05 18:20:00,5,18,25,48
2024-03-05 18:30:00,2,17,39,58
2024-03-05 18:40:00,5,24,50,79
2024-03-05 18:50:00,7,25,40,72
2024-03-05 19:00:00,4,20,37,61
2024-03-05 19:10:00,5,10,33,48
2024-03-05 19:20:00,2,13,39,54
2024-03-05 19:30:00,4,14,28,46
2024-03-05 19:40:00,3,13,14,30
2024-03-05 19:50:00,4,14,28,46
2024-03-05 20:00:00,3,13,18,34
2024-03-05 20:10:00,3,10,23,36
2024-03-05 20:20:00,1,7,22,30
2024-03-05 20:30:00,0,7,10,17
2024-03-05 20:40:00,2,13,7,22
2024-03-05 20:50:00,3,11,18,32
2024-03-05 21:00:00,1,11,12,24
2024-03-05 21:10:00,0,8,19,27
2024-03-05 21:20:00,0,7,3,10
2024-03-05 21:30:00,1,7,18,26
2024-03-05 21:40:00,1,5,17,23
2024-03-05 21:50:00,0,7,13,20
2024-03-05 22:00:00,0,10,11,21
2024-03-05 22:10:00,1,9,12,22
2024-03-05 22:20:00,1,4,13,18
2024-03-05 22:30:00,1,4,7,12
2024-03-05 22:40:00,0,3,16,19
2024-03-05 22:50:00,0,2,4,6
2024-03-05 23:00:00,5,8,11,24
2024-03-05 23:10:00,0,5,5,10
2024-03-05 23:20:00,0,6,4,10
2024-03-05 23:30:00,0,4,9,13
2024-03-05 23:40:00,0,1,5,6
2024-03-05 23:50:00,0,5,3,8
2024-03-06 00:00:00,0,4,4,8
2024-03-06 00:10:00,0,3,3,6
2024-03-06 00:20:00,1,3,7,11
2024-03-06 00:30:00,0,1,4,5
2024-03-06 00:40:00,1,1,5,7
2024-03-06 00:50:00,0,2,0,2
2024-03-06 01:00:00,0,1,0,1
2024-03-06 01:10:00,0,1,6,7
2024-03-06 01:20:00,0,0,3,3
2024-03-06 01:30:00,0,0,0,0
2024-03-06 01:40:00,0,0,0,0
2024-03-06 01:50:00,0,0,0,0
2024-03-06 02:00:00,0,0,4,4
2024-03-06 02:10:00,0,1,1,2
2024-03-06 02:20:00,0,1,0,1
2024-03-06 02:30:00,0,0,2,2
2024-03-06 02:40:00,0,0,0,0
2024-03-06 02:50:00,0,0,0,0
2024-03-06 03:00:00,0,1,1,2
2024-03-06 03:10:00,0,0,0,0
2024-03-06 03:20:00,0,0,2,2
2024-03-06 03:30:00,0,0,0,0
2024-03-06 03:40:00,0,3,0,3
2024-03-06 03:50:00,0,0,6,6
2024-03-06 04:00:00,0,0,3,3
2024-03-06 04:10:00,0,2,0,2
2024-03-06 04:20:00,0,1,0,1
2024-03-06 04:30:00,0,0,3,3
2024-03-06 04:40:00,0,1,0,1
2024-03-06 04:50:00,0,1,0,1
2024-03-06 05:00:00,1,0,4,5
2024-03-06 05:10:00,0,3,6,9
2024-03-06 05:20:00,0,1,3,4
2024-03-06 05:30:00,0,4,12,16
2024-03-06 05:40:00,1,3,7,11
2024-03-06 05:50:00,1,3,5,9
2024-03-06 06:00:00,1,5,6,12
2024-03-06 06:10:00,1,3,22,26
2024-03-06 06:20:00,0,6,9,15
2024-03-06 06:30:00,2,8,6,16
2024-03-06 06:40:00,0,10,13,23
2024-03-06 06:50:00,0,15,17,32
2024-03-06 07:00:00,2,27,19,48
2024-03-06 07:10:00,4,16,26,46
2024-03-06 07:20:00,14,15,26,55
2024-03-06 07:30:00,15,27,28,70
2024-03-06 07:40:00,16,36,39,91
2024-03-06 07:50:00,5,31,37,73
2024-03-06 08:00:00,6,31,23,60
2024-03-06 08:10:00,6,21,37,64
2024-03-06 08:20:00,4,27,27,58
2024-03-06 08:30:00,7,18,20,45
2024-03-06 08:40:00,4,39,22,65
2024-03-06 08:50:00,6,27,23,56
2024-03-06 09:00:00,3,18,29,50
2024-03-06 09:10:00,7,27,31,65
2024-03-06 09:20:00,12,20,23,55
2024-03-06 09:30:00,6,22,22,50
2024-03-06 09:40:00,6,19,24,49
2024-03-06 09:50:00,2,21,25,48
2024-03-06 10:00:00,2,24,19,45
2024-03-06 10:10:00,4,19,22,45
2024-03-06 10:20:00,4,18,17,39
2024-03-06 10:30:00,5,21,18,44
2024-03-06 10:40:00,5,17,17,39
2024-03-06 10:50:00,6,19,22,47
2024-03-06 11:00:00,4,26,21,51
2024-03-06 11:10:00,6,18,17,41
2024-03-06 11:20:00,4,23,20,47
2024-03-06 11:30:00,7,16,22,45
2024-03-06 11:40:00,2,13,10,25
2024-03-06 11:50:00,7,24,27,58
2024-03-06 12:00:00,7,25,30,62
2024-03-06 12:10:00,5,18,29,52
2024-03-06 12:20:00,5,27,28,60
2024-03-06 12:30:00,6,27,17,50
2024-03-06 12:40:00,7,26,23,56
2024-03-06 12:50:00,3,21,24,48
2024-03-06 13:00:00,12,22,24,58
2024-03-06 13:10:00,21,31,13,65
2024-03-06 13:20:00,12,27,25,64
2024-03-06 13:30:00,9,24,31,64
2024-03-06 13:40:00,10,19,29,58
2024-03-06 13:50:00,9,15,22,46
2024-03-06 14:00:00,18,24,24,66
2024-03-06 14:10:00,8,23,35,66
2024-03-06 14:20:00,8,37,26,71
2024-03-06 14:30:00,8,23,35,66
2024-03-06 14:40:00,4,32,34,70
2024-03-06 14:50:00,6,14,27,47
2024-03-06 15:00:00,8,29,16,53
2024-03-06 15:10:00,6,18,34,58
2024-03-06 15:20:00,8,15,28,51
2024-03-06 15:30:00,18,34,26,78
2024-03-06 15:40:00,11,34,25,70
2024-03-06 15:50:00,7,26,32,65
2024-03-06 16:00:00,10,24,27,61
2024-03-06 16:10:00,8,23,36,67
2024-03-06 16:20:00,7,28,29,64
2024-03-06 16:30:00,10,25,30,65
2024-03-06 16:40:00,7,30,25,62
2024-03-06 16:50:00,9,29,35,73
2024-03-06 17:00:00,9,30,22,61
2024-03-06 17:10:00,6,24,36,66
2024-03-06 17:20:00,11,25,36,72
2024-03-06 17:30:00,6,17,33,56
2024-03-06 17:40:00,8,29,27,64
2024-03-06 17:50:00,8,25,41,74
2024-03-06 18:00:00,7,28,33,68
2024-03-06 18:10:00,5,35,40,80
2024-03-06 18:20:00,5,16,32,53
2024-03-06 18:30:00,4,12,35,51
2024-03-06 18:40:00,2,19,29,50
2024-03-06 18:50:00,3,20,52,75
2024-03-06 19:00:00,2,7,37,46
2024-03-06 19:10:00,2,10,36,48
2024-03-06 19:20:00,8,11,25,44
2024-03-06 19:30:00,7,9,24,40
2024-03-06 19:40:00,2,15,23,40
2024-03-06 19:50:00,1,9,24,34
2024-03-06 20:00:00,0,12,14,26
2024-03-06 20:10:00,3,17,16,36
2024-03-06 20:20:00,0,17,9,26
2024-03-06 20:30:00,1,10,10,21
2024-03-06 20:40:00,1,11,22,34
2024-03-06 20:50:00,1,5,6,12
2024-03-06 21:00:00,4,15,8,27
2024-03-06 21:10:00,3,12,8,23
2024-03-06 21:20:00,2,7,17,26
2024-03-06 21:30:00,0,9,22,31
2024-03-06 21:40:00,4,9,18,31
2024-03-06 21:50:00,0,5,10,15
2024-03-06 22:00:00,1,10,11,22
2024-03-06 22:10:00,1,6,12,19
2024-03-06 22:20:00,2,11,4,17
2024-03-06 22:30:00,0,8,14,22
2024-03-06 22:40:00,1,8,10,19
2024-03-06 22:50:00,2,8,10,20
2024-03-06 23:00:00,0,3,12,15
2024-03-06 23:10:00,0,6,3,9
2024-03-06 23:20:00,0,3,3,6
2024-03-06 23:30:00,0,3,5,8
2024-03-06 23:40:00,0,3,4,7
2024-03-06 23:50:00,1,2,2,5
2024-03-07 00:00:00,0,2,6,8
2024-03-07 00:10:00,0,1,0,1
2024-03-07 00:20:00,1,1,0,2
2024-03-07 00:30:00,0,3,2,5
2024-03-07 00:40:00,0,2,2,4
2024-03-07 00:50:00,1,6,2,9
2024-03-07 01:00:00,0,0,1,1
2024-03-07 01:10:00,0,0,2,2
2024-03-07 01:20:00,1,0,1,2
2024-03-07 01:30:00,0,0,0,0
2024-03-07 01:40:00,0,0,1,1
2024-03-07 01:50:00,0,1,0,1
2024-03-07 02:00:00,0,1,1,2
2024-03-07 02:10:00,0,0,1,1
2024-03-07 02:20:00,0,0,0,0
2024-03-07 02:30:00,0,0,0,0
2024-03-07 02:40:00,0,0,0,0
2024-03-07 02:50:00,0,0,0,0
2024-03-07 03:00:00,0,0,0,0
2024-03-07 03:10:00,0,1,0,1
2024-03-07 03:20:00,0,0,0,0
2024-03-07 03:30:00,0,0,0,0
2024-03-07 03:40:00,0,1,0,1
2024-03-07 03:50:00,0,1,1,2
2024-03-07 04:00:00,0,0,3,3
2024-03-07 04:10:00,0,1,5,6
2024-03-07 04:20:00,0,1,0,1
2024-03-07 04:30:00,0,1,3,4
2024-03-07 04:40:00,0,2,0,2
2024-03-07 04:50:00,0,2,0,2
2024-03-07 05:00:00,0,0,2,2
2024-03-07 05:10:00,0,0,0,0
2024-03-07 05:20:00,0,0,0,0
2024-03-07 05:30:00,0,0,0,0
2024-03-07 05:40:00,0,0,0,0
2024-03-07 05:50:00,0,0,0,0
2024-03-07 06:00:00,0,0,0,0
2024-03-07 06:10:00,0,0,0,0
2024-03-07 06:20:00,0,0,0,0
2024-03-07 06:30:00,0,0,0,0
2024-03-07 06:40:00,0,0,0,0
2024-03-07 06:50:00,0,0,0,0
2024-03-07 07:00:00,0,0,0,0
2024-03-07 07:10:00,0,0,0,0
2024-03-07 07:20:00,0,0,0,0
2024-03-07 07:30:00,0,0,0,0
2024-03-07 07:40:00,0,0,0,0
2024-03-07 07:50:00,0,0,0,0
2024-03-07 08:00:00,0,0,0,0
2024-03-07 08:10:00,0,0,0,0
2024-03-07 08:20:00,0,0,0,0
2024-03-07 08:30:00,0,0,0,0
2024-03-07 08:40:00,0,0,0,0
2024-03-07 08:50:00,0,0,0,0
2024-03-07 09:00:00,0,0,0,0
2024-03-07 09:10:00,0,0,0,0
2024-03-07 09:20:00,0,0,0,0
2024-03-07 09:30:00,0,0,0,0
2024-03-07 09:40:00,0,0,0,0
2024-03-07 09:50:00,0,0,0,0
2024-03-07 10:00:00,0,0,0,0
2024-03-07 10:10:00,0,0,0,0
2024-03-07 10:20:00,0,0,0,0
2024-03-07 10:30:00,0,0,0,0
2024-03-07 10:40:00,0,0,0,0
2024-03-07 10:50:00,0,0,0,0
2024-03-07 11:00:00,0,0,0,0
2024-03-07 11:10:00,0,0,0,0
2024-03-07 11:20:00,0,0,0,0
2024-03-07 11:30:00,0,0,0,0
2024-03-07 11:40:00,0,0,0,0
2024-03-07 11:50:00,0,0,0,0
2024-03-07 12:00:00,0,0,0,0
2024-03-07 12:10:00,0,0,0,0
2024-03-07 12:20:00,0,0,0,0
2024-03-07 12:30:00,0,0,0,0
2024-03-07 12:40:00,0,0,0,0
2024-03-07 12:50:00,0,0,0,0
2024-03-07 13:00:00,0,0,0,0
2024-03-07 13:10:00,0,0,0,0
2024-03-07 13:20:00,0,0,0,0
2024-03-07 13:30:00,0,0,0,0
2024-03-07 13:40:00,0,0,0,0
2024-03-07 13:50:00,0,0,0,0
2024-03-07 14:00:00,0,0,0,0
2024-03-07 14:10:00,0,0,0,0
2024-03-07 14:20:00,0,0,0,0
2024-03-07 14:30:00,0,0,0,0
2024-03-07 14:40:00,0,0,0,0
2024-03-07 14:50:00,0,0,0,0
2024-03-07 15:00:00,0,0,0,0
2024-03-07 15:10:00,0,0,0,0
2024-03-07 15:20:00,0,0,0,0
2024-03-07 15:30:00,0,0,0,0
2024-03-07 15:40:00,0,0,0,0
2024-03-07 15:50:00,0,0,0,0
2024-03-07 16:00:00,0,0,0,0
2024-03-07 16:10:00,0,0,0,0
2024-03-07 16:20:00,0,0,0,0
2024-03-07 16:30:00,0,0,0,0
2024-03-07 16:40:00,0,0,0,0
2024-03-07 16:50:00,0,0,0,0
2024-03-07 17:00:00,0,0,0,0
2024-03-07 17:10:00,0,0,0,0
2024-03-07 17:20:00,0,0,0,0
2024-03-07 17:30:00,0,0,0,0
2024-03-07 17:40:00,0,0,0,0
2024-03-07 17:50:00,0,0,0,0
2024-03-07 18:00:00,0,0,0,0
2024-03-07 18:10:00,0,0,0,0
2024-03-07 18:20:00,0,0,0,0
2024-03-07 18:30:00,0,0,0,0
2024-03-07 18:40:00,0,0,0,0
2024-03-07 18:50:00,0,0,0,0
2024-03-07 19:00:00,0,0,0,0
2024-03-07 19:10:00,0,0,0,0
2024-03-07 19:20:00,0,0,0,0
2024-03-07 19:30:00,0,0,0,0
2024-03-07 19:40:00,0,0,0,0
2024-03-07 19:50:00,0,0,0,0
2024-03-07 20:00:00,0,0,0,0
2024-03-07 20:10:00,0,0,0,0
2024-03-07 20:20:00,0,0,0,0
2024-03-07 20:30:00,0,0,0,0
2024-03-07 20:40:00,0,0,0,0
2024-03-07 20:50:00,0,0,0,0
2024-03-07 21:00:00,0,0,0,0
2024-03-07 21:10:00,0,0,0,0
2024-03-07 21:20:00,0,0,0,0
2024-03-07 21:30:00,0,0,0,0
2024-03-07 21:40:00,0,0,0,0
2024-03-07 21:50:00,0,0,0,0
2024-03-07 22:00:00,0,0,0,0
2024-03-07 22:10:00,0,0,0,0
2024-03-07 22:20:00,0,0,0,0
2024-03-07 22:30:00,0,0,0,0
2024-03-07 22:40:00,0,0,0,0
2024-03-07 22:50:00,0,0,0,0
2024-03-07 23:00:00,0,0,0,0
2024-03-07 23:10:00,0,0,0,0
2024-03-07 23:20:00,0,0,0,0
2024-03-07 23:30:00,0,0,0,0
2024-03-07 23:40:00,0,0,0,0
2024-03-07 23:50:00,0,0,0,0
2024-03-08 00:00:00,0,0,0,0
2024-03-08 00:10:00,0,0,0,0
2024-03-08 00:20:00,0,0,0,0
2024-03-08 00:30:00,0,0,0,0
2024-03-08 00:40:00,0,0,0,0
2024-03-08 00:50:00,0,0,0,0
2024-03-08 01:00:00,0,0,0,0
2024-03-08 01:10:00,0,0,0,0
2024-03-08 01:20:00,0,0,0,0
2024-03-08 01:30:00,0,0,0,0
2024-03-08 01:40:00,0,0,0,0
2024-03-08 01:50:00,0,0,0,0
2024-03-08 02:00:00,0,0,0,0
2024-03-08 02:10:00,0,0,0,0
2024-03-08 02:20:00,0,0,0,0
2024-03-08 02:30:00,0,0,0,0
2024-03-08 02:40:00,0,0,0,0
2024-03-08 02:50:00,0,0,0,0
2024-03-08 03:00:00,0,0,0,0
2024-03-08 03:10:00,0,0,0,0
2024-03-08 03:20:00,0,0,0,0
2024-03-08 03:30:00,0,0,0,0
2024-03-08 03:40:00,0,0,0,0
2024-03-08 03:50:00,0,0,0,0
2024-03-08 04:00:00,0,0,0,0
2024-03-08 04:10:00,0,0,0,0
2024-03-08 04:20:00,0,0,0,0
2024-03-08 04:30:00,0,0,0,0
2024-03-08 04:40:00,0,0,0,0
2024-03-08 04:50:00,0,0,0,0
2024-03-08 05:00:00,0,0,0,0
2024-03-08 05:10:00,0,0,0,0
2024-03-08 05:20:00,0,0,0,0
2024-03-08 05:30:00,0,0,0,0
2024-03-08 05:40:00,0,0,0,0
2024-03-08 05:50:00,0,0,0,0
2024-03-08 06:00:00,0,0,0,0
2024-03-08 06:10:00,0,0,0,0
2024-03-08 06:20:00,0,0,0,0
2024-03-08 06:30:00,0,0,0,0
2024-03-08 06:40:00,0,0,0,0
2024-03-08 06:50:00,0,0,0,0
2024-03-08 07:00:00,0,0,0,0
2024-03-08 07:10:00,0,0,0,0
2024-03-08 07:20:00,0,0,0,0
2024-03-08 07:30:00,0,0,0,0
2024-03-08 07:40:00,0,0,0,0
2024-03-08 07:50:00,0,0,0,0
2024-03-08 08:00:00,0,0,0,0
2024-03-08 08:10:00,0,0,0,0
2024-03-08 08:20:00,0,0,0,0
2024-03-08 08:30:00,0,0,0,0
2024-03-08 08:40:00,0,0,0,0
2024-03-08 08:50:00,0,0,0,0
2024-03-08 09:00:00,0,0,0,0
2024-03-08 09:10:00,0,0,0,0
2024-03-08 09:20:00,0,0,0,0
2024-03-08 09:30:00,0,0,0,0
2024-03-08 09:40:00,0,0,0,0
2024-03-08 09:50:00,0,0,0,0
2024-03-08 10:00:00,0,0,0,0
2024-03-08 10:10:00,0,0,0,0
2024-03-08 10:20:00,0,0,0,0
2024-03-08 10:30:00,0,0,0,0
2024-03-08 10:40:00,0,0,0,0
2024-03-08 10:50:00,0,0,0,0
2024-03-08 11:00:00,0,0,0,0
2024-03-08 11:10:00,0,0,0,0
2024-03-08 11:20:00,0,0,0,0
2024-03-08 11:30:00,0,0,0,0
2024-03-08 11:40:00,0,0,0,0
2024-03-08 11:50:00,0,0,0,0
2024-03-08 12:00:00,0,0,0,0
2024-03-08 12:10:00,0,0,0,0
2024-03-08 12:20:00,0,0,0,0
2024-03-08 12:30:00,0,0,0,0
2024-03-08 12:40:00,0,0,0,0
2024-03-08 12:50:00,0,0,0,0
2024-03-08 13:00:00,0,0,0,0
2024-03-08 13:10:00,0,0,0,0
2024-03-08 13:20:00,0,0,0,0
2024-03-08 13:30:00,0,0,0,0
2024-03-08 13:40:00,0,0,0,0
2024-03-08 13:50:00,0,0,0,0
2024-03-08 14:00:00,0,0,0,0
2024-03-08 14:10:00,0,0,0,0
2024-03-08 14:20:00,0,0,0,0
2024-03-08 14:30:00,0,0,0,0
2024-03-08 14:40:00,0,0,0,0
2024-03-08 14:50:00,0,0,0,0
2024-03-08 15:00:00,0,0,0,0
2024-03-08 15:10:00,0,0,0,0
2024-03-08 15:20:00,0,0,0,0
2024-03-08 15:30:00,0,0,0,0
2024-03-08 15:40:00,0,0,0,0
2024-03-08 15:50:00,0,0,0,0
2024-03-08 16:00:00,0,0,0,0
2024-03-08 16:10:00,0,0,0,0
2024-03-08 16:20:00,0,0,0,0
2024-03-08 16:30:00,0,0,0,0
2024-03-08 16:40:00,0,0,0,0
2024-03-08 16:50:00,0,0,0,0
2024-03-08 17:00:00,0,0,0,0
2024-03-08 17:10:00,0,0,0,0
2024-03-08 17:20:00,0,0,0,0
2024-03-08 17:30:00,0,0,0,0
2024-03-08 17:40:00,0,0,0,0
2024-03-08 17:50:00,0,0,0,0
2024-03-08 18:00:00,0,0,0,0
2024-03-08 18:10:00,0,0,0,0
2024-03-08 18:20:00,0,0,0,0
2024-03-08 18:30:00,0,0,0,0
2024-03-08 18:40:00,0,0,0,0
2024-03-08 18:50:00,0,0,0,0
2024-03-08 19:00:00,0,0,0,0
2024-03-08 19:10:00,0,0,0,0
2024-03-08 19:20:00,0,0,0,0
2024-03-08 19:30:00,0,0,0,0
2024-03-08 19:40:00,0,0,0,0
2024-03-08 19:50:00,0,0,0,0
2024-03-08 20:00:00,0,0,0,0
2024-03-08 20:10:00,0,0,0,0
2024-03-08 20:20:00,0,0,0,0
2024-03-08 20:30:00,0,0,0,0
2024-03-08 20:40:00,0,0,0,0
2024-03-08 20:50:00,0,0,0,0
2024-03-08 21:00:00,0,0,0,0
2024-03-08 21:10:00,0,0,0,0
2024-03-08 21:20:00,0,0,0,0
2024-03-08 21:30:00,0,0,0,0
2024-03-08 21:40:00,0,0,0,0
2024-03-08 21:50:00,0,0,0,0
2024-03-08 22:00:00,0,0,0,0
2024-03-08 22:10:00,0,0,0,0
2024-03-08 22:20:00,0,0,0,0
2024-03-08 22:30:00,0,0,0,0
2024-03-08 22:40:00,0,0,0,0
2024-03-08 22:50:00,0,0,0,0
2024-03-08 23:00:00,0,0,0,0
2024-03-08 23:10:00,0,0,0,0
2024-03-08 23:20:00,0,0,0,0
2024-03-08 23:30:00,0,0,0,0
2024-03-08 23:40:00,0,0,0,0
2024-03-08 23:50:00,0,0,0,0
2024-03-09 00:00:00,0,0,0,0
2024-03-09 00:10:00,0,0,0,0
2024-03-09 00:20:00,0,0,0,0
2024-03-09 00:30:00,0,0,0,0
2024-03-09 00:40:00,0,0,0,0
2024-03-09 00:50:00,0,0,0,0
2024-03-09 01:00:00,0,0,0,0
2024-03-09 01:10:00,0,0,0,0
2024-03-09 01:20:00,0,0,0,0
2024-03-09 01:30:00,0,0,0,0
2024-03-09 01:40:00,0,0,0,0
2024-03-09 01:50:00,0,0,0,0
2024-03-09 02:00:00,0,0,0,0
2024-03-09 02:10:00,0,0,0,0
2024-03-09 02:20:00,0,0,0,0
2024-03-09 02:30:00,0,0,0,0
2024-03-09 02:40:00,0,0,0,0
2024-03-09 02:50:00,0,0,0,0
2024-03-09 03:00:00,0,0,0,0
2024-03-09 03:10:00,0,0,0,0
2024-03-09 03:20:00,0,0,0,0
2024-03-09 03:30:00,0,0,0,0
2024-03-09 03:40:00,0,0,0,0
2024-03-09 03:50:00,0,0,0,0
2024-03-09 04:00:00,0,0,0,0
2024-03-09 04:10:00,0,0,0,0
2024-03-09 04:20:00,0,0,0,0
2024-03-09 04:30:00,0,0,0,0
2024-03-09 04:40:00,0,0,0,0
2024-03-09 04:50:00,0,0,0,0
2024-03-09 05:00:00,0,0,0,0
2024-03-09 05:10:00,0,0,0,0
2024-03-09 05:20:00,0,0,0,0
2024-03-09 05:30:00,0,0,0,0
2024-03-09 05:40:00,0,0,0,0
2024-03-09 05:50:00,0,0,0,0
2024-03-09 06:00:00,0,0,0,0
2024-03-09 06:10:00,0,0,0,0
2024-03-09 06:20:00,0,0,0,0
2024-03-09 06:30:00,0,0,0,0
2024-03-09 06:40:00,0,0,0,0
2024-03-09 06:50:00,0,0,0,0
2024-03-09 07:00:00,0,0,0,0
2024-03-09 07:10:00,0,0,0,0
2024-03-09 07:20:00,0,0,0,0
2024-03-09 07:30:00,0,0,0,0
2024-03-09 07:40:00,0,0,0,0
2024-03-09 07:50:00,0,0,0,0
2024-03-09 08:00:00,0,0,0,0
2024-03-09 08:10:00,0,0,0,0
2024-03-09 08:20:00,0,0,0,0
2024-03-09 08:30:00,0,0,0,0
2024-03-09 08:40:00,0,0,0,0
2024-03-09 08:50:00,0,0,0,0
2024-03-09 09:00:00,0,0,0,0
2024-03-09 09:10:00,0,0,0,0
2024-03-09 09:20:00,0,0,0,0
2024-03-09 09:30:00,0,0,0,0
2024-03-09 09:40:00,0,0,0,0
2024-03-09 09:50:00,0,0,0,0
2024-03-09 10:00:00,0,0,0,0
2024-03-09 10:10:00,0,0,0,0
2024-03-09 10:20:00,0,0,0,0
2024-03-09 10:30:00,0,0,0,0
2024-03-09 10:40:00,0,0,0,0
2024-03-09 10:50:00,0,0,0,0
2024-03-09 11:00:00,0,0,0,0
2024-03-09 11:10:00,0,0,0,0
2024-03-09 11:20:00,0,0,0,0
2024-03-09 11:30:00,0,0,0,0
2024-03-09 11:40:00,0,0,0,0
2024-03-09 11:50:00,0,0,0,0
2024-03-09 12:00:00,0,0,0,0
2024-03-09 12:10:00,0,0,0,0
2024-03-09 12:20:00,0,0,0,0
2024-03-09 12:30:00,0,0,0,0
2024-03-09 12:40:00,0,0,0,0
2024-03-09 12:50:00,0,0,0,0
2024-03-09 13:00:00,0,0,0,0
2024-03-09 13:10:00,0,0,0,0
2024-03-09 13:20:00,0,0,0,0
2024-03-09 13:30:00,0,0,0,0
2024-03-09 13:40:00,0,0,0,0
2024-03-09 13:50:00,0,0,0,0
2024-03-09 14:00:00,0,0,0,0
2024-03-09 14:10:00,0,0,0,0
2024-03-09 14:20:00,0,0,0,0
2024-03-09 14:30:00,0,0,0,0
2024-03-09 14:40:00,0,0,0,0
2024-03-09 14:50:00,0,0,0,0
2024-03-09 15:00:00,0,0,0,0
2024-03-09 15:10:00,0,0,0,0
2024-03-09 15:20:00,0,0,0,0
2024-03-09 15:30:00,0,0,0,0
2024-03-09 15:40:00,0,0,0,0
2024-03-09 15:50:00,0,0,0,0
2024-03-09 16:00:00,0,0,0,0
2024-03-09 16:10:00,0,0,0,0
2024-03-09 16:20:00,0,0,0,0
2024-03-09 16:30:00,0,0,0,0
2024-03-09 16:40:00,0,0,0,0
2024-03-09 16:50:00,0,0,0,0
2024-03-09 17:00:00,0,0,0,0
2024-03-09 17:10:00,0,0,0,0
2024-03-09 17:20:00,0,0,0,0
2024-03-09 17:30:00,0,0,0,0
2024-03-09 17:40:00,0,0,0,0
2024-03-09 17:50:00,0,0,0,0
2024-03-09 18:00:00,0,0,0,0
2024-03-09 18:10:00,0,0,0,0
2024-03-09 18:20:00,0,0,0,0
2024-03-09 18:30:00,0,0,0,0
2024-03-09 18:40:00,0,0,0,0
2024-03-09 18:50:00,0,0,0,0
2024-03-09 19:00:00,0,0,0,0
2024-03-09 19:10:00,0,0,0,0
2024-03-09 19:20:00,0,0,0,0
2024-03-09 19:30:00,0,0,0,0
2024-03-09 19:40:00,0,0,0,0
2024-03-09 19:50:00,0,0,0,0
2024-03-09 20:00:00,0,0,0,0
2024-03-09 20:10:00,0,0,0,0
2024-03-09 20:20:00,0,0,0,0
2024-03-09 20:30:00,0,0,0,0
2024-03-09 20:40:00,0,0,0,0
2024-03-09 20:50:00,0,0,0,0
2024-03-09 21:00:00,0,0,0,0
2024-03-09 21:10:00,0,0,0,0
2024-03-09 21:20:00,0,0,0,0
2024-03-09 21:30:00,0,0,0,0
2024-03-09 21:40:00,0,0,0,0
2024-03-09 21:50:00,0,0,0,0
2024-03-09 22:00:00,0,0,0,0
2024-03-09 22:10:00,0,0,0,0
2024-03-09 22:20:00,0,0,0,0
2024-03-09 22:30:00,0,0,0,0
2024-03-09 22:40:00,0,0,0,0
2024-03-09 22:50:00,0,0,0,0
2024-03-09 23:00:00,0,0,0,0
2024-03-09 23:10:00,0,0,0,0
2024-03-09 23:20:00,0,0,0,0
2024-03-09 23:30:00,0,0,0,0
2024-03-09 23:40:00,0,0,0,0
2024-03-09 23:50:00,0,0,0,0
2024-03-10 00:00:00,0,0,0,0
2024-03-10 00:10:00,0,0,0,0
2024-03-10 00:20:00,0,0,0,0
2024-03-10 00:30:00,0,0,0,0
2024-03-10 00:40:00,0,0,0,0
2024-03-10 00:50:00,0,0,0,0
2024-03-10 01:00:00,0,0,0,0
2024-03-10 01:10:00,0,0,0,0
2024-03-10 01:20:00,0,0,0,0
2024-03-10 01:30:00,0,0,0,0
2024-03-10 01:40:00,0,0,0,0
2024-03-10 01:50:00,0,0,0,0
2024-03-10 02:00:00,0,0,0,0
2024-03-10 02:10:00,0,0,0,0
2024-03-10 02:20:00,0,0,0,0
2024-03-10 02:30:00,0,0,0,0
2024-03-10 02:40:00,0,0,0,0
2024-03-10 02:50:00,0,0,0,0
2024-03-10 03:00:00,0,0,0,0
2024-03-10 03:10:00,0,0,0,0
2024-03-10 03:20:00,0,0,0,0
2024-03-10 03:30:00,0,0,0,0
2024-03-10 03:40:00,0,0,0,0
2024-03-10 03:50:00,0,0,0,0
2024-03-10 04:00:00,0,0,0,0
2024-03-10 04:10:00,0,0,0,0
2024-03-10 04:20:00,0,0,0,0
2024-03-10 04:30:00,0,0,0,0
2024-03-10 04:40:00,0,0,0,0
2024-03-10 04:50:00,0,0,0,0
2024-03-10 05:00:00,0,0,0,0
2024-03-10 05:10:00,0,0,0,0
2024-03-10 05:20:00,0,0,0,0
2024-03-10 05:30:00,0,0,0,0
2024-03-10 05:40:00,0,0,0,0
2024-03-10 05:50:00,0,0,0,0
2024-03-10 06:00:00,0,0,0,0
2024-03-10 06:10:00,0,0,0,0
2024-03-10 06:20:00,0,0,0,0
2024-03-10 06:30:00,0,0,0,0
2024-03-10 06:40:00,0,0,0,0
2024-03-10 06:50:00,0,0,0,0
2024-03-10 07:00:00,0,0,0,0
2024-03-10 07:10:00,0,0,0,0
2024-03-10 07:20:00,0,0,0,0
2024-03-10 07:30:00,0,0,0,0
2024-03-10 07:40:00,0,0,0,0
2024-03-10 07:50:00,0,0,0,0
2024-03-10 08:00:00,0,0,0,0
2024-03-10 08:10:00,0,0,0,0
2024-03-10 08:20:00,0,0,0,0
2024-03-10 08:30:00,0,0,0,0
2024-03-10 08:40:00,0,0,0,0
2024-03-10 08:50:00,0,0,0,0
2024-03-10 09:00:00,0,0,0,0
2024-03-10 09:10:00,0,0,0,0
2024-03-10 09:20:00,0,0,0,0
2024-03-10 09:30:00,0,0,0,0
2024-03-10 09:40:00,0,0,0,0
2024-03-10 09:50:00,0,0,0,0
2024-03-10 10:00:00,0,0,0,0
2024-03-10 10:10:00,0,0,0,0
2024-03-10 10:20:00,0,0,0,0
2024-03-10 10:30:00,0,0,0,0
2024-03-10 10:40:00,0,0,0,0
2024-03-10 10:50:00,0,0,0,0
2024-03-10 11:00:00,0,0,0,0
2024-03-10 11:10:00,0,0,0,0
2024-03-10 11:20:00,0,0,0,0
2024-03-10 11:30:00,0,0,0,0
2024-03-10 11:40:00,0,0,0,0
2024-03-10 11:50:00,0,0,0,0
2024-03-10 12:00:00,0,0,0,0
2024-03-10 12:10:00,0,0,0,0
2024-03-10 12:20:00,0,0,0,0
2024-03-10 12:30:00,0,0,0,0
2024-03-10 12:40:00,0,0,0,0
2024-03-10 12:50:00,0,0,0,0
2024-03-10 13:00:00,0,0,0,0
2024-03-10 13:10:00,0,0,0,0
2024-03-10 13:20:00,0,0,0,0
2024-03-10 13:30:00,0,0,0,0
2024-03-10 13:40:00,0,0,0,0
2024-03-10 13:50:00,0,0,0,0
2024-03-10 14:00:00,0,0,0,0
2024-03-10 14:10:00,0,0,0,0
2024-03-10 14:20:00,0,0,0,0
2024-03-10 14:30:00,0,0,0,0
2024-03-10 14:40:00,0,0,0,0
2024-03-10 14:50:00,0,0,0,0
2024-03-10 15:00:00,0,0,0,0
2024-03-10 15:10:00,0,0,0,0
2024-03-10 15:20:00,0,0,0,0
2024-03-10 15:30:00,0,0,0,0
2024-03-10 15:40:00,0,0,0,0
2024-03-10 15:50:00,0,0,0,0
2024-03-10 16:00:00,0,0,0,0
2024-03-10 16:10:00,0,0,0,0
2024-03-10 16:20:00,0,0,0,0
2024-03-10 16:30:00,0,0,0,0
2024-03-10 16:40:00,0,0,0,0
2024-03-10 16:50:00,0,0,0,0
2024-03-10 17:00:00,0,0,0,0
2024-03-10 17:10:00,0,0,0,0
2024-03-10 17:20:00,0,0,0,0
2024-03-10 17:30:00,0,0,0,0
2024-03-10 17:40:00,0,0,0,0
2024-03-10 17:50:00,0,0,0,0
2024-03-10 18:00:00,0,0,0,0
2024-03-10 18:10:00,0,0,0,0
2024-03-10 18:20:00,0,0,0,0
2024-03-10 18:30:00,0,0,0,0
2024-03-10 18:40:00,0,0,0,0
2024-03-10 18:50:00,0,0,0,0
2024-03-10 19:00:00,0,0,0,0
2024-03-10 19:10:00,0,0,0,0
2024-03-10 19:20:00,0,0,0,0
2024-03-10 19:30:00,0,0,0,0
2024-03-10 19:40:00,0,0,0,0
2024-03-10 19:50:00,0,0,0,0
2024-03-10 20:00:00,0,0,0,0
2024-03-10 20:10:00,0,0,0,0
2024-03-10 20:20:00,0,0,0,0
2024-03-10 20:30:00,0,0,0,0
2024-03-10 20:40:00,0,0,0,0
2024-03-10 20:50:00,0,0,0,0
2024-03-10 21:00:00,0,0,0,0
2024-03-10 21:10:00,0,0,0,0
2024-03-10 21:20:00,0,0,0,0
2024-03-10 21:30:00,0,0,0,0
2024-03-10 21:40:00,0,0,0,0
2024-03-10 21:50:00,0,0,0,0
2024-03-10 22:00:00,0,0,0,0
2024-03-10 22:10:00,0,0,0,0
2024-03-10 22:20:00,0,0,0,0
2024-03-10 22:30:00,0,0,0,0
2024-03-10 22:40:00,0,0,0,0
2024-03-10 22:50:00,0,0,0,0
2024-03-10 23:00:00,0,0,0,0
2024-03-10 23:10:00,0,0,0,0
2024-03-10 23:20:00,0,0,0,0
2024-03-10 23:30:00,0,0,0,0
2024-03-10 23:40:00,0,0,0,0
2024-03-10 23:50:00,0,0,0,0
2024-03-11 00:00:00,0,0,0,0
2024-03-11 00:10:00,0,0,0,0
2024-03-11 00:20:00,0,0,0,0
2024-03-11 00:30:00,0,0,0,0
2024-03-11 00:40:00,0,0,0,0
2024-03-11 00:50:00,0,0,0,0
2024-03-11 01:00:00,0,0,0,0
2024-03-11 01:10:00,0,0,0,0
2024-03-11 01:20:00,0,0,0,0
2024-03-11 01:30:00,0,0,0,0
2024-03-11 01:40:00,0,0,0,0
2024-03-11 01:50:00,0,0,0,0
2024-03-11 02:00:00,0,0,0,0
2024-03-11 02:10:00,0,0,0,0
2024-03-11 02:20:00,0,0,0,0
2024-03-11 02:30:00,0,0,0,0
2024-03-11 02:40:00,0,0,0,0
2024-03-11 02:50:00,0,0,0,0
2024-03-11 03:00:00,0,0,0,0
2024-03-11 03:10:00,0,0,0,0
2024-03-11 03:20:00,0,0,0,0
2024-03-11 03:30:00,0,0,0,0
2024-03-11 03:40:00,0,0,0,0
2024-03-11 03:50:00,0,0,0,0
2024-03-11 04:00:00,0,0,0,0
2024-03-11 04:10:00,0,0,0,0
2024-03-11 04:20:00,0,0,0,0
2024-03-11 04:30:00,0,0,0,0
2024-03-11 04:40:00,0,0,0,0
2024-03-11 04:50:00,0,0,0,0
2024-03-11 05:00:00,0,0,0,0
2024-03-11 05:10:00,0,0,0,0
2024-03-11 05:20:00,0,0,0,0
2024-03-11 05:30:00,0,0,0,0
2024-03-11 05:40:00,0,0,0,0
2024-03-11 05:50:00,0,0,0,0
2024-03-11 06:00:00,0,0,0,0
2024-03-11 06:10:00,0,0,0,0
2024-03-11 06:20:00,0,0,0,0
2024-03-11 06:30:00,0,0,0,0
2024-03-11 06:40:00,0,0,0,0
2024-03-11 06:50:00,0,0,0,0
2024-03-11 07:00:00,0,0,0,0
2024-03-11 07:10:00,0,0,0,0
2024-03-11 07:20:00,0,0,0,0
2024-03-11 07:30:00,0,0,0,0
2024-03-11 07:40:00,0,0,0,0
2024-03-11 07:50:00,0,0,0,0
2024-03-11 08:00:00,0,0,0,0
2024-03-11 08:10:00,0,0,0,0
2024-03-11 08:20:00,0,0,0,0
2024-03-11 08:30:00,0,0,0,0
2024-03-11 08:40:00,0,0,0,0
2024-03-11 08:50:00,0,0,0,0
2024-03-11 09:00:00,0,0,0,0
2024-03-11 09:10:00,0,0,0,0
2024-03-11 09:20:00,0,0,0,0
2024-03-11 09:30:00,0,0,0,0
2024-03-11 09:40:00,0,0,0,0
2024-03-11 09:50:00,0,0,0,0
2024-03-11 10:00:00,0,0,0,0
2024-03-11 10:10:00,0,0,0,0
2024-03-11 10:20:00,0,0,0,0
2024-03-11 10:30:00,0,0,0,0
2024-03-11 10:40:00,0,0,0,0
2024-03-11 10:50:00,0,0,0,0
2024-03-11 11:00:00,0,0,0,0
2024-03-11 11:10:00,0,0,0,0
2024-03-11 11:20:00,0,0,0,0
2024-03-11 11:30:00,0,0,0,0
2024-03-11 11:40:00,0,0,0,0
2024-03-11 11:50:00,0,0,0,0
2024-03-11 12:00:00,0,0,0,0
2024-03-11 12:10:00,0,0,0,0
2024-03-11 12:20:00,0,0,0,0
2024-03-11 12:30:00,0,0,0,0
2024-03-11 12:40:00,0,0,0,0
2024-03-11 12:50:00,0,0,0,0
2024-03-11 13:00:00,0,0,0,0
2024-03-11 13:10:00,0,0,0,0
2024-03-11 13:20:00,0,0,0,0
2024-03-11 13:30:00,0,0,0,0
2024-03-11 13:40:00,0,0,0,0
2024-03-11 13:50:00,0,0,0,0
2024-03-11 14:00:00,0,0,0,0
2024-03-11 14:10:00,0,0,0,0
2024-03-11 14:20:00,0,0,0,0
2024-03-11 14:30:00,0,0,0,0
2024-03-11 14:40:00,0,0,0,0
2024-03-11 14:50:00,0,0,0,0
2024-03-11 15:00:00,0,0,0,0
2024-03-11 15:10:00,0,0,0,0
2024-03-11 15:20:00,0,0,0,0
2024-03-11 15:30:00,0,0,0,0
2024-03-11 15:40:00,0,0,0,0
2024-03-11 15:50:00,0,0,0,0
2024-03-11 16:00:00,0,0,0,0
2024-03-11 16:10:00,0,0,0,0
2024-03-11 16:20:00,0,0,0,0
2024-03-11 16:30:00,0,0,0,0
2024-03-11 16:40:00,0,0,0,0
2024-03-11 16:50:00,0,0,0,0
2024-03-11 17:00:00,0,0,0,0
2024-03-11 17:10:00,0,0,0,0
2024-03-11 17:20:00,0,0,0,0
2024-03-11 17:30:00,0,0,0,0
2024-03-11 17:40:00,0,0,0,0
2024-03-11 17:50:00,0,0,0,0
2024-03-11 18:00:00,0,0,0,0
2024-03-11 18:10:00,0,0,0,0
2024-03-11 18:20:00,0,0,0,0
2024-03-11 18:30:00,0,0,0,0
2024-03-11 18:40:00,0,0,0,0
2024-03-11 18:50:00,0,0,0,0
2024-03-11 19:00:00,0,0,0,0
2024-03-11 19:10:00,0,0,0,0
2024-03-11 19:20:00,0,0,0,0
2024-03-11 19:30:00,0,0,0,0
2024-03-11 19:40:00,0,0,0,0
2024-03-11 19:50:00,0,0,0,0
2024-03-11 20:00:00,0,0,0,0
2024-03-11 20:10:00,0,0,0,0
2024-03-11 20:20:00,0,0,0,0
2024-03-11 20:30:00,0,0,0,0
2024-03-11 20:40:00,0,0,0,0
2024-03-11 20:50:00,0,0,0,0
2024-03-11 21:00:00,0,0,0,0
2024-03-11 21:10:00,0,0,0,0
2024-03-11 21:20:00,0,0,0,0
2024-03-11 21:30:00,0,0,0,0
2024-03-11 21:40:00,0,0,0,0
2024-03-11 21:50:00,0,0,0,0
2024-03-11 22:00:00,0,0,0,0
2024-03-11 22:10:00,0,0,0,0
2024-03-11 22:20:00,0,0,0,0
2024-03-11 22:30:00,0,0,0,0
2024-03-11 22:40:00,0,0,0,0
2024-03-11 22:50:00,0,0,0,0
2024-03-11 23:00:00,0,0,0,0
2024-03-11 23:10:00,0,0,0,0
2024-03-11 23:20:00,0,0,0,0
2024-03-11 23:30:00,0,0,0,0
2024-03-11 23:40:00,0,0,0,0
2024-03-11 23:50:00,0,0,0,0
2024-03-12 00:00:00,0,0,0,0
2024-03-12 00:10:00,0,0,0,0
2024-03-12 00:20:00,0,0,0,0
2024-03-12 00:30:00,0,0,0,0
2024-03-12 00:40:00,0,0,0,0
2024-03-12 00:50:00,0,0,0,0
2024-03-12 01:00:00,0,0,0,0
2024-03-12 01:10:00,0,0,0,0
2024-03-12 01:20:00,0,0,0,0
2024-03-12 01:30:00,0,0,0,0
2024-03-12 01:40:00,0,0,0,0
2024-03-12 01:50:00,0,0,0,0
2024-03-12 02:00:00,0,0,0,0
2024-03-12 02:10:00,0,0,0,0
2024-03-12 02:20:00,0,0,0,0
2024-03-12 02:30:00,0,0,0,0
2024-03-12 02:40:00,0,0,0,0
2024-03-12 02:50:00,0,0,0,0
2024-03-12 03:00:00,0,0,0,0
2024-03-12 03:10:00,0,0,0,0
2024-03-12 03:20:00,0,0,0,0
2024-03-12 03:30:00,0,0,0,0
2024-03-12 03:40:00,0,0,0,0
2024-03-12 03:50:00,0,0,0,0
2024-03-12 04:00:00,0,0,0,0
2024-03-12 04:10:00,0,0,0,0
2024-03-12 04:20:00,0,0,0,0
2024-03-12 04:30:00,0,0,0,0
2024-03-12 04:40:00,0,0,0,0
2024-03-12 04:50:00,0,0,0,0
2024-03-12 05:00:00,0,0,0,0
2024-03-12 05:10:00,0,0,0,0
2024-03-12 05:20:00,0,0,0,0
2024-03-12 05:30:00,0,0,0,0
2024-03-12 05:40:00,0,0,0,0
2024-03-12 05:50:00,0,0,0,0
2024-03-12 06:00:00,0,0,0,0
2024-03-12 06:10:00,0,0,0,0
2024-03-12 06:20:00,0,0,0,0
2024-03-12 06:30:00,0,0,0,0
2024-03-12 06:40:00,0,0,0,0
2024-03-12 06:50:00,0,0,0,0
2024-03-12 07:00:00,0,0,0,0
2024-03-12 07:10:00,0,0,0,0
2024-03-12 07:20:00,0,0,0,0
2024-03-12 07:30:00,0,0,0,0
2024-03-12 07:40:00,0,0,0,0
2024-03-12 07:50:00,0,0,0,0
2024-03-12 08:00:00,0,0,0,0
2024-03-12 08:10:00,0,0,0,0
2024-03-12 08:20:00,0,0,0,0
2024-03-12 08:30:00,0,0,0,0
2024-03-12 08:40:00,0,0,0,0
2024-03-12 08:50:00,0,0,0,0
2024-03-12 09:00:00,0,0,0,0
2024-03-12 09:10:00,0,0,0,0
2024-03-12 09:20:00,0,0,0,0
2024-03-12 09:30:00,0,0,0,0
2024-03-12 09:40:00,0,0,0,0
2024-03-12 09:50:00,0,0,0,0
2024-03-12 10:00:00,0,0,0,0
2024-03-12 10:10:00,0,0,0,0
2024-03-12 10:20:00,0,0,0,0
2024-03-12 10:30:00,0,0,0,0
2024-03-12 10:40:00,0,0,0,0
2024-03-12 10:50:00,0,0,0,0
2024-03-12 11:00:00,0,0,0,0
2024-03-12 11:10:00,0,0,0,0
2024-03-12 11:20:00,0,0,0,0
2024-03-12 11:30:00,0,0,0,0
2024-03-12 11:40:00,0,0,0,0
2024-03-12 11:50:00,0,0,0,0
2024-03-12 12:00:00,0,0,0,0
2024-03-12 12:10:00,0,0,0,0
2024-03-12 12:20:00,0,0,0,0
2024-03-12 12:30:00,0,0,0,0
2024-03-12 12:40:00,0,0,0,0
2024-03-12 12:50:00,0,0,0,0
2024-03-12 13:00:00,0,0,0,0
2024-03-12 13:10:00,0,0,0,0
2024-03-12 13:20:00,0,0,0,0
2024-03-12 13:30:00,0,0,0,0
2024-03-12 13:40:00,0,0,0,0
2024-03-12 13:50:00,0,0,0,0
2024-03-12 14:00:00,0,0,0,0
2024-03-12 14:10:00,0,0,0,0
2024-03-12 14:20:00,0,0,0,0
2024-03-12 14:30:00,0,0,0,0
2024-03-12 14:40:00,0,0,0,0
2024-03-12 14:50:00,0,0,0,0
2024-03-12 15:00:00,0,0,0,0
2024-03-12 15:10:00,0,0,0,0
2024-03-12 15:20:00,0,0,0,0
2024-03-12 15:30:00,0,0,0,0
2024-03-12 15:40:00,0,0,0,0
2024-03-12 15:50:00,0,0,0,0
2024-03-12 16:00:00,0,0,0,0
2024-03-12 16:10:00,0,0,0,0
2024-03-12 16:20:00,0,0,0,0
2024-03-12 16:30:00,0,0,0,0
2024-03-12 16:40:00,0,0,0,0
2024-03-12 16:50:00,0,0,0,0
2024-03-12 17:00:00,0,0,0,0
2024-03-12 17:10:00,0,0,0,0
2024-03-12 17:20:00,0,0,0,0
2024-03-12 17:30:00,0,0,0,0
2024-03-12 17:40:00,0,0,0,0
2024-03-12 17:50:00,0,0,0,0
2024-03-12 18:00:00,0,0,0,0
2024-03-12 18:10:00,0,0,0,0
2024-03-12 18:20:00,0,0,0,0
2024-03-12 18:30:00,0,0,0,0
2024-03-12 18:40:00,0,0,0,0
2024-03-12 18:50:00,0,0,0,0
2024-03-12 19:00:00,0,0,0,0
2024-03-12 19:10:00,0,0,0,0
2024-03-12 19:20:00,0,0,0,0
2024-03-12 19:30:00,0,0,0,0
2024-03-12 19:40:00,0,0,0,0
2024-03-12 19:50:00,0,0,0,0
2024-03-12 20:00:00,0,0,0,0
2024-03-12 20:10:00,0,0,0,0
2024-03-12 20:20:00,0,0,0,0
2024-03-12 20:30:00,0,0,0,0
2024-03-12 20:40:00,0,0,0,0
2024-03-12 20:50:00,0,0,0,0
2024-03-12 21:00:00,0,0,0,0
2024-03-12 21:10:00,0,0,0,0
2024-03-12 21:20:00,0,0,0,0
2024-03-12 21:30:00,0,0,0,0
2024-03-12 21:40:00,0,0,0,0
2024-03-12 21:50:00,0,0,0,0
2024-03-12 22:00:00,0,0,0,0
2024-03-12 22:10:00,0,0,0,0
2024-03-12 22:20:00,0,0,0,0
2024-03-12 22:30:00,0,0,0,0
2024-03-12 22:40:00,0,0,0,0
2024-03-12 22:50:00,0,0,0,0
2024-03-12 23:00:00,0,0,0,0
2024-03-12 23:10:00,0,0,0,0
2024-03-12 23:20:00,0,0,0,0
2024-03-12 23:30:00,0,0,0,0
2024-03-12 23:40:00,0,0,0,0
2024-03-12 23:50:00,0,0,0,0
2024-03-13 00:00:00,0,0,0,0
2024-03-13 00:10:00,0,0,0,0
2024-03-13 00:20:00,0,0,0,0
2024-03-13 00:30:00,0,0,0,0
2024-03-13 00:40:00,0,0,0,0
2024-03-13 00:50:00,0,0,0,0
2024-03-13 01:00:00,0,0,0,0
2024-03-13 01:10:00,0,0,0,0
2024-03-13 01:20:00,0,0,0,0
2024-03-13 01:30:00,0,0,0,0
2024-03-13 01:40:00,0,0,0,0
2024-03-13 01:50:00,0,0,0,0
2024-03-13 02:00:00,0,0,0,0
2024-03-13 02:10:00,0,0,0,0
2024-03-13 02:20:00,0,0,0,0
2024-03-13 02:30:00,0,0,0,0
2024-03-13 02:40:00,0,0,0,0
2024-03-13 02:50:00,0,0,0,0
2024-03-13 03:00:00,0,0,0,0
2024-03-13 03:10:00,0,0,0,0
2024-03-13 03:20:00,0,0,0,0
2024-03-13 03:30:00,0,0,0,0
2024-03-13 03:40:00,0,0,0,0
2024-03-13 03:50:00,0,0,0,0
2024-03-13 04:00:00,0,0,0,0
2024-03-13 04:10:00,0,0,0,0
2024-03-13 04:20:00,0,0,0,0
2024-03-13 04:30:00,0,0,0,0
2024-03-13 04:40:00,0,0,0,0
2024-03-13 04:50:00,0,0,0,0
2024-03-13 05:00:00,0,0,0,0
2024-03-13 05:10:00,0,0,0,0
2024-03-13 05:20:00,0,0,0,0
2024-03-13 05:30:00,0,0,0,0
2024-03-13 05:40:00,0,0,0,0
2024-03-13 05:50:00,0,0,0,0
2024-03-13 06:00:00,0,0,0,0
2024-03-13 06:10:00,0,0,0,0
2024-03-13 06:20:00,0,0,0,0
2024-03-13 06:30:00,0,0,0,0
2024-03-13 06:40:00,0,0,0,0
2024-03-13 06:50:00,0,0,0,0
2024-03-13 07:00:00,0,0,0,0
2024-03-13 07:10:00,0,0,0,0
2024-03-13 07:20:00,0,0,0,0
2024-03-13 07:30:00,0,0,0,0
2024-03-13 07:40:00,0,0,0,0
2024-03-13 07:50:00,0,0,0,0
2024-03-13 08:00:00,0,0,0,0
2024-03-13 08:10:00,0,0,0,0
2024-03-13 08:20:00,0,0,0,0
2024-03-13 08:30:00,0,0,0,0
2024-03-13 08:40:00,0,0,0,0
2024-03-13 08:50:00,0,0,0,0
2024-03-13 09:00:00,0,0,0,0
2024-03-13 09:10:00,0,0,0,0
2024-03-13 09:20:00,0,0,0,0
2024-03-13 09:30:00,0,0,0,0
2024-03-13 09:40:00,0,0,0,0
2024-03-13 09:50:00,0,0,0,0
2024-03-13 10:00:00,0,0,0,0
2024-03-13 10:10:00,0,0,0,0
2024-03-13 10:20:00,0,0,0,0
2024-03-13 10:30:00,0,0,0,0
2024-03-13 10:40:00,0,0,0,0
2024-03-13 10:50:00,0,0,0,0
2024-03-13 11:00:00,0,0,0,0
2024-03-13 11:10:00,0,0,0,0
2024-03-13 11:20:00,0,0,0,0
2024-03-13 11:30:00,0,0,0,0
2024-03-13 11:40:00,0,0,0,0
2024-03-13 11:50:00,0,0,0,0
2024-03-13 12:00:00,0,0,0,0
2024-03-13 12:10:00,0,0,0,0
2024-03-13 12:20:00,0,0,0,0
2024-03-13 12:30:00,0,0,0,0
2024-03-13 12:40:00,0,0,0,0
2024-03-13 12:50:00,0,0,0,0
2024-03-13 13:00:00,0,0,0,0
2024-03-13 13:10:00,0,0,0,0
2024-03-13 13:20:00,0,0,0,0
2024-03-13 13:30:00,0,0,0,0
2024-03-13 13:40:00,0,0,0,0
2024-03-13 13:50:00,0,0,0,0
2024-03-13 14:00:00,0,0,0,0
2024-03-13 14:10:00,0,0,0,0
2024-03-13 14:20:00,0,0,0,0
2024-03-13 14:30:00,0,0,0,0
2024-03-13 14:40:00,0,0,0,0
2024-03-13 14:50:00,0,0,0,0
2024-03-13 15:00:00,0,0,0,0
2024-03-13 15:10:00,0,0,0,0
2024-03-13 15:20:00,0,0,0,0
2024-03-13 15:30:00,0,0,0,0
2024-03-13 15:40:00,0,0,0,0
2024-03-13 15:50:00,0,0,0,0
2024-03-13 16:00:00,0,0,0,0
2024-03-13 16:10:00,0,0,0,0
2024-03-13 16:20:00,0,0,0,0
2024-03-13 16:30:00,0,0,0,0
2024-03-13 16:40:00,0,0,0,0
2024-03-13 16:50:00,0,0,0,0
2024-03-13 17:00:00,0,0,0,0
2024-03-13 17:10:00,0,0,0,0
2024-03-13 17:20:00,0,0,0,0
2024-03-13 17:30:00,0,0,0,0
2024-03-13 17:40:00,0,0,0,0
2024-03-13 17:50:00,0,0,0,0
2024-03-13 18:00:00,0,0,0,0
2024-03-13 18:10:00,0,0,0,0
2024-03-13 18:20:00,0,0,0,0
2024-03-13 18:30:00,0,0,0,0
2024-03-13 18:40:00,0,0,0,0
2024-03-13 18:50:00,0,0,0,0
2024-03-13 19:00:00,0,0,0,0
2024-03-13 19:10:00,0,0,0,0
2024-03-13 19:20:00,0,0,0,0
2024-03-13 19:30:00,0,0,0,0
2024-03-13 19:40:00,0,0,0,0
2024-03-13 19:50:00,0,0,0,0
2024-03-13 20:00:00,0,0,0,0
2024-03-13 20:10:00,0,0,0,0
2024-03-13 20:20:00,0,0,0,0
2024-03-13 20:30:00,0,0,0,0
2024-03-13 20:40:00,0,0,0,0
2024-03-13 20:50:00,0,0,0,0
2024-03-13 21:00:00,0,0,0,0
2024-03-13 21:10:00,0,0,0,0
2024-03-13 21:20:00,0,0,0,0
2024-03-13 21:30:00,0,0,0,0
2024-03-13 21:40:00,0,0,0,0
2024-03-13 21:50:00,0,0,0,0
2024-03-13 22:00:00,0,0,0,0
2024-03-13 22:10:00,0,0,0,0
2024-03-13 22:20:00,0,0,0,0
2024-03-13 22:30:00,0,0,0,0
2024-03-13 22:40:00,0,0,0,0
2024-03-13 22:50:00,0,0,0,0
2024-03-13 23:00:00,0,0,0,0
2024-03-13 23:10:00,0,0,0,0
2024-03-13 23:20:00,0,0,0,0
2024-03-13 23:30:00,0,0,0,0
2024-03-13 23:40:00,0,0,0,0
2024-03-13 23:50:00,0,0,0,0
2024-03-14 00:00:00,0,0,0,0
2024-03-14 00:10:00,0,0,0,0
2024-03-14 00:20:00,0,0,0,0
2024-03-14 00:30:00,0,0,0,0
2024-03-14 00:40:00,0,0,0,0
2024-03-14 00:50:00,0,0,0,0
2024-03-14 01:00:00,0,0,0,0
2024-03-14 01:10:00,0,0,0,0
2024-03-14 01:20:00,0,0,0,0
2024-03-14 01:30:00,0,0,0,0
2024-03-14 01:40:00,0,0,0,0
2024-03-14 01:50:00,0,0,0,0
2024-03-14 02:00:00,0,0,0,0
2024-03-14 02:10:00,0,0,0,0
2024-03-14 02:20:00,0,0,0,0
2024-03-14 02:30:00,0,0,0,0
2024-03-14 02:40:00,0,0,0,0
2024-03-14 02:50:00,0,0,0,0
2024-03-14 03:00:00,0,0,0,0
2024-03-14 03:10:00,0,0,0,0
2024-03-14 03:20:00,0,0,0,0
2024-03-14 03:30:00,0,0,0,0
2024-03-14 03:40:00,0,0,0,0
2024-03-14 03:50:00,0,0,0,0
2024-03-14 04:00:00,0,0,0,0
2024-03-14 04:10:00,0,0,0,0
2024-03-14 04:20:00,0,0,0,0
2024-03-14 04:30:00,0,0,0,0
2024-03-14 04:40:00,0,0,0,0
2024-03-14 04:50:00,0,0,0,0
2024-03-14 05:00:00,0,0,0,0
2024-03-14 05:10:00,0,0,0,0
2024-03-14 05:20:00,0,0,0,0
2024-03-14 05:30:00,0,0,0,0
2024-03-14 05:40:00,0,0,0,0
2024-03-14 05:50:00,0,0,0,0
2024-03-14 06:00:00,0,0,0,0
2024-03-14 06:10:00,0,0,0,0
2024-03-14 06:20:00,0,0,0,0
2024-03-14 06:30:00,0,0,0,0
2024-03-14 06:40:00,0,0,0,0
2024-03-14 06:50:00,0,0,0,0
2024-03-14 07:00:00,0,0,0,0
2024-03-14 07:10:00,0,0,0,0
2024-03-14 07:20:00,0,0,0,0
2024-03-14 07:30:00,0,0,0,0
2024-03-14 07:40:00,0,0,0,0
2024-03-14 07:50:00,0,0,0,0
2024-03-14 08:00:00,0,0,0,0
2024-03-14 08:10:00,0,0,0,0
2024-03-14 08:20:00,0,0,0,0
2024-03-14 08:30:00,0,0,0,0
2024-03-14 08:40:00,0,0,0,0
2024-03-14 08:50:00,0,0,0,0
2024-03-14 09:00:00,1,5,7,13
2024-03-14 09:10:00,5,17,21,43
2024-03-14 09:20:00,7,19,14,40
2024-03-14 09:30:00,10,13,28,51
2024-03-14 09:40:00,4,20,26,50
2024-03-14 09:50:00,7,25,18,50
2024-03-14 10:00:00,7,7,22,36
2024-03-14 10:10:00,5,23,22,50
2024-03-14 10:20:00,2,25,24,51
2024-03-14 10:30:00,2,19,21,42
2024-03-14 10:40:00,7,26,32,65
2024-03-14 10:50:00,4,26,30,60
2024-03-14 11:00:00,0,25,20,45
2024-03-14 11:10:00,6,57,15,78
2024-03-14 11:20:00,2,30,24,56
2024-03-14 11:30:00,1,33,32,66
2024-03-14 11:40:00,7,21,29,57
2024-03-14 11:50:00,3,21,41,65
2024-03-14 12:00:00,9,21,21,51
2024-03-14 12:10:00,8,23,30,61
2024-03-14 12:20:00,8,28,18,54
2024-03-14 12:30:00,4,30,24,58
2024-03-14 12:40:00,11,17,27,55
2024-03-14 12:50:00,4,26,26,56
2024-03-14 13:00:00,9,18,19,46
2024-03-14 13:10:00,20,31,24,75
2024-03-14 13:20:00,12,24,15,51
2024-03-14 13:30:00,8,19,26,53
2024-03-14 13:40:00,8,31,17,56
2024-03-14 13:50:00,8,32,27,67
2024-03-14 14:00:00,11,27,21,59
2024-03-14 14:10:00,4,19,21,44
2024-03-14 14:20:00,8,34,18,60
2024-03-14 14:30:00,13,20,32,65
2024-03-14 14:40:00,7,27,38,72
2024-03-14 14:50:00,9,34,32,75
2024-03-14 15:00:00,10,28,28,66
2024-03-14 15:10:00,4,16,29,49
2024-03-14 15:20:00,9,24,30,63
2024-03-14 15:30:00,17,31,31,79
2024-03-14 15:40:00,14,22,29,65
2024-03-14 15:50:00,10,24,39,73
2024-03-14 16:00:00,12,21,28,61
2024-03-14 16:10:00,6,28,23,57
2024-03-14 16:20:00,12,22,39,73
2024-03-14 16:30:00,9,25,35,69
2024-03-14 16:40:00,5,24,30,59
2024-03-14 16:50:00,7,25,42,74
2024-03-14 17:00:00,8,29,32,69
2024-03-14 17:10:00,11,34,41,86
2024-03-14 17:20:00,13,27,31,71
2024-03-14 17:30:00,5,27,38,70
2024-03-14 17:40:00,10,20,23,53
2024-03-14 17:50:00,7,26,33,66
2024-03-14 18:00:00,6,25,40,71
2024-03-14 18:10:00,6,39,42,87
2024-03-14 18:20:00,4,31,42,77
2024-03-14 18:30:00,10,30,43,83
2024-03-14 18:40:00,10,32,34,76
2024-03-14 18:50:00,7,15,43,65
2024-03-14 19:00:00,6,15,40,61
2024-03-14 19:10:00,2,18,54,74
2024-03-14 19:20:00,4,22,44,70
2024-03-14 19:30:00,9,14,46,69
2024-03-14 19:40:00,3,14,36,53
2024-03-14 19:50:00,2,12,43,57
2024-03-14 20:00:00,0,6,27,33
2024-03-14 20:10:00,3,9,22,34
2024-03-14 20:20:00,3,14,20,37
2024-03-14 20:30:00,5,6,15,26
2024-03-14 20:40:00,3,12,23,38
2024-03-14 20:50:00,3,6,12,21
2024-03-14 21:00:00,2,7,11,20
2024-03-14 21:10:00,0,9,11,20
2024-03-14 21:20:00,3,10,14,27
2024-03-14 21:30:00,3,13,17,33
2024-03-14 21:40:00,0,12,16,28
2024-03-14 21:50:00,2,4,15,21
2024-03-14 22:00:00,3,9,14,26
2024-03-14 22:10:00,0,10,11,21
2024-03-14 22:20:00,2,7,8,17
2024-03-14 22:30:00,0,8,15,23
2024-03-14 22:40:00,0,5,14,19
2024-03-14 22:50:00,2,4,12,18
2024-03-14 23:00:00,2,5,15,22
2024-03-14 23:10:00,1,4,5,10
2024-03-14 23:20:00,1,3,3,7
2024-03-14 23:30:00,0,2,7,9
2024-03-14 23:40:00,0,6,9,15
2024-03-14 23:50:00,1,6,8,15
2024-03-15 00:00:00,1,4,12,17
2024-03-15 00:10:00,0,2,2,4
2024-03-15 00:20:00,0,4,1,5
2024-03-15 00:30:00,0,1,3,4
2024-03-15 00:40:00,1,1,7,9
2024-03-15 00:50:00,1,3,2,6
2024-03-15 01:00:00,0,2,2,4
2024-03-15 01:10:00,0,0,2,2
2024-03-15 01:20:00,0,1,0,1
2024-03-15 01:30:00,0,0,0,0
2024-03-15 01:40:00,0,2,2,4
2024-03-15 01:50:00,0,2,0,2
2024-03-15 02:00:00,0,1,0,1
2024-03-15 02:10:00,0,1,4,5
2024-03-15 02:20:00,0,0,0,0
2024-03-15 02:30:00,0,0,0,0
2024-03-15 02:40:00,0,0,0,0
2024-03-15 02:50:00,0,0,0,0
2024-03-15 03:00:00,0,0,0,0
2024-03-15 03:10:00,0,0,0,0
2024-03-15 03:20:00,0,0,0,0
2024-03-15 03:30:00,0,0,0,0
2024-03-15 03:40:00,0,3,0,3
2024-03-15 03:50:00,0,1,0,1
2024-03-15 04:00:00,0,2,3,5
2024-03-15 04:10:00,0,2,3,5
2024-03-15 04:20:00,0,3,3,6
2024-03-15 04:30:00,1,0,5,6
2024-03-15 04:40:00,0,0,0,0
2024-03-15 04:50:00,1,1,2,4
2024-03-15 05:00:00,0,1,6,7
2024-03-15 05:10:00,0,2,5,7
2024-03-15 05:20:00,0,2,6,8
2024-03-15 05:30:00,0,4,5,9
2024-03-15 05:40:00,0,2,7,9
2024-03-15 05:50:00,2,6,4,12
2024-03-15 06:00:00,2,3,8,13
2024-03-15 06:10:00,1,6,9,16
2024-03-15 06:20:00,1,7,13,21
2024-03-15 06:30:00,0,13,4,17
2024-03-15 06:40:00,1,8,14,23
2024-03-15 06:50:00,0,7,13,20
2024-03-15 07:00:00,2,13,15,30
2024-03-15 07:10:00,7,15,22,44
2024-03-15 07:20:00,16,22,35,73
2024-03-15 07:30:00,21,30,45,96
2024-03-15 07:40:00,12,31,31,74
2024-03-15 07:50:00,13,24,42,79
2024-03-15 08:00:00,7,18,29,54
2024-03-15 08:10:00,12,26,19,57
2024-03-15 08:20:00,10,27,29,66
2024-03-15 08:30:00,6,16,23,45
2024-03-15 08:40:00,5,20,26,51
2024-03-15 08:50:00,3,17,25,45
2024-03-15 09:00:00,4,21,21,46
2024-03-15 09:10:00,6,13,18,37
2024-03-15 09:20:00,8,19,29,56
2024-03-15 09:30:00,8,13,32,53
2024-03-15 09:40:00,7,17,17,41
2024-03-15 09:50:00,6,12,26,44
2024-03-15 10:00:00,8,20,37,65
2024-03-15 10:10:00,5,17,30,52
2024-03-15 10:20:00,4,35,26,65
2024-03-15 10:30:00,5,27,28,60
2024-03-15 10:40:00,6,32,29,67
2024-03-15 10:50:00,7,30,28,65
2024-03-15 11:00:00,4,26,17,47
2024-03-15 11:10:00,2,20,30,52
2024-03-15 11:20:00,2,14,31,47
2024-03-15 11:30:00,5,27,27,59
2024-03-15 11:40:00,9,26,42,77
2024-03-15 11:50:00,8,19,40,67
2024-03-15 12:00:00,3,19,41,63
2024-03-15 12:10:00,5,26,29,60
2024-03-15 12:20:00,11,30,31,72
2024-03-15 12:30:00,4,17,45,66
2024-03-15 12:40:00,5,25,33,63
2024-03-15 12:50:00,4,27,34,65
2024-03-15 13:00:00,11,28,43,82
2024-03-15 13:10:00,13,29,24,66
2024-03-15 13:20:00,9,27,27,63
2024-03-15 13:30:00,8,27,36,71
2024-03-15 13:40:00,11,24,26,61
2024-03-15 13:50:00,4,27,24,55
2024-03-15 14:00:00,15,27,29,71
2024-03-15 14:10:00,11,33,35,79
2024-03-15 14:20:00,11,26,32,69
2024-03-15 14:30:00,6,27,25,58
2024-03-15 14:40:00,5,24,31,60
2024-03-15 14:50:00,9,26,31,66
2024-03-15 15:00:00,4,22,33,59
2024-03-15 15:10:00,12,26,28,66
2024-03-15 15:20:00,10,30,21,61
2024-03-15 15:30:00,10,22,32,64
2024-03-15 15:40:00,9,25,43,77
2024-03-15 15:50:00,10,22,33,65
2024-03-15 16:00:00,9,21,29,59
2024-03-15 16:10:00,10,20,29,59
2024-03-15 16:20:00,6,24,32,62
2024-03-15 16:30:00,10,27,28,65
2024-03-15 16:40:00,6,25,34,65
2024-03-15 16:50:00,10,21,31,62
2024-03-15 17:00:00,11,25,38,74
2024-03-15 17:10:00,9,30,21,60
2024-03-15 17:20:00,9,25,35,69
2024-03-15 17:30:00,9,22,33,64
2024-03-15 17:40:00,7,39,41,87
2024-03-15 17:50:00,8,38,37,83
2024-03-15 18:00:00,9,32,38,79
2024-03-15 18:10:00,7,31,38,76
2024-03-15 18:20:00,7,22,31,60
2024-03-15 18:30:00,7,28,21,56
2024-03-15 18:40:00,7,23,34,64
2024-03-15 18:50:00,10,17,38,65
2024-03-15 19:00:00,5,12,38,55
2024-03-15 19:10:00,4,18,33,55
2024-03-15 19:20:00,1,16,31,48
2024-03-15 19:30:00,4,14,28,46
2024-03-15 19:40:00,4,16,29,49
2024-03-15 19:50:00,4,16,22,42
2024-03-15 20:00:00,4,8,18,30
2024-03-15 20:10:00,0,12,24,36
2024-03-15 20:20:00,1,9,35,45
2024-03-15 20:30:00,3,10,13,26
2024-03-15 20:40:00,3,10,16,29
2024-03-15 20:50:00,4,4,24,32
2024-03-15 21:00:00,3,10,13,26
2024-03-15 21:10:00,2,12,18,32
2024-03-15 21:20:00,4,12,13,29
2024-03-15 21:30:00,1,5,17,23
2024-03-15 21:40:00,3,9,13,25
2024-03-15 21:50:00,0,8,14,22
2024-03-15 22:00:00,1,8,13,22
2024-03-15 22:10:00,0,9,8,17
2024-03-15 22:20:00,0,8,8,16
2024-03-15 22:30:00,1,12,9,22
2024-03-15 22:40:00,3,8,13,24
2024-03-15 22:50:00,1,8,17,26
2024-03-15 23:00:00,5,8,12,25
2024-03-15 23:10:00,0,8,12,20
2024-03-15 23:20:00,1,3,4,8
2024-03-15 23:30:00,1,2,11,14
2024-03-15 23:40:00,1,3,3,7
2024-03-15 23:50:00,0,3,3,6
2024-03-16 00:00:00,0,5,8,13
2024-03-16 00:10:00,0,2,4,6
2024-03-16 00:20:00,2,1,6,9
2024-03-16 00:30:00,0,4,4,8
2024-03-16 00:40:00,0,3,6,9
2024-03-16 00:50:00,0,3,1,4
2024-03-16 01:00:00,0,3,4,7
2024-03-16 01:10:00,1,3,3,7
2024-03-16 01:20:00,0,3,1,4
2024-03-16 01:30:00,0,2,3,5
2024-03-16 01:40:00,0,1,2,3
2024-03-16 01:50:00,0,3,2,5
2024-03-16 02:00:00,0,2,5,7
2024-03-16 02:10:00,0,1,2,3
2024-03-16 02:20:00,0,2,0,2
2024-03-16 02:30:00,0,0,2,2
2024-03-16 02:40:00,0,1,0,1
2024-03-16 02:50:00,0,2,0,2
2024-03-16 03:00:00,0,1,5,6
2024-03-16 03:10:00,0,1,2,3
2024-03-16 03:20:00,0,3,1,4
2024-03-16 03:30:00,0,1,3,4
2024-03-16 03:40:00,0,1,0,1
2024-03-16 03:50:00,0,3,4,7
2024-03-16 04:00:00,0,0,5,5
2024-03-16 04:10:00,0,1,4,5
2024-03-16 04:20:00,1,1,2,4
2024-03-16 04:30:00,1,0,3,4
2024-03-16 04:40:00,0,0,2,2
2024-03-16 04:50:00,1,2,0,3
2024-03-16 05:00:00,0,1,4,5
2024-03-16 05:10:00,0,1,3,4
2024-03-16 05:20:00,0,3,0,3
2024-03-16 05:30:00,0,1,3,4
2024-03-16 05:40:00,1,4,7,12
2024-03-16 05:50:00,0,3,1,4
2024-03-16 06:00:00,0,0,5,5
2024-03-16 06:10:00,0,1,3,4
2024-03-16 06:20:00,0,1,0,1
2024-03-16 06:30:00,1,7,8,16
2024-03-16 06:40:00,0,6,4,10
2024-03-16 06:50:00,0,3,1,4
2024-03-16 07:00:00,1,2,6,9
2024-03-16 07:10:00,0,3,5,8
2024-03-16 07:20:00,6,7,5,18
2024-03-16 07:30:00,2,2,3,7
2024-03-16 07:40:00,5,5,4,14
2024-03-16 07:50:00,1,10,4,15
2024-03-16 08:00:00,3,12,11,26
2024-03-16 08:10:00,2,19,9,30
2024-03-16 08:20:00,2,16,7,25
2024-03-16 08:30:00,0,8,10,18
2024-03-16 08:40:00,2,22,7,31
2024-03-16 08:50:00,3,11,18,32
2024-03-16 09:00:00,1,13,12,26
2024-03-16 09:10:00,2,25,11,38
2024-03-16 09:20:00,5,21,15,41
2024-03-16 09:30:00,6,18,18,42
2024-03-16 09:40:00,6,17,23,46
2024-03-16 09:50:00,4,13,35,52
2024-03-16 10:00:00,4,18,23,45
2024-03-16 10:10:00,3,21,13,37
2024-03-16 10:20:00,6,22,22,50
2024-03-16 10:30:00,5,23,23,51
2024-03-16 10:40:00,7,30,27,64
2024-03-16 10:50:00,4,32,21,57
2024-03-16 11:00:00,7,24,24,55
2024-03-16 11:10:00,3,25,32,60
2024-03-16 11:20:00,3,18,22,43
2024-03-16 11:30:00,4,27,22,53
2024-03-16 11:40:00,4,23,23,50
2024-03-16 11:50:00,9,20,27,56
2024-03-16 12:00:00,4,27,24,55
2024-03-16 12:10:00,2,23,35,60
2024-03-16 12:20:00,5,32,41,78
2024-03-16 12:30:00,3,22,34,59
2024-03-16 12:40:00,2,25,40,67
2024-03-16 12:50:00,5,36,36,77
2024-03-16 13:00:00,3,24,29,56
2024-03-16 13:10:00,6,25,42,73
2024-03-16 13:20:00,12,11,43,66
2024-03-16 13:30:00,3,19,50,72
2024-03-16 13:40:00,7,24,66,97
2024-03-16 13:50:00,3,20,68,91
2024-03-16 14:00:00,10,21,68,99
2024-03-16 14:10:00,10,24,72,106
2024-03-16 14:20:00,5,26,67,98
2024-03-16 14:30:00,7,20,47,74
2024-03-16 14:40:00,5,24,40,69
2024-03-16 14:50:00,6,20,33,59
2024-03-16 15:00:00,6,21,32,59
2024-03-16 15:10:00,9,19,29,57
2024-03-16 15:20:00,4,16,25,45
2024-03-16 15:30:00,2,30,26,58
2024-03-16 15:40:00,8,17,29,54
2024-03-16 15:50:00,4,21,31,56
2024-03-16 16:00:00,7,11,30,48
2024-03-16 16:10:00,2,19,20,41
2024-03-16 16:20:00,5,17,25,47
2024-03-16 16:30:00,5,22,16,43
2024-03-16 16:40:00,6,19,23,48
2024-03-16 16:50:00,5,20,14,39
2024-03-16 17:00:00,7,16,16,39
2024-03-16 17:10:00,5,27,16,48
2024-03-16 17:20:00,5,25,20,50
2024-03-16 17:30:00,3,24,25,52
2024-03-16 17:40:00,9,43,22,74
2024-03-16 17:50:00,10,56,32,98
2024-03-16 18:00:00,10,58,36,104
2024-03-16 18:10:00,11,58,37,106
2024-03-16 18:20:00,8,47,30,85
2024-03-16 18:30:00,5,70,35,110
2024-03-16 18:40:00,4,18,24,46
2024-03-16 18:50:00,1,17,36,54
2024-03-16 19:00:00,9,19,29,57
2024-03-16 19:10:00,7,14,40,61
2024-03-16 19:20:00,0,16,20,36
2024-03-16 19:30:00,2,7,21,30
2024-03-16 19:40:00,4,15,21,40
2024-03-16 19:50:00,3,16,32,51
2024-03-16 20:00:00,1,22,9,32
2024-03-16 20:10:00,1,15,23,39
2024-03-16 20:20:00,4,9,22,35
2024-03-16 20:30:00,3,14,34,51
2024-03-16 20:40:00,2,12,16,30
2024-03-16 20:50:00,2,10,12,24
2024-03-16 21:00:00,5,7,18,30
2024-03-16 21:10:00,2,11,13,26
2024-03-16 21:20:00,1,13,10,24
2024-03-16 21:30:00,2,6,9,17
2024-03-16 21:40:00,1,12,20,33
2024-03-16 21:50:00,2,13,10,25
2024-03-16 22:00:00,0,13,13,26
2024-03-16 22:10:00,5,11,10,26
2024-03-16 22:20:00,1,8,14,23
2024-03-16 22:30:00,0,11,22,33
2024-03-16 22:40:00,6,4,9,19
2024-03-16 22:50:00,2,5,14,21
2024-03-16 23:00:00,2,8,10,20
2024-03-16 23:10:00,0,8,11,19
2024-03-16 23:20:00,0,9,9,18
2024-03-16 23:30:00,1,7,14,22
2024-03-16 23:40:00,1,5,9,15
2024-03-16 23:50:00,1,3,7,11
2024-03-17 00:00:00,0,3,9,12
2024-03-17 00:10:00,0,2,2,4
2024-03-17 00:20:00,0,5,6,11
2024-03-17 00:30:00,1,3,9,13
2024-03-17 00:40:00,0,4,11,15
2024-03-17 00:50:00,0,8,7,15
2024-03-17 01:00:00,0,3,21,24
2024-03-17 01:10:00,0,5,2,7
2024-03-17 01:20:00,0,4,4,8
2024-03-17 01:30:00,0,3,5,8
2024-03-17 01:40:00,0,0,4,4
2024-03-17 01:50:00,1,3,1,5
2024-03-17 02:00:00,0,3,4,7
2024-03-17 02:10:00,0,0,0,0
2024-03-17 02:20:00,0,5,0,5
2024-03-17 02:30:00,1,3,6,10
2024-03-17 02:40:00,0,2,2,4
2024-03-17 02:50:00,0,2,1,3
2024-03-17 03:00:00,0,2,13,15
2024-03-17 03:10:00,0,0,1,1
2024-03-17 03:20:00,0,4,2,6
2024-03-17 03:30:00,0,2,5,7
2024-03-17 03:40:00,1,1,0,2
2024-03-17 03:50:00,0,3,2,5
2024-03-17 04:00:00,0,0,3,3
2024-03-17 04:10:00,0,1,0,1
2024-03-17 04:20:00,0,1,7,8
2024-03-17 04:30:00,3,2,5,10
2024-03-17 04:40:00,0,0,0,0
2024-03-17 04:50:00,0,2,0,2
2024-03-17 05:00:00,1,0,2,3
2024-03-17 05:10:00,0,2,1,3
2024-03-17 05:20:00,0,2,0,2
2024-03-17 05:30:00,1,0,3,4
2024-03-17 05:40:00,1,0,3,4
2024-03-17 05:50:00,0,3,0,3
2024-03-17 06:00:00,0,0,6,6
2024-03-17 06:10:00,0,1,0,1
2024-03-17 06:20:00,1,8,0,9
2024-03-17 06:30:00,0,1,7,8
2024-03-17 06:40:00,0,0,0,0
2024-03-17 06:50:00,0,2,0,2
2024-03-17 07:00:00,0,0,3,3
2024-03-17 07:10:00,0,1,0,1
2024-03-17 07:20:00,2,2,0,4
2024-03-17 07:30:00,3,3,5,11
2024-03-17 07:40:00,0,2,3,5
2024-03-17 07:50:00,1,4,1,6
2024-03-17 08:00:00,0,8,4,12
2024-03-17 08:10:00,0,6,7,13
2024-03-17 08:20:00,1,2,4,7
2024-03-17 08:30:00,0,9,5,14
2024-03-17 08:40:00,2,9,4,15
2024-03-17 08:50:00,1,7,6,14
2024-03-17 09:00:00,0,9,14,23
2024-03-17 09:10:00,2,5,17,24
2024-03-17 09:20:00,4,10,10,24
2024-03-17 09:30:00,3,8,13,24
2024-03-17 09:40:00,0,5,17,22
2024-03-17 09:50:00,8,13,12,33
2024-03-17 10:00:00,4,13,14,31
2024-03-17 10:10:00,7,11,16,34
2024-03-17 10:20:00,5,15,13,33
2024-03-17 10:30:00,7,9,13,29
2024-03-17 10:40:00,5,9,14,28
2024-03-17 10:50:00,4,19,14,37
2024-03-17 11:00:00,2,14,12,28
2024-03-17 11:10:00,6,14,16,36
2024-03-17 11:20:00,9,8,14,31
2024-03-17 11:30:00,4,9,14,27
2024-03-17 11:40:00,4,23,11,38
2024-03-17 11:50:00,5,15,12,32
2024-03-17 12:00:00,4,20,16,40
2024-03-17 12:10:00,5,21,19,45
2024-03-17 12:20:00,6,15,16,37
2024-03-17 12:30:00,4,13,14,31
2024-03-17 12:40:00,5,14,12,31
2024-03-17 12:50:00,3,13,15,31
2024-03-17 13:00:00,8,19,25,52
2024-03-17 13:10:00,8,21,16,45
2024-03-17 13:20:00,5,16,14,35
2024-03-17 13:30:00,5,16,12,33
2024-03-17 13:40:00,8,12,15,35
2024-03-17 13:50:00,5,20,19,44
2024-03-17 14:00:00,3,14,25,42
2024-03-17 14:10:00,3,16,22,41
2024-03-17 14:20:00,6,24,22,52
2024-03-17 14:30:00,7,15,22,44
2024-03-17 14:40:00,4,17,19,40
2024-03-17 14:50:00,5,14,17,36
2024-03-17 15:00:00,12,15,21,48
2024-03-17 15:10:00,6,15,13,34
2024-03-17 15:20:00,2,14,9,25
2024-03-17 15:30:00,3,14,17,34
2024-03-17 15:40:00,9,16,20,45
2024-03-17 15:50:00,8,15,16,39
2024-03-17 16:00:00,5,16,24,45
2024-03-17 16:10:00,9,14,23,46
2024-03-17 16:20:00,5,19,17,41
2024-03-17 16:30:00,7,19,14,40
2024-03-17 16:40:00,7,18,16,41
2024-03-17 16:50:00,5,22,22,49
2024-03-17 17:00:00,7,19,26,52
2024-03-17 17:10:00,12,18,23,53
2024-03-17 17:20:00,8,15,19,42
2024-03-17 17:30:00,2,17,19,38
2024-03-17 17:40:00,8,20,20,48
2024-03-17 17:50:00,4,12,18,34
2024-03-17 18:00:00,5,16,16,37
2024-03-17 18:10:00,6,19,20,45
2024-03-17 18:20:00,2,17,27,46
2024-03-17 18:30:00,2,20,30,52
2024-03-17 18:40:00,2,25,23,50
2024-03-17 18:50:00,2,14,28,44
2024-03-17 19:00:00,2,10,25,37
2024-03-17 19:10:00,6,15,29,50
2024-03-17 19:20:00,1,8,17,26
2024-03-17 19:30:00,1,11,23,35
2024-03-17 19:40:00,0,11,15,26
2024-03-17 19:50:00,5,9,18,32
2024-03-17 20:00:00,4,16,15,35
2024-03-17 20:10:00,1,10,25,36
2024-03-17 20:20:00,1,3,18,22
2024-03-17 20:30:00,1,8,22,31
2024-03-17 20:40:00,0,5,9,14
2024-03-17 20:50:00,3,9,6,18
2024-03-17 21:00:00,3,8,15,26
2024-03-17 21:10:00,2,7,23,32
2024-03-17 21:20:00,1,8,10,19
2024-03-17 21:30:00,5,8,14,27
2024-03-17 21:40:00,1,5,13,19
2024-03-17 21:50:00,0,5,9,14
2024-03-17 22:00:00,0,2,13,15
2024-03-17 22:10:00,1,4,7,12
2024-03-17 22:20:00,0,8,0,8
2024-03-17 22:30:00,0,4,14,18
2024-03-17 22:40:00,0,8,4,12
2024-03-17 22:50:00,0,3,7,10
2024-03-17 23:00:00,1,4,5,10
2024-03-17 23:10:00,0,2,2,4
2024-03-17 23:20:00,0,2,1,3
2024-03-17 23:30:00,0,3,6,9
2024-03-17 23:40:00,0,1,2,3
2024-03-17 23:50:00,0,3,5,8
2024-03-18 00:00:00,0,2,3,5
2024-03-18 00:10:00,0,1,0,1
2024-03-18 00:20:00,0,1,0,1
2024-03-18 00:30:00,0,0,5,5
2024-03-18 00:40:00,0,2,4,6
2024-03-18 00:50:00,0,1,2,3
2024-03-18 01:00:00,0,1,1,2
2024-03-18 01:10:00,1,0,2,3
2024-03-18 01:20:00,0,1,0,1
2024-03-18 01:30:00,0,1,1,2
2024-03-18 01:40:00,0,3,0,3
2024-03-18 01:50:00,0,0,3,3
2024-03-18 02:00:00,1,0,4,5
2024-03-18 02:10:00,0,0,0,0
2024-03-18 02:20:00,0,1,0,1
2024-03-18 02:30:00,0,3,0,3
2024-03-18 02:40:00,0,0,0,0
2024-03-18 02:50:00,0,0,0,0
2024-03-18 03:00:00,0,0,0,0
2024-03-18 03:10:00,0,0,3,3
2024-03-18 03:20:00,0,0,0,0
2024-03-18 03:30:00,1,0,0,1
2024-03-18 03:40:00,0,2,0,2
2024-03-18 03:50:00,0,0,0,0
2024-03-18 04:00:00,0,0,4,4
2024-03-18 04:10:00,0,2,0,2
2024-03-18 04:20:00,0,1,0,1
2024-03-18 04:30:00,0,0,3,3
2024-03-18 04:40:00,0,0,0,0
2024-03-18 04:50:00,0,1,0,1
2024-03-18 05:00:00,1,1,6,8
2024-03-18 05:10:00,0,2,6,8
2024-03-18 05:20:00,0,3,5,8
2024-03-18 05:30:00,0,5,8,13
2024-03-18 05:40:00,1,4,8,13
2024-03-18 05:50:00,0,7,10,17
2024-03-18 06:00:00,0,1,3,4
2024-03-18 06:10:00,0,8,18,26
2024-03-18 06:20:00,0,9,24,33
2024-03-18 06:30:00,2,4,12,18
2024-03-18 06:40:00,1,8,4,13
2024-03-18 06:50:00,1,19,22,42
2024-03-18 07:00:00,0,18,20,38
2024-03-18 07:10:00,5,18,12,35
2024-03-18 07:20:00,9,23,44,76
2024-03-18 07:30:00,16,35,36,87
2024-03-18 07:40:00,19,40,34,93
2024-03-18 07:50:00,10,42,35,87
2024-03-18 08:00:00,7,35,43,85
2024-03-18 08:10:00,10,40,28,78
2024-03-18 08:20:00,8,44,32,84
2024-03-18 08:30:00,6,45,39,90
2024-03-18 08:40:00,7,37,31,75
2024-03-18 08:50:00,5,27,28,60
2024-03-18 09:00:00,6,39,30,75
2024-03-18 09:10:00,5,28,39,72
2024-03-18 09:20:00,6,27,17,50
2024-03-18 09:30:00,4,36,17,57
2024-03-18 09:40:00,5,41,18,64
2024-03-18 09:50:00,6,31,39,76
2024-03-18 10:00:00,5,19,35,59
2024-03-18 10:10:00,7,26,20,53
2024-03-18 10:20:00,5,28,27,60
2024-03-18 10:30:00,1,29,22,52
2024-03-18 10:40:00,5,32,30,67
2024-03-18 10:50:00,2,26,26,54
2024-03-18 11:00:00,2,37,28,67
2024-03-18 11:10:00,1,28,26,55
2024-03-18 11:20:00,2,25,26,53
2024-03-18 11:30:00,5,20,25,50
2024-03-18 11:40:00,5,26,26,57
2024-03-18 11:50:00,5,26,37,68
2024-03-18 12:00:00,2,32,26,60
2024-03-18 12:10:00,6,28,24,58
2024-03-18 12:20:00,7,31,22,60
2024-03-18 12:30:00,3,25,25,53
2024-03-18 12:40:00,3,17,22,42
2024-03-18 12:50:00,3,33,22,58
2024-03-18 13:00:00,17,23,31,71
2024-03-18 13:10:00,14,23,22,59
2024-03-18 13:20:00,10,41,19,70
2024-03-18 13:30:00,8,28,24,60
2024-03-18 13:40:00,6,28,28,62
2024-03-18 13:50:00,2,32,25,59
2024-03-18 14:00:00,8,29,36,73
2024-03-18 14:10:00,5,30,37,72
2024-03-18 14:20:00,7,35,14,56
2024-03-18 14:30:00,8,25,24,57
2024-03-18 14:40:00,3,29,40,72
2024-03-18 14:50:00,5,29,27,61
2024-03-18 15:00:00,6,36,28,70
2024-03-18 15:10:00,2,38,29,69
2024-03-18 15:20:00,7,28,31,66
2024-03-18 15:30:00,12,31,33,76
2024-03-18 15:40:00,9,42,36,87
2024-03-18 15:50:00,10,38,48,96
2024-03-18 16:00:00,7,37,33,77
2024-03-18 16:10:00,7,32,31,70
2024-03-18 16:20:00,10,39,34,83
2024-03-18 16:30:00,10,33,32,75
2024-03-18 16:40:00,5,40,31,76
2024-03-18 16:50:00,9,31,40,80
2024-03-18 17:00:00,6,31,33,70
2024-03-18 17:10:00,8,42,34,84
2024-03-18 17:20:00,6,32,47,85
2024-03-18 17:30:00,13,33,35,81
2024-03-18 17:40:00,16,27,37,80
2024-03-18 17:50:00,9,27,38,74
2024-03-18 18:00:00,8,37,37,82
2024-03-18 18:10:00,2,29,37,68
2024-03-18 18:20:00,8,43,43,94
2024-03-18 18:30:00,5,43,45,93
2024-03-18 18:40:00,12,33,44,89
2024-03-18 18:50:00,5,32,33,70
2024-03-18 19:00:00,2,28,50,80
2024-03-18 19:10:00,6,16,18,40
2024-03-18 19:20:00,3,19,30,52
2024-03-18 19:30:00,0,23,37,60
2024-03-18 19:40:00,4,15,31,50
2024-03-18 19:50:00,2,16,26,44
2024-03-18 20:00:00,4,17,27,48
2024-03-18 20:10:00,5,12,42,59
2024-03-18 20:20:00,3,19,11,33
2024-03-18 20:30:00,1,8,10,19
2024-03-18 20:40:00,0,15,8,23
2024-03-18 20:50:00,2,19,14,35
2024-03-18 21:00:00,2,14,24,40
2024-03-18 21:10:00,3,13,18,34
2024-03-18 21:20:00,1,8,9,18
2024-03-18 21:30:00,2,8,13,23
2024-03-18 21:40:00,3,15,27,45
2024-03-18 21:50:00,0,9,7,16
2024-03-18 22:00:00,1,10,13,24
2024-03-18 22:10:00,0,6,11,17
2024-03-18 22:20:00,0,9,9,18
2024-03-18 22:30:00,1,10,7,18
2024-03-18 22:40:00,0,12,7,19
2024-03-18 22:50:00,0,7,3,10
2024-03-18 23:00:00,1,13,16,30
2024-03-18 23:10:00,1,9,2,12
2024-03-18 23:20:00,0,7,3,10
2024-03-18 23:30:00,1,4,4,9
2024-03-18 23:40:00,0,1,3,4
2024-03-18 23:50:00,0,3,5,8
2024-03-19 00:00:00,1,4,3,8
2024-03-19 00:10:00,0,6,1,7
2024-03-19 00:20:00,0,2,0,2
2024-03-19 00:30:00,0,1,4,5
2024-03-19 00:40:00,0,0,2,2
2024-03-19 00:50:00,0,3,0,3
2024-03-19 01:00:00,0,2,4,6
2024-03-19 01:10:00,0,1,2,3
2024-03-19 01:20:00,0,3,2,5
2024-03-19 01:30:00,0,0,3,3
2024-03-19 01:40:00,0,0,1,1
2024-03-19 01:50:00,0,0,1,1
2024-03-19 02:00:00,0,0,1,1
2024-03-19 02:10:00,0,1,3,4
2024-03-19 02:20:00,0,0,0,0
2024-03-19 02:30:00,0,0,0,0
2024-03-19 02:40:00,0,0,0,0
2024-03-19 02:50:00,0,0,0,0
2024-03-19 03:00:00,0,0,0,0
2024-03-19 03:10:00,0,0,0,0
2024-03-19 03:20:00,0,0,0,0
2024-03-19 03:30:00,0,2,1,3
2024-03-19 03:40:00,0,2,1,3
2024-03-19 03:50:00,0,0,0,0
2024-03-19 04:00:00,0,0,3,3
2024-03-19 04:10:00,1,2,0,3
2024-03-19 04:20:00,0,2,0,2
2024-03-19 04:30:00,0,2,2,4
2024-03-19 04:40:00,0,2,3,5
2024-03-19 04:50:00,0,2,0,2
2024-03-19 05:00:00,0,6,4,10
2024-03-19 05:10:00,0,1,4,5
2024-03-19 05:20:00,0,2,5,7
2024-03-19 05:30:00,2,7,14,23
2024-03-19 05:40:00,0,8,15,23
2024-03-19 05:50:00,2,15,7,24
2024-03-19 06:00:00,0,7,12,19
2024-03-19 06:10:00,0,6,13,19
2024-03-19 06:20:00,1,13,15,29
2024-03-19 06:30:00,1,17,14,32
2024-03-19 06:40:00,0,26,14,40
2024-03-19 06:50:00,0,19,19,38
2024-03-19 07:00:00,3,22,18,43
2024-03-19 07:10:00,8,29,29,66
2024-03-19 07:20:00,8,28,31,67
2024-03-19 07:30:00,17,42,46,105
2024-03-19 07:40:00,12,43,45,100
2024-03-19 07:50:00,13,38,37,88
2024-03-19 08:00:00,9,32,53,94
2024-03-19 08:10:00,8,34,23,65
2024-03-19 08:20:00,10,39,57,106
2024-03-19 08:30:00,4,32,34,70
2024-03-19 08:40:00,7,40,38,85
2024-03-19 08:50:00,2,35,23,60
2024-03-19 09:00:00,7,33,31,71
2024-03-19 09:10:00,4,33,19,56
2024-03-19 09:20:00,3,34,33,70
2024-03-19 09:30:00,11,25,17,53
2024-03-19 09:40:00,5,42,25,72
2024-03-19 09:50:00,6,42,29,77
2024-03-19 10:00:00,6,29,17,52
2024-03-19 10:10:00,4,24,36,64
2024-03-19 10:20:00,4,32,26,62
2024-03-19 10:30:00,3,33,25,61
2024-03-19 10:40:00,4,30,26,60
2024-03-19 10:50:00,8,29,20,57
2024-03-19 11:00:00,4,42,18,64
2024-03-19 11:10:00,3,36,21,60
2024-03-19 11:20:00,7,23,39,69
2024-03-19 11:30:00,9,34,27,70
2024-03-19 11:40:00,5,22,30,57
2024-03-19 11:50:00,5,27,21,53
2024-03-19 12:00:00,5,35,22,62
2024-03-19 12:10:00,4,24,25,53
2024-03-19 12:20:00,14,29,30,73
2024-03-19 12:30:00,7,26,44,77
2024-03-19 12:40:00,5,45,29,79
2024-03-19 12:50:00,6,25,31,62
2024-03-19 13:00:00,11,33,15,59
2024-03-19 13:10:00,20,38,25,83
2024-03-19 13:20:00,9,30,19,58
2024-03-19 13:30:00,8,31,20,59
2024-03-19 13:40:00,8,32,28,68
2024-03-19 13:50:00,4,36,22,62
2024-03-19 14:00:00,17,37,19,73
2024-03-19 14:10:00,7,36,19,62
2024-03-19 14:20:00,10,39,33,82
2024-03-19 14:30:00,8,33,43,84
2024-03-19 14:40:00,9,32,33,74
2024-03-19 14:50:00,6,34,42,82
2024-03-19 15:00:00,7,54,45,106
2024-03-19 15:10:00,9,37,32,78
2024-03-19 15:20:00,5,41,34,80
2024-03-19 15:30:00,11,34,26,71
2024-03-19 15:40:00,6,36,41,83
2024-03-19 15:50:00,6,42,40,88
2024-03-19 16:00:00,8,39,39,86
2024-03-19 16:10:00,5,42,40,87
2024-03-19 16:20:00,10,30,38,78
2024-03-19 16:30:00,9,33,23,65
2024-03-19 16:40:00,9,46,33,88
2024-03-19 16:50:00,8,39,42,89
2024-03-19 17:00:00,8,41,42,91
2024-03-19 17:10:00,9,36,30,75
2024-03-19 17:20:00,10,30,32,72
2024-03-19 17:30:00,5,37,42,84
2024-03-19 17:40:00,7,32,37,76
2024-03-19 17:50:00,10,30,48,88
2024-03-19 18:00:00,6,42,39,87
2024-03-19 18:10:00,4,39,30,73
2024-03-19 18:20:00,6,40,38,84
2024-03-19 18:30:00,4,44,49,97
2024-03-19 18:40:00,6,32,38,76
2024-03-19 18:50:00,11,26,41,78
2024-03-19 19:00:00,4,17,35,56
2024-03-19 19:10:00,2,20,34,56
2024-03-19 19:20:00,2,24,41,67
2024-03-19 19:30:00,8,22,25,55
2024-03-19 19:40:00,4,22,19,45
2024-03-19 19:50:00,2,9,38,49
2024-03-19 20:00:00,2,19,23,44
2024-03-19 20:10:00,1,19,24,44
2024-03-19 20:20:00,4,15,21,40
2024-03-19 20:30:00,8,17,28,53
2024-03-19 20:40:00,2,15,16,33
2024-03-19 20:50:00,1,11,13,25
2024-03-19 21:00:00,5,14,16,35
2024-03-19 21:10:00,2,17,17,36
2024-03-19 21:20:00,1,16,18,35
2024-03-19 21:30:00,2,15,17,34
2024-03-19 21:40:00,2,13,9,24
2024-03-19 21:50:00,0,16,15,31
2024-03-19 22:00:00,4,10,15,29
2024-03-19 22:10:00,0,5,21,26
2024-03-19 22:20:00,2,13,16,31
2024-03-19 22:30:00,3,14,12,29
2024-03-19 22:40:00,0,14,23,37
2024-03-19 22:50:00,3,11,8,22
2024-03-19 23:00:00,0,8,9,17
2024-03-19 23:10:00,0,2,2,4
2024-03-19 23:20:00,0,2,7,9
2024-03-19 23:30:00,0,2,6,8
2024-03-19 23:40:00,0,6,3,9
2024-03-19 23:50:00,0,2,2,4
2024-03-20 00:00:00,0,2,11,13
2024-03-20 00:10:00,0,3,2,5
2024-03-20 00:20:00,0,3,1,4
2024-03-20 00:30:00,0,1,3,4
2024-03-20 00:40:00,0,2,4,6
2024-03-20 00:50:00,1,1,3,5
2024-03-20 01:00:00,0,1,0,1
2024-03-20 01:10:00,0,0,4,4
2024-03-20 01:20:00,0,1,2,3
2024-03-20 01:30:00,0,1,0,1
2024-03-20 01:40:00,0,1,1,2
2024-03-20 01:50:00,0,1,0,1
2024-03-20 02:00:00,0,2,1,3
2024-03-20 02:10:00,0,1,3,4
2024-03-20 02:20:00,0,0,0,0
2024-03-20 02:30:00,0,0,0,0
2024-03-20 02:40:00,0,1,2,3
2024-03-20 02:50:00,0,0,0,0
2024-03-20 03:00:00,0,0,0,0
2024-03-20 03:10:00,1,2,0,3
2024-03-20 03:20:00,0,0,0,0
2024-03-20 03:30:00,0,0,0,0
2024-03-20 03:40:00,0,2,2,4
2024-03-20 03:50:00,0,0,1,1
2024-03-20 04:00:00,0,1,3,4
2024-03-20 04:10:00,0,2,0,2
2024-03-20 04:20:00,0,2,0,2
2024-03-20 04:30:00,0,0,3,3
2024-03-20 04:40:00,0,0,1,1
2024-03-20 04:50:00,1,1,0,2
2024-03-20 05:00:00,0,2,6,8
2024-03-20 05:10:00,0,2,6,8
2024-03-20 05:20:00,0,8,4,12
2024-03-20 05:30:00,1,4,5,10
2024-03-20 05:40:00,0,8,7,15
2024-03-20 05:50:00,2,11,2,15
2024-03-20 06:00:00,0,5,6,11
2024-03-20 06:10:00,0,8,23,31
2024-03-20 06:20:00,1,14,26,41
2024-03-20 06:30:00,3,29,5,37
2024-03-20 06:40:00,1,22,12,35
2024-03-20 06:50:00,1,23,21,45
2024-03-20 07:00:00,5,22,26,53
2024-03-20 07:10:00,7,30,17,54
2024-03-20 07:20:00,8,30,22,60
2024-03-20 07:30:00,13,39,42,94
2024-03-20 07:40:00,12,43,43,98
2024-03-20 07:50:00,10,52,45,107
2024-03-20 08:00:00,7,40,33,80
2024-03-20 08:10:00,10,39,43,92
2024-03-20 08:20:00,11,50,29,90
2024-03-20 08:30:00,5,40,24,69
2024-03-20 08:40:00,8,42,42,92
2024-03-20 08:50:00,9,41,33,83
2024-03-20 09:00:00,10,35,21,66
2024-03-20 09:10:00,8,36,21,65
2024-03-20 09:20:00,4,20,27,51
2024-03-20 09:30:00,2,26,27,55
2024-03-20 09:40:00,3,28,28,59
2024-03-20 09:50:00,8,33,22,63
2024-03-20 10:00:00,8,22,29,59
2024-03-20 10:10:00,6,33,32,71
2024-03-20 10:20:00,6,19,22,47
2024-03-20 10:30:00,4,29,18,51
2024-03-20 10:40:00,2,28,29,59
2024-03-20 10:50:00,1,30,28,59
2024-03-20 11:00:00,13,25,29,67
2024-03-20 11:10:00,6,41,28,75
2024-03-20 11:20:00,3,30,30,63
2024-03-20 11:30:00,8,25,29,62
2024-03-20 11:40:00,5,32,33,70
2024-03-20 11:50:00,6,34,27,67
2024-03-20 12:00:00,3,29,28,60
2024-03-20 12:10:00,5,42,29,76
2024-03-20 12:20:00,12,37,26,75
2024-03-20 12:30:00,7,28,27,62
2024-03-20 12:40:00,10,28,38,76
2024-03-20 12:50:00,7,34,21,62
2024-03-20 13:00:00,11,37,26,74
2024-03-20 13:10:00,22,37,23,82
2024-03-20 13:20:00,7,30,30,67
2024-03-20 13:30:00,8,25,22,55
2024-03-20 13:40:00,10,27,34,71
2024-03-20 13:50:00,10,40,26,76
2024-03-20 14:00:00,14,27,25,66
2024-03-20 14:10:00,6,28,22,56
2024-03-20 14:20:00,9,31,28,68
2024-03-20 14:30:00,8,52,34,94
2024-03-20 14:40:00,13,25,38,76
2024-03-20 14:50:00,13,31,27,71
2024-03-20 15:00:00,12,35,41,88
2024-03-20 15:10:00,11,35,22,68
2024-03-20 15:20:00,13,28,42,83
2024-03-20 15:30:00,17,32,46,95
2024-03-20 15:40:00,13,43,45,101
2024-03-20 15:50:00,9,36,31,76
2024-03-20 16:00:00,10,47,28,85
2024-03-20 16:10:00,10,49,30,89
2024-03-20 16:20:00,11,41,42,94
2024-03-20 16:30:00,8,29,43,80
2024-03-20 16:40:00,9,32,52,93
2024-03-20 16:50:00,8,36,49,93
2024-03-20 17:00:00,9,37,52,98
2024-03-20 17:10:00,4,29,46,79
2024-03-20 17:20:00,14,32,38,84
2024-03-20 17:30:00,11,43,48,102
2024-03-20 17:40:00,11,39,40,90
2024-03-20 17:50:00,11,36,48,95
2024-03-20 18:00:00,9,41,38,88
2024-03-20 18:10:00,5,31,40,76
2024-03-20 18:20:00,7,34,39,80
2024-03-20 18:30:00,6,35,37,78
2024-03-20 18:40:00,7,35,56,98
2024-03-20 18:50:00,3,29,39,71
2024-03-20 19:00:00,9,26,36,71
2024-03-20 19:10:00,3,30,33,66
2024-03-20 19:20:00,1,18,45,64
2024-03-20 19:30:00,4,19,42,65
2024-03-20 19:40:00,3,13,36,52
2024-03-20 19:50:00,3,18,25,46
2024-03-20 20:00:00,0,14,18,32
2024-03-20 20:10:00,4,20,29,53
2024-03-20 20:20:00,1,14,39,54
2024-03-20 20:30:00,2,20,25,47
2024-03-20 20:40:00,1,12,18,31
2024-03-20 20:50:00,2,14,17,33
2024-03-20 21:00:00,4,24,17,45
2024-03-20 21:10:00,1,12,19,32
2024-03-20 21:20:00,2,15,15,32
2024-03-20 21:30:00,2,8,16,26
2024-03-20 21:40:00,4,18,7,29
2024-03-20 21:50:00,0,12,19,31
2024-03-20 22:00:00,2,11,14,27
2024-03-20 22:10:00,1,8,16,25
2024-03-20 22:20:00,1,17,14,32
2024-03-20 22:30:00,1,10,12,23
2024-03-20 22:40:00,1,9,12,22
2024-03-20 22:50:00,0,6,8,14
2024-03-20 23:00:00,1,9,8,18
2024-03-20 23:10:00,0,6,11,17
2024-03-20 23:20:00,1,10,9,20
2024-03-20 23:30:00,0,1,4,5
2024-03-20 23:40:00,0,7,6,13
2024-03-20 23:50:00,1,3,5,9
2024-03-21 00:00:00,1,1,4,6
2024-03-21 00:10:00,0,3,1,4
2024-03-21 00:20:00,0,2,0,2
2024-03-21 00:30:00,0,0,4,4
2024-03-21 00:40:00,0,5,5,10
2024-03-21 00:50:00,1,2,0,3
2024-03-21 01:00:00,0,0,0,0
2024-03-21 01:10:00,0,0,5,5
2024-03-21 01:20:00,0,1,0,1
2024-03-21 01:30:00,1,1,0,2
2024-03-21 01:40:00,0,1,1,2
2024-03-21 01:50:00,0,1,0,1
2024-03-21 02:00:00,0,0,1,1
2024-03-21 02:10:00,0,0,1,1
2024-03-21 02:20:00,0,0,2,2
2024-03-21 02:30:00,0,1,0,1
2024-03-21 02:40:00,0,2,0,2
2024-03-21 02:50:00,0,2,0,2
2024-03-21 03:00:00,0,0,2,2
2024-03-21 03:10:00,0,0,0,0
2024-03-21 03:20:00,0,0,0,0
2024-03-21 03:30:00,0,1,0,1
2024-03-21 03:40:00,0,3,0,3
2024-03-21 03:50:00,0,0,0,0
2024-03-21 04:00:00,1,1,4,6
2024-03-21 04:10:00,0,3,0,3
2024-03-21 04:20:00,0,1,0,1
2024-03-21 04:30:00,0,1,6,7
2024-03-21 04:40:00,0,1,4,5
2024-03-21 04:50:00,0,3,1,4
2024-03-21 05:00:00,0,1,3,4
2024-03-21 05:10:00,0,2,5,7
2024-03-21 05:20:00,0,4,10,14
2024-03-21 05:30:00,0,5,6,11
2024-03-21 05:40:00,0,5,10,15
2024-03-21 05:50:00,1,8,3,12
2024-03-21 06:00:00,0,10,7,17
2024-03-21 06:10:00,1,8,16,25
2024-03-21 06:20:00,0,15,15,30
2024-03-21 06:30:00,1,26,15,42
2024-03-21 06:40:00,0,23,6,29
2024-03-21 06:50:00,0,20,20,40
2024-03-21 07:00:00,1,26,22,49
2024-03-21 07:10:00,2,26,21,49
2024-03-21 07:20:00,11,33,29,73
2024-03-21 07:30:00,13,28,41,82
2024-03-21 07:40:00,12,39,39,90
2024-03-21 07:50:00,8,41,51,100
2024-03-21 08:00:00,10,31,44,85
2024-03-21 08:10:00,10,40,40,90
2024-03-21 08:20:00,10,40,30,80
2024-03-21 08:30:00,5,28,25,58
2024-03-21 08:40:00,11,42,21,74
2024-03-21 08:50:00,7,33,27,67
2024-03-21 09:00:00,3,43,25,71
2024-03-21 09:10:00,9,31,16,56
2024-03-21 09:20:00,6,26,18,50
2024-03-21 09:30:00,10,17,30,57
2024-03-21 09:40:00,6,31,24,61
2024-03-21 09:50:00,9,24,23,56
2024-03-21 10:00:00,3,25,26,54
2024-03-21 10:10:00,3,41,30,74
2024-03-21 10:20:00,4,34,27,65
2024-03-21 10:30:00,6,41,29,76
2024-03-21 10:40:00,5,30,23,58
2024-03-21 10:50:00,5,29,58,92
2024-03-21 11:00:00,5,31,18,54
2024-03-21 11:10:00,4,28,26,58
2024-03-21 11:20:00,7,34,29,70
2024-03-21 11:30:00,7,28,27,62
2024-03-21 11:40:00,2,34,23,59
2024-03-21 11:50:00,10,33,27,70
2024-03-21 12:00:00,8,36,29,73
2024-03-21 12:10:00,5,27,32,64
2024-03-21 12:20:00,10,34,35,79
2024-03-21 12:30:00,4,25,19,48
2024-03-21 12:40:00,8,36,26,70
2024-03-21 12:50:00,6,30,29,65
2024-03-21 13:00:00,14,23,29,66
2024-03-21 13:10:00,12,24,22,58
2024-03-21 13:20:00,11,31,23,65
2024-03-21 13:30:00,10,33,56,99
2024-03-21 13:40:00,9,25,24,58
2024-03-21 13:50:00,9,32,30,71
2024-03-21 14:00:00,11,36,27,74
2024-03-21 14:10:00,10,42,34,86
2024-03-21 14:20:00,9,34,33,76
2024-03-21 14:30:00,7,37,39,83
2024-03-21 14:40:00,3,32,32,67
2024-03-21 14:50:00,9,32,27,68
2024-03-21 15:00:00,8,35,27,70
2024-03-21 15:10:00,6,41,35,82
2024-03-21 15:20:00,9,26,34,69
2024-03-21 15:30:00,9,43,43,95
2024-03-21 15:40:00,15,43,30,88
2024-03-21 15:50:00,15,38,45,98
2024-03-21 16:00:00,12,42,42,96
2024-03-21 16:10:00,16,32,30,78
2024-03-21 16:20:00,5,44,46,95
2024-03-21 16:30:00,11,29,40,80
2024-03-21 16:40:00,10,36,39,85
2024-03-21 16:50:00,8,32,34,74
2024-03-21 17:00:00,7,40,41,88
2024-03-21 17:10:00,10,35,41,86
2024-03-21 17:20:00,10,40,43,93
2024-03-21 17:30:00,8,40,43,91
2024-03-21 17:40:00,11,32,45,88
2024-03-21 17:50:00,8,46,42,96
2024-03-21 18:00:00,8,34,33,75
2024-03-21 18:10:00,9,46,26,81
2024-03-21 18:20:00,4,46,30,80
2024-03-21 18:30:00,6,40,39,85
2024-03-21 18:40:00,3,29,42,74
2024-03-21 18:50:00,3,26,53,82
2024-03-21 19:00:00,7,19,43,69
2024-03-21 19:10:00,5,26,32,63
2024-03-21 19:20:00,1,10,40,51
2024-03-21 19:30:00,1,30,33,64
2024-03-21 19:40:00,2,15,21,38
2024-03-21 19:50:00,1,19,27,47
2024-03-21 20:00:00,1,28,34,63
2024-03-21 20:10:00,4,19,21,44
2024-03-21 20:20:00,2,12,25,39
2024-03-21 20:30:00,1,16,20,37
2024-03-21 20:40:00,3,14,13,30
2024-03-21 20:50:00,2,11,20,33
2024-03-21 21:00:00,3,11,15,29
2024-03-21 21:10:00,0,13,16,29
2024-03-21 21:20:00,1,10,18,29
2024-03-21 21:30:00,0,12,17,29
2024-03-21 21:40:00,2,13,13,28
2024-03-21 21:50:00,0,14,11,25
2024-03-21 22:00:00,0,14,13,27
2024-03-21 22:10:00,1,12,8,21
2024-03-21 22:20:00,3,11,18,32
2024-03-21 22:30:00,2,13,17,32
2024-03-21 22:40:00,2,12,9,23
2024-03-21 22:50:00,0,7,17,24
2024-03-21 23:00:00,0,6,12,18
2024-03-21 23:10:00,0,8,7,15
2024-03-21 23:20:00,0,7,4,11
2024-03-21 23:30:00,0,3,10,13
2024-03-21 23:40:00,2,2,7,11
2024-03-21 23:50:00,0,2,3,5
2024-03-22 00:00:00,0,3,11,14
2024-03-22 00:10:00,0,5,0,5
2024-03-22 00:20:00,1,2,5,8
2024-03-22 00:30:00,1,1,7,9
2024-03-22 00:40:00,1,3,3,7
2024-03-22 00:50:00,0,3,1,4
2024-03-22 01:00:00,1,0,4,5
2024-03-22 01:10:00,0,2,3,5
2024-03-22 01:20:00,0,1,1,2
2024-03-22 01:30:00,0,1,4,5
2024-03-22 01:40:00,1,2,1,4
2024-03-22 01:50:00,0,1,1,2
2024-03-22 02:00:00,1,1,1,3
2024-03-22 02:10:00,0,1,3,4
2024-03-22 02:20:00,0,2,0,2
2024-03-22 02:30:00,0,1,1,2
2024-03-22 02:40:00,0,2,0,2
2024-03-22 02:50:00,0,0,0,0
2024-03-22 03:00:00,0,1,2,3
2024-03-22 03:10:00,0,2,0,2
2024-03-22 03:20:00,0,0,0,0
2024-03-22 03:30:00,0,0,0,0
2024-03-22 03:40:00,0,3,0,3
2024-03-22 03:50:00,1,2,1,4
2024-03-22 04:00:00,0,0,3,3
2024-03-22 04:10:00,0,2,0,2
2024-03-22 04:20:00,0,2,1,3
2024-03-22 04:30:00,0,2,3,5
2024-03-22 04:40:00,0,1,1,2
2024-03-22 04:50:00,0,2,0,2
2024-03-22 05:00:00,0,4,4,8
2024-03-22 05:10:00,0,2,4,6
2024-03-22 05:20:00,0,3,4,7
2024-03-22 05:30:00,0,3,6,9
2024-03-22 05:40:00,0,4,8,12
2024-03-22 05:50:00,2,5,3,10
2024-03-22 06:00:00,0,4,4,8
2024-03-22 06:10:00,2,9,10,21
2024-03-22 06:20:00,2,13,14,29
2024-03-22 06:30:00,1,15,5,21
2024-03-22 06:40:00,1,15,19,35
2024-03-22 06:50:00,2,17,11,30
2024-03-22 07:00:00,2,17,21,40
2024-03-22 07:10:00,6,28,13,47
2024-03-22 07:20:00,8,24,32,64
2024-03-22 07:30:00,15,29,38,82
2024-03-22 07:40:00,15,44,40,99
2024-03-22 07:50:00,8,49,40,97
2024-03-22 08:00:00,6,23,41,70
2024-03-22 08:10:00,7,22,30,59
2024-03-22 08:20:00,12,26,25,63
2024-03-22 08:30:00,11,32,25,68
2024-03-22 08:40:00,5,28,30,63
2024-03-22 08:50:00,2,27,34,63
2024-03-22 09:00:00,7,30,20,57
2024-03-22 09:10:00,10,20,22,52
2024-03-22 09:20:00,7,23,32,62
2024-03-22 09:30:00,7,24,24,55
2024-03-22 09:40:00,7,23,26,56
2024-03-22 09:50:00,2,23,19,44
2024-03-22 10:00:00,4,19,24,47
2024-03-22 10:10:00,7,29,31,67
2024-03-22 10:20:00,6,28,35,69
2024-03-22 10:30:00,4,31,22,57
2024-03-22 10:40:00,9,37,25,71
2024-03-22 10:50:00,7,37,36,80
2024-03-22 11:00:00,7,21,20,48
2024-03-22 11:10:00,3,27,25,55
2024-03-22 11:20:00,5,21,19,45
2024-03-22 11:30:00,8,25,26,59
2024-03-22 11:40:00,9,29,30,68
2024-03-22 11:50:00,7,30,26,63
2024-03-22 12:00:00,5,27,27,59
2024-03-22 12:10:00,9,26,31,66
2024-03-22 12:20:00,17,34,25,76
2024-03-22 12:30:00,9,36,31,76
2024-03-22 12:40:00,6,20,26,52
2024-03-22 12:50:00,7,22,26,55
2024-03-22 13:00:00,14,16,29,59
2024-03-22 13:10:00,19,32,40,91
2024-03-22 13:20:00,11,34,37,82
2024-03-22 13:30:00,6,18,23,47
2024-03-22 13:40:00,6,34,19,59
2024-03-22 13:50:00,6,30,29,65
2024-03-22 14:00:00,5,29,35,69
2024-03-22 14:10:00,7,33,49,89
2024-03-22 14:20:00,13,26,21,60
2024-03-22 14:30:00,7,27,29,63
2024-03-22 14:40:00,4,21,33,58
2024-03-22 14:50:00,9,24,35,68
2024-03-22 15:00:00,11,31,23,65
2024-03-22 15:10:00,7,32,32,71
2024-03-22 15:20:00,8,33,33,74
2024-03-22 15:30:00,9,16,34,59
2024-03-22 15:40:00,14,22,44,80
2024-03-22 15:50:00,11,28,34,73
2024-03-22 16:00:00,14,19,40,73
2024-03-22 16:10:00,11,31,34,76
2024-03-22 16:20:00,8,30,27,65
2024-03-22 16:30:00,10,26,42,78
2024-03-22 16:40:00,9,27,38,74
2024-03-22 16:50:00,12,27,25,64
2024-03-22 17:00:00,7,17,35,59
2024-03-22 17:10:00,5,22,20,47
2024-03-22 17:20:00,16,22,29,67
2024-03-22 17:30:00,6,24,25,55
2024-03-22 17:40:00,6,24,19,49
2024-03-22 17:50:00,12,24,36,72
2024-03-22 18:00:00,6,15,25,46
2024-03-22 18:10:00,9,22,34,65
2024-03-22 18:20:00,11,25,26,62
2024-03-22 18:30:00,4,21,16,41
2024-03-22 18:40:00,4,12,5,21
2024-03-22 18:50:00,1,9,19,29
2024-03-22 19:00:00,8,22,41,71
2024-03-22 19:10:00,8,12,44,64
2024-03-22 19:20:00,5,12,35,52
2024-03-22 19:30:00,7,16,25,48
2024-03-22 19:40:00,3,8,32,43
2024-03-22 19:50:00,4,16,26,46
2024-03-22 20:00:00,5,12,24,41
2024-03-22 20:10:00,3,19,25,47
2024-03-22 20:20:00,3,15,20,38
2024-03-22 20:30:00,4,15,18,37
2024-03-22 20:40:00,1,6,16,23
2024-03-22 20:50:00,3,9,21,33
2024-03-22 21:00:00,4,7,12,23
2024-03-22 21:10:00,4,6,18,28
2024-03-22 21:20:00,2,10,23,35
2024-03-22 21:30:00,2,7,14,23
2024-03-22 21:40:00,4,9,14,27
2024-03-22 21:50:00,3,11,11,25
2024-03-22 22:00:00,1,15,21,37
2024-03-22 22:10:00,5,9,29,43
2024-03-22 22:20:00,4,6,6,16
2024-03-22 22:30:00,2,4,13,19
2024-03-22 22:40:00,0,6,16,22
2024-03-22 22:50:00,4,14,14,32
2024-03-22 23:00:00,2,12,24,38
2024-03-22 23:10:00,3,9,3,15
2024-03-22 23:20:00,6,13,11,30
2024-03-22 23:30:00,2,10,10,22
2024-03-22 23:40:00,0,9,8,17
2024-03-22 23:50:00,1,8,5,14
2024-03-23 00:00:00,1,5,4,10
2024-03-23 00:10:00,1,2,4,7
2024-03-23 00:20:00,0,3,5,8
2024-03-23 00:30:00,3,7,9,19
2024-03-23 00:40:00,1,4,1,6
2024-03-23 00:50:00,2,3,3,8
2024-03-23 01:00:00,1,8,7,16
2024-03-23 01:10:00,0,6,2,8
2024-03-23 01:20:00,2,3,6,11
2024-03-23 01:30:00,1,4,4,9
2024-03-23 01:40:00,1,2,0,3
2024-03-23 01:50:00,0,2,4,6
2024-03-23 02:00:00,1,0,6,7
2024-03-23 02:10:00,0,3,3,6
2024-03-23 02:20:00,2,3,2,7
2024-03-23 02:30:00,1,2,5,8
2024-03-23 02:40:00,1,2,4,7
2024-03-23 02:50:00,0,3,0,3
2024-03-23 03:00:00,0,1,3,4
2024-03-23 03:10:00,0,0,0,0
2024-03-23 03:20:00,1,1,2,4
2024-03-23 03:30:00,0,0,7,7
2024-03-23 03:40:00,0,2,5,7
2024-03-23 03:50:00,0,2,4,6
2024-03-23 04:00:00,0,3,0,3
2024-03-23 04:10:00,0,1,5,6
2024-03-23 04:20:00,0,1,2,3
2024-03-23 04:30:00,0,1,0,1
2024-03-23 04:40:00,0,0,4,4
2024-03-23 04:50:00,0,1,0,1
2024-03-23 05:00:00,1,0,6,7
2024-03-23 05:10:00,0,3,7,10
2024-03-23 05:20:00,0,1,2,3
2024-03-23 05:30:00,0,2,2,4
2024-03-23 05:40:00,0,3,2,5
2024-03-23 05:50:00,0,0,1,1
2024-03-23 06:00:00,1,2,6,9
2024-03-23 06:10:00,0,5,2,7
2024-03-23 06:20:00,0,2,2,4
2024-03-23 06:30:00,0,2,4,6
2024-03-23 06:40:00,0,1,6,7
2024-03-23 06:50:00,1,3,2,6
2024-03-23 07:00:00,1,4,4,9
2024-03-23 07:10:00,0,6,7,13
2024-03-23 07:20:00,1,3,1,5
2024-03-23 07:30:00,1,7,6,14
2024-03-23 07:40:00,3,3,6,12
2024-03-23 07:50:00,2,13,11,26
2024-03-23 08:00:00,0,11,8,19
2024-03-23 08:10:00,2,10,11,23
2024-03-23 08:20:00,2,4,9,15
2024-03-23 08:30:00,0,7,8,15
2024-03-23 08:40:00,2,11,14,27
2024-03-23 08:50:00,3,17,8,28
2024-03-23 09:00:00,3,14,11,28
2024-03-23 09:10:00,2,8,10,20
2024-03-23 09:20:00,4,19,16,39
2024-03-23 09:30:00,4,13,23,40
2024-03-23 09:40:00,4,11,30,45
2024-03-23 09:50:00,3,15,16,34
2024-03-23 10:00:00,5,18,22,45
2024-03-23 10:10:00,4,16,17,37
2024-03-23 10:20:00,4,19,17,40
2024-03-23 10:30:00,4,18,21,43
2024-03-23 10:40:00,6,14,11,31
2024-03-23 10:50:00,7,18,34,59
2024-03-23 11:00:00,3,17,23,43
2024-03-23 11:10:00,2,20,24,46
2024-03-23 11:20:00,5,21,12,38
2024-03-23 11:30:00,9,20,26,55
2024-03-23 11:40:00,5,16,27,48
2024-03-23 11:50:00,7,19,18,44
2024-03-23 12:00:00,5,19,29,53
2024-03-23 12:10:00,4,20,21,45
2024-03-23 12:20:00,3,15,31,49
2024-03-23 12:30:00,6,23,35,64
2024-03-23 12:40:00,4,27,28,59
2024-03-23 12:50:00,1,12,21,34
2024-03-23 13:00:00,8,13,32,53
2024-03-23 13:10:00,6,12,11,29
2024-03-23 13:20:00,1,14,19,34
2024-03-23 13:30:00,7,17,16,40
2024-03-23 13:40:00,2,18,23,43
2024-03-23 13:50:00,2,16,30,48
2024-03-23 14:00:00,3,18,26,47
2024-03-23 14:10:00,5,16,21,42
2024-03-23 14:20:00,1,26,29,56
2024-03-23 14:30:00,3,15,31,49
2024-03-23 14:40:00,2,10,15,27
2024-03-23 14:50:00,2,12,24,38
2024-03-23 15:00:00,4,17,13,34
2024-03-23 15:10:00,2,15,19,36
2024-03-23 15:20:00,0,9,18,27
2024-03-23 15:30:00,2,11,12,25
2024-03-23 15:40:00,2,12,17,31
2024-03-23 15:50:00,1,17,19,37
2024-03-23 16:00:00,6,13,14,33
2024-03-23 16:10:00,3,19,15,37
2024-03-23 16:20:00,4,12,19,35
2024-03-23 16:30:00,5,11,11,27
2024-03-23 16:40:00,7,16,21,44
2024-03-23 16:50:00,2,14,18,34
2024-03-23 17:00:00,1,19,24,44
2024-03-23 17:10:00,3,20,23,46
2024-03-23 17:20:00,3,16,16,35
2024-03-23 17:30:00,3,19,22,44
2024-03-23 17:40:00,2,14,15,31
2024-03-23 17:50:00,2,12,20,34
2024-03-23 18:00:00,3,18,27,48
2024-03-23 18:10:00,3,9,22,34
2024-03-23 18:20:00,4,18,25,47
2024-03-23 18:30:00,4,25,21,50
2024-03-23 18:40:00,5,16,30,51
2024-03-23 18:50:00,2,14,20,36
2024-03-23 19:00:00,2,21,22,45
2024-03-23 19:10:00,1,9,21,31
2024-03-23 19:20:00,3,19,20,42
2024-03-23 19:30:00,1,10,24,35
2024-03-23 19:40:00,4,11,14,29
2024-03-23 19:50:00,0,13,26,39
2024-03-23 20:00:00,0,10,27,37
2024-03-23 20:10:00,1,8,20,29
2024-03-23 20:20:00,2,4,12,18
2024-03-23 20:30:00,2,7,18,27
2024-03-23 20:40:00,1,9,12,22
2024-03-23 20:50:00,2,12,19,33
2024-03-23 21:00:00,3,3,12,18
2024-03-23 21:10:00,1,9,15,25
2024-03-23 21:20:00,0,5,11,16
2024-03-23 21:30:00,2,6,20,28
2024-03-23 21:40:00,1,8,7,16
2024-03-23 21:50:00,0,6,17,23
2024-03-23 22:00:00,0,6,15,21
2024-03-23 22:10:00,0,5,12,17
2024-03-23 22:20:00,0,5,9,14
2024-03-23 22:30:00,1,4,9,14
2024-03-23 22:40:00,0,6,16,22
2024-03-23 22:50:00,1,4,7,12
2024-03-23 23:00:00,0,7,7,14
2024-03-23 23:10:00,0,5,12,17
2024-03-23 23:20:00,2,9,17,28
2024-03-23 23:30:00,0,5,6,11
2024-03-23 23:40:00,1,12,19,32
2024-03-23 23:50:00,0,5,14,19
2024-03-24 00:00:00,0,5,6,11
2024-03-24 00:10:00,0,7,10,17
2024-03-24 00:20:00,0,3,5,8
2024-03-24 00:30:00,0,6,5,11
2024-03-24 00:40:00,0,5,22,27
2024-03-24 00:50:00,2,3,13,18
2024-03-24 01:00:00,1,2,4,7
2024-03-24 01:10:00,0,0,5,5
2024-03-24 01:20:00,0,3,2,5
2024-03-24 01:30:00,0,0,2,2
2024-03-24 01:40:00,0,0,1,1
2024-03-24 01:50:00,0,1,2,3
2024-03-24 02:00:00,0,1,2,3
2024-03-24 02:10:00,0,4,2,6
2024-03-24 02:20:00,0,0,0,0
2024-03-24 02:30:00,0,0,2,2
2024-03-24 02:40:00,1,3,0,4
2024-03-24 02:50:00,0,2,1,3
2024-03-24 03:00:00,0,0,0,0
2024-03-24 03:10:00,0,0,2,2
2024-03-24 03:20:00,0,0,2,2
2024-03-24 03:30:00,1,1,0,2
2024-03-24 03:40:00,0,1,3,4
2024-03-24 03:50:00,0,0,3,3
2024-03-24 04:00:00,0,2,0,2
2024-03-24 04:10:00,0,0,2,2
2024-03-24 04:20:00,0,0,3,3
2024-03-24 04:30:00,1,0,1,2
2024-03-24 04:40:00,0,0,2,2
2024-03-24 04:50:00,0,2,0,2
2024-03-24 05:00:00,0,2,2,4
2024-03-24 05:10:00,0,0,0,0
2024-03-24 05:20:00,0,0,3,3
2024-03-24 05:30:00,0,0,1,1
2024-03-24 05:40:00,0,2,2,4
2024-03-24 05:50:00,0,1,3,4
2024-03-24 06:00:00,0,0,0,0
2024-03-24 06:10:00,0,0,3,3
2024-03-24 06:20:00,0,1,1,2
2024-03-24 06:30:00,0,1,1,2
2024-03-24 06:40:00,0,0,2,2
2024-03-24 06:50:00,1,4,2,7
2024-03-24 07:00:00,0,3,4,7
2024-03-24 07:10:00,1,1,1,3
2024-03-24 07:20:00,1,2,0,3
2024-03-24 07:30:00,0,1,4,5
2024-03-24 07:40:00,0,1,5,6
2024-03-24 07:50:00,1,5,1,7
2024-03-24 08:00:00,1,4,0,5
2024-03-24 08:10:00,0,4,6,10
2024-03-24 08:20:00,0,3,3,6
2024-03-24 08:30:00,1,3,2,6
2024-03-24 08:40:00,1,5,6,12
2024-03-24 08:50:00,2,1,9,12
2024-03-24 09:00:00,1,8,8,17
2024-03-24 09:10:00,3,1,10,14
2024-03-24 09:20:00,3,7,10,20
2024-03-24 09:30:00,2,8,13,23
2024-03-24 09:40:00,2,9,14,25
2024-03-24 09:50:00,5,10,17,32
2024-03-24 10:00:00,2,11,14,27
2024-03-24 10:10:00,1,5,11,17
2024-03-24 10:20:00,2,3,3,8
2024-03-24 10:30:00,3,14,18,35
2024-03-24 10:40:00,4,12,12,28
2024-03-24 10:50:00,1,8,9,18
2024-03-24 11:00:00,5,9,13,27
2024-03-24 11:10:00,3,11,11,25
2024-03-24 11:20:00,6,5,20,31
2024-03-24 11:30:00,0,7,12,19
2024-03-24 11:40:00,1,13,21,35
2024-03-24 11:50:00,2,16,16,34
2024-03-24 12:00:00,2,17,19,38
2024-03-24 12:10:00,2,18,19,39
2024-03-24 12:20:00,2,13,9,24
2024-03-24 12:30:00,2,16,11,29
2024-03-24 12:40:00,3,7,19,29
2024-03-24 12:50:00,3,10,13,26
2024-03-24 13:00:00,1,18,11,30
2024-03-24 13:10:00,1,14,21,36
2024-03-24 13:20:00,2,19,23,44
2024-03-24 13:30:00,4,14,29,47
2024-03-24 13:40:00,2,22,10,34
2024-03-24 13:50:00,3,13,18,34
2024-03-24 14:00:00,4,16,22,42
2024-03-24 14:10:00,4,14,16,34
2024-03-24 14:20:00,4,15,19,38
2024-03-24 14:30:00,7,20,26,53
2024-03-24 14:40:00,4,13,22,39
2024-03-24 14:50:00,5,18,15,38
2024-03-24 15:00:00,8,15,15,38
2024-03-24 15:10:00,4,8,19,31
2024-03-24 15:20:00,5,16,15,36
2024-03-24 15:30:00,4,28,20,52
2024-03-24 15:40:00,8,11,17,36
2024-03-24 15:50:00,8,20,21,49
2024-03-24 16:00:00,4,16,21,41
2024-03-24 16:10:00,7,11,17,35
2024-03-24 16:20:00,4,14,17,35
2024-03-24 16:30:00,2,15,17,34
2024-03-24 16:40:00,2,12,26,40
2024-03-24 16:50:00,3,14,12,29
2024-03-24 17:00:00,1,12,13,26
2024-03-24 17:10:00,3,16,24,43
2024-03-24 17:20:00,1,15,20,36
2024-03-24 17:30:00,1,12,23,36
2024-03-24 17:40:00,2,21,16,39
2024-03-24 17:50:00,2,12,20,34
2024-03-24 18:00:00,1,19,30,50
2024-03-24 18:10:00,4,21,29,54
2024-03-24 18:20:00,5,8,25,38
2024-03-24 18:30:00,6,16,26,48
2024-03-24 18:40:00,6,23,27,56
2024-03-24 18:50:00,5,16,8,29
2024-03-24 19:00:00,2,9,27,38
2024-03-24 19:10:00,3,8,33,44
2024-03-24 19:20:00,2,13,23,38
2024-03-24 19:30:00,6,16,27,49
2024-03-24 19:40:00,3,11,27,41
2024-03-24 19:50:00,1,7,16,24
2024-03-24 20:00:00,0,6,23,29
2024-03-24 20:10:00,4,16,18,38
2024-03-24 20:20:00,8,6,17,31
2024-03-24 20:30:00,3,12,20,35
2024-03-24 20:40:00,2,6,16,24
2024-03-24 20:50:00,1,14,10,25
2024-03-24 21:00:00,2,7,17,26
2024-03-24 21:10:00,0,6,13,19
2024-03-24 21:20:00,2,10,11,23
2024-03-24 21:30:00,5,9,18,32
2024-03-24 21:40:00,2,2,6,10
2024-03-24 21:50:00,2,4,8,14
2024-03-24 22:00:00,1,4,17,22
2024-03-24 22:10:00,1,6,14,21
2024-03-24 22:20:00,0,5,12,17
2024-03-24 22:30:00,0,4,10,14
2024-03-24 22:40:00,0,3,8,11
2024-03-24 22:50:00,1,5,4,10
2024-03-24 23:00:00,0,3,4,7
2024-03-24 23:10:00,0,2,7,9
2024-03-24 23:20:00,0,1,7,8
2024-03-24 23:30:00,0,3,7,10
2024-03-24 23:40:00,1,2,5,8
2024-03-24 23:50:00,0,0,0,0
2024-03-25 00:00:00,0,2,3,5
2024-03-25 00:10:00,0,0,4,4
2024-03-25 00:20:00,0,1,0,1
2024-03-25 00:30:00,0,2,6,8
2024-03-25 00:40:00,0,1,0,1
2024-03-25 00:50:00,0,1,0,1
2024-03-25 01:00:00,0,1,0,1
2024-03-25 01:10:00,0,0,2,2
2024-03-25 01:20:00,0,1,2,3
2024-03-25 01:30:00,0,0,0,0
2024-03-25 01:40:00,0,0,0,0
2024-03-25 01:50:00,0,0,0,0
2024-03-25 02:00:00,0,0,0,0
2024-03-25 02:10:00,0,0,1,1
2024-03-25 02:20:00,0,1,0,1
2024-03-25 02:30:00,0,1,0,1
2024-03-25 02:40:00,0,0,1,1
2024-03-25 02:50:00,0,0,0,0
2024-03-25 03:00:00,0,0,1,1
2024-03-25 03:10:00,0,2,0,2
2024-03-25 03:20:00,0,0,0,0
2024-03-25 03:30:00,1,2,2,5
2024-03-25 03:40:00,0,0,0,0
2024-03-25 03:50:00,0,0,5,5
2024-03-25 04:00:00,0,0,0,0
2024-03-25 04:10:00,0,0,2,2
2024-03-25 04:20:00,0,0,0,0
2024-03-25 04:30:00,0,0,0,0
2024-03-25 04:40:00,0,0,5,5
2024-03-25 04:50:00,0,1,1,2
2024-03-25 05:00:00,1,3,3,7
2024-03-25 05:10:00,0,2,0,2
2024-03-25 05:20:00,0,1,8,9
2024-03-25 05:30:00,0,0,7,7
2024-03-25 05:40:00,0,2,14,16
2024-03-25 05:50:00,0,2,2,4
2024-03-25 06:00:00,0,2,7,9
2024-03-25 06:10:00,1,7,9,17
2024-03-25 06:20:00,1,2,12,15
2024-03-25 06:30:00,0,4,5,9
2024-03-25 06:40:00,0,11,9,20
2024-03-25 06:50:00,0,5,8,13
2024-03-25 07:00:00,0,11,14,25
2024-03-25 07:10:00,1,8,17,26
2024-03-25 07:20:00,2,8,18,28
2024-03-25 07:30:00,2,16,16,34
2024-03-25 07:40:00,2,9,25,36
2024-03-25 07:50:00,3,18,15,36
2024-03-25 08:00:00,4,16,17,37
2024-03-25 08:10:00,5,17,18,40
2024-03-25 08:20:00,4,17,25,46
2024-03-25 08:30:00,5,29,21,55
2024-03-25 08:40:00,7,15,25,47
2024-03-25 08:50:00,6,18,16,40
2024-03-25 09:00:00,6,22,16,44
2024-03-25 09:10:00,8,15,25,48
2024-03-25 09:20:00,5,14,23,42
2024-03-25 09:30:00,2,22,20,44
2024-03-25 09:40:00,6,17,20,43
2024-03-25 09:50:00,3,18,26,47
2024-03-25 10:00:00,3,17,27,47
2024-03-25 10:10:00,2,21,15,38
2024-03-25 10:20:00,6,17,27,50
2024-03-25 10:30:00,3,18,24,45
2024-03-25 10:40:00,3,22,21,46
2024-03-25 10:50:00,8,31,28,67
2024-03-25 11:00:00,2,17,16,35
2024-03-25 11:10:00,5,20,23,48
2024-03-25 11:20:00,4,17,22,43
2024-03-25 11:30:00,2,18,11,31
2024-03-25 11:40:00,3,23,27,53
2024-03-25 11:50:00,4,17,23,44
2024-03-25 12:00:00,2,14,23,39
2024-03-25 12:10:00,1,16,15,32
2024-03-25 12:20:00,2,15,35,52
2024-03-25 12:30:00,2,19,20,41
2024-03-25 12:40:00,0,20,19,39
2024-03-25 12:50:00,1,14,22,37
2024-03-25 13:00:00,2,13,19,34
2024-03-25 13:10:00,3,12,20,35
2024-03-25 13:20:00,2,26,16,44
2024-03-25 13:30:00,3,14,15,32
2024-03-25 13:40:00,2,9,25,36
2024-03-25 13:50:00,4,16,24,44
2024-03-25 14:00:00,6,23,22,51
2024-03-25 14:10:00,7,13,17,37
2024-03-25 14:20:00,7,21,26,54
2024-03-25 14:30:00,5,17,38,60
2024-03-25 14:40:00,6,24,32,62
2024-03-25 14:50:00,7,26,39,72
2024-03-25 15:00:00,8,18,27,53
2024-03-25 15:10:00,2,20,19,41
2024-03-25 15:20:00,1,25,48,74
2024-03-25 15:30:00,7,22,21,50
2024-03-25 15:40:00,9,22,36,67
2024-03-25 15:50:00,6,36,43,85
2024-03-25 16:00:00,5,28,35,68
2024-03-25 16:10:00,7,17,31,55
2024-03-25 16:20:00,9,29,26,64
2024-03-25 16:30:00,8,19,38,65
2024-03-25 16:40:00,7,28,26,61
2024-03-25 16:50:00,8,20,25,53
2024-03-25 17:00:00,6,21,26,53
2024-03-25 17:10:00,7,19,36,62
2024-03-25 17:20:00,4,22,25,51
2024-03-25 17:30:00,5,25,31,61
2024-03-25 17:40:00,3,11,21,35
2024-03-25 17:50:00,5,18,29,52
2024-03-25 18:00:00,5,22,25,52
2024-03-25 18:10:00,9,20,20,49
2024-03-25 18:20:00,5,12,24,41
2024-03-25 18:30:00,3,21,15,39
2024-03-25 18:40:00,2,24,31,57
2024-03-25 18:50:00,3,18,29,50
2024-03-25 19:00:00,4,16,16,36
2024-03-25 19:10:00,2,15,22,39
2024-03-25 19:20:00,9,15,23,47
2024-03-25 19:30:00,4,6,28,38
2024-03-25 19:40:00,0,9,27,36
2024-03-25 19:50:00,4,10,24,38
2024-03-25 20:00:00,1,4,26,31
2024-03-25 20:10:00,1,15,18,34
2024-03-25 20:20:00,0,8,17,25
2024-03-25 20:30:00,1,7,12,20
2024-03-25 20:40:00,2,8,9,19
2024-03-25 20:50:00,0,7,23,30
2024-03-25 21:00:00,1,9,23,33
2024-03-25 21:10:00,0,8,10,18
2024-03-25 21:20:00,1,3,10,14
2024-03-25 21:30:00,4,5,13,22
2024-03-25 21:40:00,1,6,8,15
2024-03-25 21:50:00,3,6,11,20
2024-03-25 22:00:00,0,6,14,20
2024-03-25 22:10:00,1,5,10,16
2024-03-25 22:20:00,1,6,4,11
2024-03-25 22:30:00,3,12,11,26
2024-03-25 22:40:00,0,2,6,8
2024-03-25 22:50:00,1,2,5,8
2024-03-25 23:00:00,1,1,0,2
2024-03-25 23:10:00,0,3,10,13
2024-03-25 23:20:00,0,3,3,6
2024-03-25 23:30:00,0,4,5,9
2024-03-25 23:40:00,0,4,3,7
2024-03-25 23:50:00,0,1,5,6
2024-03-26 00:00:00,0,1,2,3
2024-03-26 00:10:00,2,4,2,8
2024-03-26 00:20:00,0,3,2,5
2024-03-26 00:30:00,0,1,0,1
2024-03-26 00:40:00,0,0,0,0
2024-03-26 00:50:00,0,1,0,1
2024-03-26 01:00:00,0,1,3,4
2024-03-26 01:10:00,0,1,0,1
2024-03-26 01:20:00,0,1,0,1
2024-03-26 01:30:00,0,0,0,0
2024-03-26 01:40:00,0,0,0,0
2024-03-26 01:50:00,0,1,2,3
2024-03-26 02:00:00,0,0,1,1
2024-03-26 02:10:00,0,0,2,2
2024-03-26 02:20:00,0,0,0,0
2024-03-26 02:30:00,0,0,0,0
2024-03-26 02:40:00,0,0,2,2
2024-03-26 02:50:00,0,0,0,0
2024-03-26 03:00:00,0,0,0,0
2024-03-26 03:10:00,0,0,0,0
2024-03-26 03:20:00,0,0,0,0
2024-03-26 03:30:00,0,0,0,0
2024-03-26 03:40:00,0,1,2,3
2024-03-26 03:50:00,0,0,0,0
2024-03-26 04:00:00,0,0,0,0
2024-03-26 04:10:00,0,0,2,2
2024-03-26 04:20:00,0,0,0,0
2024-03-26 04:30:00,0,0,2,2
2024-03-26 04:40:00,0,0,3,3
2024-03-26 04:50:00,0,0,0,0
2024-03-26 05:00:00,1,1,2,4
2024-03-26 05:10:00,0,1,2,3
2024-03-26 05:20:00,1,2,12,15
2024-03-26 05:30:00,0,1,3,4
2024-03-26 05:40:00,0,3,9,12
2024-03-26 05:50:00,0,2,4,6
2024-03-26 06:00:00,0,4,8,12
2024-03-26 06:10:00,0,8,13,21
2024-03-26 06:20:00,0,2,10,12
2024-03-26 06:30:00,0,6,8,14
2024-03-26 06:40:00,0,7,13,20
2024-03-26 06:50:00,0,8,13,21
2024-03-26 07:00:00,0,10,8,18
2024-03-26 07:10:00,2,9,17,28
2024-03-26 07:20:00,0,12,14,26
2024-03-26 07:30:00,3,10,12,25
2024-03-26 07:40:00,3,22,12,37
2024-03-26 07:50:00,1,18,19,38
2024-03-26 08:00:00,2,19,18,39
2024-03-26 08:10:00,3,16,21,40
2024-03-26 08:20:00,3,22,21,46
2024-03-26 08:30:00,2,28,17,47
2024-03-26 08:40:00,4,18,30,52
2024-03-26 08:50:00,3,21,20,44
2024-03-26 09:00:00,8,13,25,46
2024-03-26 09:10:00,5,15,18,38
2024-03-26 09:20:00,6,19,14,39
2024-03-26 09:30:00,3,20,15,38
2024-03-26 09:40:00,6,19,28,53
2024-03-26 09:50:00,7,19,22,48
2024-03-26 10:00:00,6,17,27,50
2024-03-26 10:10:00,2,23,19,44
2024-03-26 10:20:00,4,31,31,66
2024-03-26 10:30:00,4,17,20,41
2024-03-26 10:40:00,1,19,24,44
2024-03-26 10:50:00,5,19,21,45
2024-03-26 11:00:00,5,19,18,42
2024-03-26 11:10:00,2,16,25,43
2024-03-26 11:20:00,8,14,20,42
2024-03-26 11:30:00,4,25,25,54
2024-03-26 11:40:00,3,19,21,43
2024-03-26 11:50:00,5,20,26,51
2024-03-26 12:00:00,6,25,25,56
2024-03-26 12:10:00,5,26,29,60
2024-03-26 12:20:00,5,26,15,46
2024-03-26 12:30:00,3,18,23,44
2024-03-26 12:40:00,3,25,18,46
2024-03-26 12:50:00,4,24,21,49
2024-03-26 13:00:00,4,27,27,58
2024-03-26 13:10:00,4,16,20,40
2024-03-26 13:20:00,4,15,16,35
2024-03-26 13:30:00,4,19,29,52
2024-03-26 13:40:00,2,23,24,49
2024-03-26 13:50:00,4,22,16,42
2024-03-26 14:00:00,8,16,21,45
2024-03-26 14:10:00,7,25,15,47
2024-03-26 14:20:00,4,12,29,45
2024-03-26 14:30:00,3,21,32,56
2024-03-26 14:40:00,2,30,22,54
2024-03-26 14:50:00,2,23,32,57
2024-03-26 15:00:00,4,21,34,59
2024-03-26 15:10:00,5,22,35,62
2024-03-26 15:20:00,8,28,31,67
2024-03-26 15:30:00,5,27,36,68
2024-03-26 15:40:00,5,23,21,49
2024-03-26 15:50:00,8,21,39,68
2024-03-26 16:00:00,7,22,23,52
2024-03-26 16:10:00,10,29,31,70
2024-03-26 16:20:00,5,24,27,56
2024-03-26 16:30:00,7,29,42,78
2024-03-26 16:40:00,6,26,32,64
2024-03-26 16:50:00,10,28,22,60
2024-03-26 17:00:00,9,23,29,61
2024-03-26 17:10:00,12,24,26,62
2024-03-26 17:20:00,4,24,28,56
2024-03-26 17:30:00,5,22,34,61
2024-03-26 17:40:00,6,25,31,62
2024-03-26 17:50:00,6,20,41,67
2024-03-26 18:00:00,9,13,29,51
2024-03-26 18:10:00,5,13,26,44
2024-03-26 18:20:00,5,19,25,49
2024-03-26 18:30:00,4,23,27,54
2024-03-26 18:40:00,2,27,32,61
2024-03-26 18:50:00,3,17,30,50
2024-03-26 19:00:00,6,21,35,62
2024-03-26 19:10:00,6,23,26,55
2024-03-26 19:20:00,1,17,28,46
2024-03-26 19:30:00,2,11,35,48
2024-03-26 19:40:00,2,9,23,34
2024-03-26 19:50:00,3,12,19,34
2024-03-26 20:00:00,2,9,19,30
2024-03-26 20:10:00,3,14,30,47
2024-03-26 20:20:00,1,14,14,29
2024-03-26 20:30:00,2,6,17,25
2024-03-26 20:40:00,0,10,14,24
2024-03-26 20:50:00,2,6,16,24
2024-03-26 21:00:00,0,9,18,27
2024-03-26 21:10:00,0,10,14,24
2024-03-26 21:20:00,0,10,7,17
2024-03-26 21:30:00,1,6,18,25
2024-03-26 21:40:00,1,1,7,9
2024-03-26 21:50:00,3,5,13,21
2024-03-26 22:00:00,3,8,9,20
2024-03-26 22:10:00,0,8,15,23
2024-03-26 22:20:00,1,5,11,17
2024-03-26 22:30:00,1,8,13,22
2024-03-26 22:40:00,1,6,9,16
2024-03-26 22:50:00,0,6,10,16
2024-03-26 23:00:00,0,7,10,17
2024-03-26 23:10:00,2,2,5,9
2024-03-26 23:20:00,1,2,8,11
2024-03-26 23:30:00,0,6,4,10
2024-03-26 23:40:00,1,2,10,13
2024-03-26 23:50:00,1,2,5,8
2024-03-27 00:00:00,0,1,4,5
2024-03-27 00:10:00,0,0,3,3
2024-03-27 00:20:00,0,1,2,3
2024-03-27 00:30:00,0,1,0,1
2024-03-27 00:40:00,0,0,0,0
2024-03-27 00:50:00,1,1,0,2
2024-03-27 01:00:00,0,0,0,0
2024-03-27 01:10:00,0,0,1,1
2024-03-27 01:20:00,0,1,1,2
2024-03-27 01:30:00,0,0,2,2
2024-03-27 01:40:00,1,0,2,3
2024-03-27 01:50:00,0,0,1,1
2024-03-27 02:00:00,1,1,0,2
2024-03-27 02:10:00,0,1,5,6
2024-03-27 02:20:00,0,1,2,3
2024-03-27 02:30:00,0,0,1,1
2024-03-27 02:40:00,0,0,0,0
2024-03-27 02:50:00,0,0,1,1
2024-03-27 03:00:00,0,0,1,1
2024-03-27 03:10:00,0,0,0,0
2024-03-27 03:20:00,0,1,0,1
2024-03-27 03:30:00,0,3,1,4
2024-03-27 03:40:00,0,0,3,3
2024-03-27 03:50:00,0,0,0,0
2024-03-27 04:00:00,0,0,0,0
2024-03-27 04:10:00,0,0,5,5
2024-03-27 04:20:00,0,1,0,1
2024-03-27 04:30:00,0,0,0,0
2024-03-27 04:40:00,0,1,3,4
2024-03-27 04:50:00,0,1,1,2
2024-03-27 05:00:00,0,2,2,4
2024-03-27 05:10:00,0,0,0,0
2024-03-27 05:20:00,0,0,12,12
2024-03-27 05:30:00,0,0,7,7
2024-03-27 05:40:00,0,5,3,8
2024-03-27 05:50:00,0,0,2,2
2024-03-27 06:00:00,0,2,5,7
2024-03-27 06:10:00,0,0,14,14
2024-03-27 06:20:00,0,5,4,9
2024-03-27 06:30:00,0,3,7,10
2024-03-27 06:40:00,0,4,5,9
2024-03-27 06:50:00,1,6,10,17
2024-03-27 07:00:00,0,10,12,22
2024-03-27 07:10:00,1,14,10,25
2024-03-27 07:20:00,2,16,19,37
2024-03-27 07:30:00,3,14,17,34
2024-03-27 07:40:00,1,24,22,47
2024-03-27 07:50:00,4,15,25,44
2024-03-27 08:00:00,1,17,18,36
2024-03-27 08:10:00,5,23,23,51
2024-03-27 08:20:00,3,19,17,39
2024-03-27 08:30:00,4,25,17,46
2024-03-27 08:40:00,6,15,19,40
2024-03-27 08:50:00,1,24,26,51
2024-03-27 09:00:00,2,27,25,54
2024-03-27 09:10:00,3,19,14,36
2024-03-27 09:20:00,1,18,21,40
2024-03-27 09:30:00,2,14,30,46
2024-03-27 09:40:00,6,17,20,43
2024-03-27 09:50:00,3,21,23,47
2024-03-27 10:00:00,5,24,28,57
2024-03-27 10:10:00,3,14,21,38
2024-03-27 10:20:00,8,21,19,48
2024-03-27 10:30:00,7,17,20,44
2024-03-27 10:40:00,4,26,27,57
2024-03-27 10:50:00,5,22,19,46
2024-03-27 11:00:00,6,21,21,48
2024-03-27 11:10:00,5,25,22,52
2024-03-27 11:20:00,6,21,18,45
2024-03-27 11:30:00,7,16,18,41
2024-03-27 11:40:00,3,28,29,60
2024-03-27 11:50:00,6,22,24,52
2024-03-27 12:00:00,4,23,23,50
2024-03-27 12:10:00,4,18,19,41
2024-03-27 12:20:00,2,17,27,46
2024-03-27 12:30:00,1,20,16,37
2024-03-27 12:40:00,4,26,33,63
2024-03-27 12:50:00,2,21,25,48
2024-03-27 13:00:00,5,11,24,40
2024-03-27 13:10:00,4,22,21,47
2024-03-27 13:20:00,1,17,26,44
2024-03-27 13:30:00,3,23,29,55
2024-03-27 13:40:00,6,19,22,47
2024-03-27 13:50:00,5,22,22,49
2024-03-27 14:00:00,5,31,24,60
2024-03-27 14:10:00,6,16,19,41
2024-03-27 14:20:00,4,19,23,46
2024-03-27 14:30:00,4,25,28,57
2024-03-27 14:40:00,2,18,24,44
2024-03-27 14:50:00,4,22,23,49
2024-03-27 15:00:00,6,23,29,58
2024-03-27 15:10:00,4,17,38,59
2024-03-27 15:20:00,8,22,31,61
2024-03-27 15:30:00,3,25,34,62
2024-03-27 15:40:00,3,26,32,61
2024-03-27 15:50:00,7,27,29,63
2024-03-27 16:00:00,5,22,30,57
2024-03-27 16:10:00,4,26,30,60
2024-03-27 16:20:00,3,21,24,48
2024-03-27 16:30:00,6,24,40,70
2024-03-27 16:40:00,2,27,42,71
2024-03-27 16:50:00,3,32,39,74
2024-03-27 17:00:00,4,33,50,87
2024-03-27 17:10:00,1,17,45,63
2024-03-27 17:20:00,4,21,31,56
2024-03-27 17:30:00,1,28,23,52
2024-03-27 17:40:00,5,16,43,64
2024-03-27 17:50:00,4,21,33,58
2024-03-27 18:00:00,9,19,34,62
2024-03-27 18:10:00,3,23,36,62
2024-03-27 18:20:00,5,27,26,58
2024-03-27 18:30:00,1,24,30,55
2024-03-27 18:40:00,4,24,36,64
2024-03-27 18:50:00,6,19,20,45
2024-03-27 19:00:00,4,17,21,42
2024-03-27 19:10:00,1,13,27,41
2024-03-27 19:20:00,1,9,20,30
2024-03-27 19:30:00,5,8,21,34
2024-03-27 19:40:00,1,10,16,27
2024-03-27 19:50:00,0,14,35,49
2024-03-27 20:00:00,0,7,17,24
2024-03-27 20:10:00,0,7,12,19
2024-03-27 20:20:00,0,10,29,39
2024-03-27 20:30:00,0,12,17,29
2024-03-27 20:40:00,3,10,24,37
2024-03-27 20:50:00,0,6,12,18
2024-03-27 21:00:00,2,7,10,19
2024-03-27 21:10:00,3,8,13,24
2024-03-27 21:20:00,2,9,16,27
2024-03-27 21:30:00,1,11,11,23
2024-03-27 21:40:00,1,12,10,23
2024-03-27 21:50:00,0,6,12,18
2024-03-27 22:00:00,0,9,18,27
2024-03-27 22:10:00,0,5,13,18
2024-03-27 22:20:00,0,7,9,16
2024-03-27 22:30:00,0,7,12,19
2024-03-27 22:40:00,3,7,10,20
2024-03-27 22:50:00,0,5,3,8
2024-03-27 23:00:00,0,7,10,17
2024-03-27 23:10:00,0,3,12,15
2024-03-27 23:20:00,1,6,1,8
2024-03-27 23:30:00,0,3,7,10
2024-03-27 23:40:00,1,1,11,13
2024-03-27 23:50:00,0,0,3,3
2024-03-28 00:00:00,0,2,6,8
2024-03-28 00:10:00,1,2,9,12
2024-03-28 00:20:00,0,0,3,3
2024-03-28 00:30:00,0,1,3,4
2024-03-28 00:40:00,0,1,2,3
2024-03-28 00:50:00,0,2,4,6
2024-03-28 01:00:00,0,2,0,2
2024-03-28 01:10:00,1,0,1,2
2024-03-28 01:20:00,0,0,6,6
2024-03-28 01:30:00,0,0,6,6
2024-03-28 01:40:00,0,1,0,1
2024-03-28 01:50:00,0,0,1,1
2024-03-28 02:00:00,0,0,3,3
2024-03-28 02:10:00,0,0,7,7
2024-03-28 02:20:00,0,1,0,1
2024-03-28 02:30:00,0,0,1,1
2024-03-28 02:40:00,0,1,1,2
2024-03-28 02:50:00,0,0,0,0
2024-03-28 03:00:00,0,0,0,0
2024-03-28 03:10:00,0,0,1,1
2024-03-28 03:20:00,0,0,2,2
2024-03-28 03:30:00,0,0,0,0
2024-03-28 03:40:00,0,1,3,4
2024-03-28 03:50:00,0,0,0,0
2024-03-28 04:00:00,0,0,0,0
2024-03-28 04:10:00,0,0,3,3
2024-03-28 04:20:00,0,0,0,0
2024-03-28 04:30:00,0,0,0,0
2024-03-28 04:40:00,0,1,4,5
2024-03-28 04:50:00,0,0,0,0
2024-03-28 05:00:00,0,1,2,3
2024-03-28 05:10:00,0,2,2,4
2024-03-28 05:20:00,0,1,16,17
2024-03-28 05:30:00,0,2,4,6
2024-03-28 05:40:00,0,3,3,6
2024-03-28 05:50:00,1,5,3,9
2024-03-28 06:00:00,0,5,5,10
2024-03-28 06:10:00,0,3,11,14
2024-03-28 06:20:00,1,4,11,16
2024-03-28 06:30:00,1,9,9,19
2024-03-28 06:40:00,1,6,15,22
2024-03-28 06:50:00,1,11,14,26
2024-03-28 07:00:00,0,12,12,24
2024-03-28 07:10:00,0,2,13,15
2024-03-28 07:20:00,0,16,16,32
2024-03-28 07:30:00,3,10,11,24
2024-03-28 07:40:00,1,17,11,29
2024-03-28 07:50:00,3,15,16,34
2024-03-28 08:00:00,5,20,13,38
2024-03-28 08:10:00,4,17,21,42
2024-03-28 08:20:00,1,19,14,34
2024-03-28 08:30:00,3,22,20,45
2024-03-28 08:40:00,4,30,33,67
2024-03-28 08:50:00,6,18,27,51
2024-03-28 09:00:00,2,22,24,48
2024-03-28 09:10:00,7,18,27,52
2024-03-28 09:20:00,6,26,28,60
2024-03-28 09:30:00,1,13,23,37
2024-03-28 09:40:00,5,24,32,61
2024-03-28 09:50:00,4,24,19,47
2024-03-28 10:00:00,7,29,25,61
2024-03-28 10:10:00,3,26,32,61
2024-03-28 10:20:00,2,23,27,52
2024-03-28 10:30:00,2,19,30,51
2024-03-28 10:40:00,5,25,24,54
2024-03-28 10:50:00,1,27,24,52
2024-03-28 11:00:00,6,21,25,52
2024-03-28 11:10:00,2,28,24,54
2024-03-28 11:20:00,2,24,30,56
2024-03-28 11:30:00,9,18,36,63
2024-03-28 11:40:00,10,28,42,80
2024-03-28 11:50:00,4,30,24,58
2024-03-28 12:00:00,1,26,27,54
2024-03-28 12:10:00,0,25,26,51
2024-03-28 12:20:00,5,22,37,64
2024-03-28 12:30:00,4,19,37,60
2024-03-28 12:40:00,2,21,32,55
2024-03-28 12:50:00,7,17,20,44
2024-03-28 13:00:00,10,24,37,71
2024-03-28 13:10:00,5,26,23,54
2024-03-28 13:20:00,4,20,34,58
2024-03-28 13:30:00,5,29,25,59
2024-03-28 13:40:00,5,34,33,72
2024-03-28 13:50:00,9,26,17,52
2024-03-28 14:00:00,6,30,21,57
2024-03-28 14:10:00,5,28,32,65
2024-03-28 14:20:00,4,24,44,72
2024-03-28 14:30:00,1,26,30,57
2024-03-28 14:40:00,4,16,28,48
2024-03-28 14:50:00,4,27,28,59
2024-03-28 15:00:00,4,26,37,67
2024-03-28 15:10:00,3,23,32,58
2024-03-28 15:20:00,4,25,30,59
2024-03-28 15:30:00,5,23,30,58
2024-03-28 15:40:00,6,20,33,59
2024-03-28 15:50:00,5,31,32,68
2024-03-28 16:00:00,3,16,32,51
2024-03-28 16:10:00,6,24,31,61
2024-03-28 16:20:00,7,29,28,64
2024-03-28 16:30:00,4,22,31,57
2024-03-28 16:40:00,7,29,32,68
2024-03-28 16:50:00,4,24,27,55
2024-03-28 17:00:00,6,17,40,63
2024-03-28 17:10:00,5,23,22,50
2024-03-28 17:20:00,5,24,32,61
2024-03-28 17:30:00,9,26,35,70
2024-03-28 17:40:00,3,22,34,59
2024-03-28 17:50:00,6,36,27,69
2024-03-28 18:00:00,6,18,35,59
2024-03-28 18:10:00,3,23,30,56
2024-03-28 18:20:00,10,19,38,67
2024-03-28 18:30:00,7,21,19,47
2024-03-28 18:40:00,3,28,48,79
2024-03-28 18:50:00,1,27,30,58
2024-03-28 19:00:00,4,12,24,40
2024-03-28 19:10:00,3,13,42,58
2024-03-28 19:20:00,3,18,32,53
2024-03-28 19:30:00,1,11,41,53
2024-03-28 19:40:00,4,23,42,69
2024-03-28 19:50:00,0,11,20,31
2024-03-28 20:00:00,7,7,35,49
2024-03-28 20:10:00,0,6,27,33
2024-03-28 20:20:00,2,23,28,53
2024-03-28 20:30:00,1,9,33,43
2024-03-28 20:40:00,1,11,17,29
2024-03-28 20:50:00,0,4,17,21
2024-03-28 21:00:00,1,16,18,35
2024-03-28 21:10:00,2,9,17,28
2024-03-28 21:20:00,1,10,8,19
2024-03-28 21:30:00,2,6,14,22
2024-03-28 21:40:00,0,8,19,27
2024-03-28 21:50:00,0,8,6,14
2024-03-28 22:00:00,0,7,19,26
2024-03-28 22:10:00,0,12,16,28
2024-03-28 22:20:00,1,11,20,32
2024-03-28 22:30:00,1,11,9,21
2024-03-28 22:40:00,0,9,15,24
2024-03-28 22:50:00,0,4,22,26
2024-03-28 23:00:00,1,3,14,18
2024-03-28 23:10:00,1,6,8,15
2024-03-28 23:20:00,1,2,7,10
2024-03-28 23:30:00,0,7,9,16
2024-03-28 23:40:00,0,5,7,12
2024-03-28 23:50:00,0,3,2,5
2024-03-29 00:00:00,0,2,1,3
2024-03-29 00:10:00,0,3,4,7
2024-03-29 00:20:00,0,1,2,3
2024-03-29 00:30:00,0,1,9,10
2024-03-29 00:40:00,0,1,11,12
2024-03-29 00:50:00,0,4,4,8
2024-03-29 01:00:00,0,4,5,9
2024-03-29 01:10:00,0,2,3,5
2024-03-29 01:20:00,0,1,2,3
2024-03-29 01:30:00,0,1,3,4
2024-03-29 01:40:00,0,4,1,5
2024-03-29 01:50:00,1,1,1,3
2024-03-29 02:00:00,0,2,0,2
2024-03-29 02:10:00,0,0,2,2
2024-03-29 02:20:00,0,1,0,1
2024-03-29 02:30:00,0,1,0,1
2024-03-29 02:40:00,0,1,5,6
2024-03-29 02:50:00,0,1,0,1
2024-03-29 03:00:00,0,1,0,1
2024-03-29 03:10:00,0,0,0,0
2024-03-29 03:20:00,0,0,1,1
2024-03-29 03:30:00,0,1,1,2
2024-03-29 03:40:00,0,1,5,6
2024-03-29 03:50:00,0,1,0,1
2024-03-29 04:00:00,0,0,0,0
2024-03-29 04:10:00,0,1,3,4
2024-03-29 04:20:00,0,0,0,0
2024-03-29 04:30:00,0,2,0,2
2024-03-29 04:40:00,0,0,4,4
2024-03-29 04:50:00,0,2,5,7
2024-03-29 05:00:00,0,3,4,7
2024-03-29 05:10:00,0,1,4,5
2024-03-29 05:20:00,0,0,0,0
2024-03-29 05:30:00,0,0,1,1
2024-03-29 05:40:00,0,0,6,6
2024-03-29 05:50:00,0,2,0,2
2024-03-29 06:00:00,0,1,1,2
2024-03-29 06:10:00,0,1,5,6
2024-03-29 06:20:00,0,1,1,2
2024-03-29 06:30:00,0,0,0,0
2024-03-29 06:40:00,1,1,2,4
2024-03-29 06:50:00,0,0,1,1
2024-03-29 07:00:00,0,4,0,4
2024-03-29 07:10:00,0,1,3,4
2024-03-29 07:20:00,0,3,2,5
2024-03-29 07:30:00,1,2,6,9
2024-03-29 07:40:00,0,3,3,6
2024-03-29 07:50:00,0,1,1,2
2024-03-29 08:00:00,1,4,1,6
2024-03-29 08:10:00,0,0,4,4
2024-03-29 08:20:00,0,2,3,5
2024-03-29 08:30:00,0,1,3,4
2024-03-29 08:40:00,0,5,5,10
2024-03-29 08:50:00,4,2,3,9
2024-03-29 09:00:00,0,6,5,11
2024-03-29 09:10:00,2,3,6,11
2024-03-29 09:20:00,1,8,7,16
2024-03-29 09:30:00,8,6,13,27
2024-03-29 09:40:00,2,5,9,16
2024-03-29 09:50:00,1,9,7,17
2024-03-29 10:00:00,1,12,14,27
2024-03-29 10:10:00,1,11,12,24
2024-03-29 10:20:00,1,11,12,24
2024-03-29 10:30:00,1,11,9,21
2024-03-29 10:40:00,1,7,15,23
2024-03-29 10:50:00,0,8,8,16
2024-03-29 11:00:00,2,4,7,13
2024-03-29 11:10:00,0,2,13,15
2024-03-29 11:20:00,1,13,14,28
2024-03-29 11:30:00,3,14,12,29
2024-03-29 11:40:00,4,6,20,30
2024-03-29 11:50:00,3,12,11,26
2024-03-29 12:00:00,2,8,15,25
2024-03-29 12:10:00,5,13,13,31
2024-03-29 12:20:00,2,9,10,21
2024-03-29 12:30:00,1,7,7,15
2024-03-29 12:40:00,3,8,7,18
2024-03-29 12:50:00,2,8,16,26
2024-03-29 13:00:00,5,18,10,33
2024-03-29 13:10:00,2,7,15,24
2024-03-29 13:20:00,1,10,12,23
2024-03-29 13:30:00,2,11,19,32
2024-03-29 13:40:00,1,14,10,25
2024-03-29 13:50:00,1,9,12,22
2024-03-29 14:00:00,1,7,12,20
2024-03-29 14:10:00,1,7,19,27
2024-03-29 14:20:00,2,11,10,23
2024-03-29 14:30:00,0,4,11,15
2024-03-29 14:40:00,2,14,17,33
2024-03-29 14:50:00,2,15,16,33
2024-03-29 15:00:00,0,8,19,27
2024-03-29 15:10:00,4,12,13,29
2024-03-29 15:20:00,3,9,14,26
2024-03-29 15:30:00,6,13,16,35
2024-03-29 15:40:00,4,4,26,34
2024-03-29 15:50:00,3,11,16,30
2024-03-29 16:00:00,4,11,15,30
2024-03-29 16:10:00,3,17,18,38
2024-03-29 16:20:00,0,10,15,25
2024-03-29 16:30:00,1,14,13,28
2024-03-29 16:40:00,3,18,18,39
2024-03-29 16:50:00,1,10,16,27
2024-03-29 17:00:00,5,9,11,25
2024-03-29 17:10:00,1,4,15,20
2024-03-29 17:20:00,5,12,14,31
2024-03-29 17:30:00,7,9,14,30
2024-03-29 17:40:00,9,12,15,36
2024-03-29 17:50:00,5,20,16,41
2024-03-29 18:00:00,11,11,11,33
2024-03-29 18:10:00,6,14,6,26
2024-03-29 18:20:00,3,5,19,27
2024-03-29 18:30:00,3,14,16,33
2024-03-29 18:40:00,5,14,13,32
2024-03-29 18:50:00,3,13,19,35
2024-03-29 19:00:00,1,15,13,29
2024-03-29 19:10:00,6,11,14,31
2024-03-29 19:20:00,5,12,20,37
2024-03-29 19:30:00,3,8,14,25
2024-03-29 19:40:00,3,7,8,18
2024-03-29 19:50:00,1,10,13,24
2024-03-29 20:00:00,1,4,12,17
2024-03-29 20:10:00,3,5,12,20
2024-03-29 20:20:00,1,6,17,24
2024-03-29 20:30:00,0,6,13,19
2024-03-29 20:40:00,2,6,10,18
2024-03-29 20:50:00,1,4,11,16
2024-03-29 21:00:00,2,6,13,21
2024-03-29 21:10:00,3,8,10,21
2024-03-29 21:20:00,1,2,3,6
2024-03-29 21:30:00,2,5,7,14
2024-03-29 21:40:00,1,6,6,13
2024-03-29 21:50:00,0,4,6,10
2024-03-29 22:00:00,2,14,6,22
2024-03-29 22:10:00,1,7,9,17
2024-03-29 22:20:00,0,3,7,10
2024-03-29 22:30:00,0,2,13,15
2024-03-29 22:40:00,0,6,8,14
2024-03-29 22:50:00,2,4,5,11
2024-03-29 23:00:00,0,4,3,7
2024-03-29 23:10:00,0,2,4,6
2024-03-29 23:20:00,0,8,4,12
2024-03-29 23:30:00,0,2,6,8
2024-03-29 23:40:00,0,4,5,9
2024-03-29 23:50:00,0,0,4,4
2024-03-30 00:00:00,0,4,4,8
2024-03-30 00:10:00,1,1,5,7
2024-03-30 00:20:00,0,3,1,4
2024-03-30 00:30:00,0,2,3,5
2024-03-30 00:40:00,0,5,7,12
2024-03-30 00:50:00,0,1,3,4
2024-03-30 01:00:00,0,2,2,4
2024-03-30 01:10:00,1,0,2,3
2024-03-30 01:20:00,0,0,1,1
2024-03-30 01:30:00,0,2,4,6
2024-03-30 01:40:00,0,1,0,1
2024-03-30 01:50:00,0,1,0,1
2024-03-30 02:00:00,1,1,0,2
2024-03-30 02:10:00,0,0,2,2
2024-03-30 02:20:00,0,0,4,4
2024-03-30 02:30:00,0,0,0,0
2024-03-30 02:40:00,0,0,0,0
2024-03-30 02:50:00,0,0,0,0
2024-03-30 03:00:00,0,0,1,1
2024-03-30 03:10:00,0,2,0,2
2024-03-30 03:20:00,0,0,1,1
2024-03-30 03:30:00,0,0,1,1
2024-03-30 03:40:00,0,2,3,5
2024-03-30 03:50:00,0,1,0,1
2024-03-30 04:00:00,0,0,0,0
2024-03-30 04:10:00,0,0,4,4
2024-03-30 04:20:00,0,0,0,0
2024-03-30 04:30:00,0,0,0,0
2024-03-30 04:40:00,0,0,4,4
2024-03-30 04:50:00,0,3,0,3
2024-03-30 05:00:00,0,1,3,4
2024-03-30 05:10:00,0,0,4,4
2024-03-30 05:20:00,0,1,0,1
2024-03-30 05:30:00,0,0,4,4
2024-03-30 05:40:00,0,5,5,10
2024-03-30 05:50:00,0,2,0,2
2024-03-30 06:00:00,0,0,2,2
2024-03-30 06:10:00,0,0,2,2
2024-03-30 06:20:00,0,3,0,3
2024-03-30 06:30:00,0,0,3,3
2024-03-30 06:40:00,0,2,3,5
2024-03-30 06:50:00,0,5,5,10
2024-03-30 07:00:00,0,1,7,8
2024-03-30 07:10:00,0,9,6,15
2024-03-30 07:20:00,1,3,3,7
2024-03-30 07:30:00,4,7,4,15
2024-03-30 07:40:00,2,7,8,17
2024-03-30 07:50:00,1,5,6,12
2024-03-30 08:00:00,3,20,10,33
2024-03-30 08:10:00,4,10,10,24
2024-03-30 08:20:00,2,8,10,20
2024-03-30 08:30:00,3,18,14,35
2024-03-30 08:40:00,2,12,10,24
2024-03-30 08:50:00,3,16,17,36
2024-03-30 09:00:00,6,14,16,36
2024-03-30 09:10:00,0,18,20,38
2024-03-30 09:20:00,4,10,21,35
2024-03-30 09:30:00,2,16,15,33
2024-03-30 09:40:00,7,19,29,55
2024-03-30 09:50:00,4,19,18,41
2024-03-30 10:00:00,7,18,23,48
2024-03-30 10:10:00,4,24,19,47
2024-03-30 10:20:00,2,6,22,30
2024-03-30 10:30:00,4,20,24,48
2024-03-30 10:40:00,4,23,18,45
2024-03-30 10:50:00,6,17,26,49
2024-03-30 11:00:00,1,20,25,46
2024-03-30 11:10:00,3,23,26,52
2024-03-30 11:20:00,2,27,25,54
2024-03-30 11:30:00,6,23,28,57
2024-03-30 11:40:00,3,26,26,55
2024-03-30 11:50:00,5,15,28,48
2024-03-30 12:00:00,7,21,18,46
2024-03-30 12:10:00,7,23,25,55
2024-03-30 12:20:00,6,24,27,57
2024-03-30 12:30:00,2,24,38,64
2024-03-30 12:40:00,3,26,21,50
2024-03-30 12:50:00,2,21,21,44
2024-03-30 13:00:00,2,20,21,43
2024-03-30 13:10:00,0,20,23,43
2024-03-30 13:20:00,3,15,15,33
2024-03-30 13:30:00,7,21,32,60
2024-03-30 13:40:00,4,16,19,39
2024-03-30 13:50:00,6,10,29,45
2024-03-30 14:00:00,6,21,24,51
2024-03-30 14:10:00,7,18,32,57
2024-03-30 14:20:00,3,25,27,55
2024-03-30 14:30:00,1,15,25,41
2024-03-30 14:40:00,5,21,27,53
2024-03-30 14:50:00,6,23,22,51
2024-03-30 15:00:00,5,32,38,75
2024-03-30 15:10:00,5,24,13,42
2024-03-30 15:20:00,6,30,23,59
2024-03-30 15:30:00,6,21,20,47
2024-03-30 15:40:00,1,15,19,35
2024-03-30 15:50:00,4,19,11,34
2024-03-30 16:00:00,4,10,22,36
2024-03-30 16:10:00,4,7,18,29
2024-03-30 16:20:00,7,19,15,41
2024-03-30 16:30:00,4,10,20,34
2024-03-30 16:40:00,4,15,8,27
2024-03-30 16:50:00,2,19,21,42
2024-03-30 17:00:00,1,14,11,26
2024-03-30 17:10:00,4,15,17,36
2024-03-30 17:20:00,2,19,9,30
2024-03-30 17:30:00,5,23,15,43
2024-03-30 17:40:00,4,19,15,38
2024-03-30 17:50:00,2,12,21,35
2024-03-30 18:00:00,4,12,16,32
2024-03-30 18:10:00,3,20,17,40
2024-03-30 18:20:00,3,14,17,34
2024-03-30 18:30:00,1,7,16,24
2024-03-30 18:40:00,2,14,15,31
2024-03-30 18:50:00,3,11,19,33
2024-03-30 19:00:00,0,14,11,25
2024-03-30 19:10:00,6,11,18,35
2024-03-30 19:20:00,1,10,15,26
2024-03-30 19:30:00,2,9,17,28
2024-03-30 19:40:00,2,8,24,34
2024-03-30 19:50:00,5,9,16,30
2024-03-30 20:00:00,2,4,23,29
2024-03-30 20:10:00,1,6,23,30
2024-03-30 20:20:00,1,5,12,18
2024-03-30 20:30:00,1,5,18,24
2024-03-30 20:40:00,5,9,12,26
2024-03-30 20:50:00,1,6,16,23
2024-03-30 21:00:00,1,7,19,27
2024-03-30 21:10:00,1,7,6,14
2024-03-30 21:20:00,1,8,11,20
2024-03-30 21:30:00,0,8,17,25
2024-03-30 21:40:00,2,8,14,24
2024-03-30 21:50:00,0,4,6,10
2024-03-30 22:00:00,1,4,17,22
2024-03-30 22:10:00,0,3,20,23
2024-03-30 22:20:00,0,7,8,15
2024-03-30 22:30:00,0,9,4,13
2024-03-30 22:40:00,2,8,14,24
2024-03-30 22:50:00,0,2,0,2
2024-03-30 23:00:00,4,9,9,22
2024-03-30 23:10:00,3,7,7,17
2024-03-30 23:20:00,0,5,4,9
2024-03-30 23:30:00,0,7,8,15
2024-03-30 23:40:00,2,1,6,9
2024-03-30 23:50:00,0,2,6,8
2024-03-31 00:00:00,0,1,6,7
2024-03-31 00:10:00,1,3,3,7
2024-03-31 00:20:00,1,5,3,9
2024-03-31 00:30:00,0,0,7,7
2024-03-31 00:40:00,1,1,9,11
2024-03-31 00:50:00,0,6,2,8
2024-03-31 01:00:00,0,2,0,2
2024-03-31 01:10:00,1,1,7,9
2024-03-31 01:20:00,0,2,2,4
2024-03-31 01:30:00,0,1,0,1
2024-03-31 01:40:00,0,1,4,5
2024-03-31 01:50:00,0,3,0,3
2024-03-31 02:00:00,0,0,0,0
2024-03-31 02:10:00,0,0,0,0
2024-03-31 02:20:00,0,0,0,0
2024-03-31 02:30:00,0,0,0,0
2024-03-31 02:40:00,0,0,0,0
2024-03-31 02:50:00,0,0,0,0
2024-03-31 03:00:00,0,1,3,4
2024-03-31 03:10:00,1,3,2,6
2024-03-31 03:20:00,0,3,1,4
2024-03-31 03:30:00,0,2,2,4
2024-03-31 03:40:00,0,1,3,4
2024-03-31 03:50:00,0,0,0,0
2024-03-31 04:00:00,0,0,2,2
2024-03-31 04:10:00,0,0,2,2
2024-03-31 04:20:00,1,2,0,3
2024-03-31 04:30:00,0,1,3,4
2024-03-31 04:40:00,0,0,3,3
2024-03-31 04:50:00,0,0,0,0
2024-03-31 05:00:00,0,0,2,2
2024-03-31 05:10:00,1,3,3,7
2024-03-31 05:20:00,0,0,4,4
2024-03-31 05:30:00,1,0,3,4
2024-03-31 05:40:00,1,4,3,8
2024-03-31 05:50:00,0,1,2,3
2024-03-31 06:00:00,0,1,0,1
2024-03-31 06:10:00,0,0,2,2
2024-03-31 06:20:00,0,1,3,4
2024-03-31 06:30:00,0,0,2,2
2024-03-31 06:40:00,1,0,2,3
2024-03-31 06:50:00,0,0,0,0
2024-03-31 07:00:00,0,1,1,2
2024-03-31 07:10:00,0,1,3,4
2024-03-31 07:20:00,0,0,2,2
2024-03-31 07:30:00,0,1,0,1
2024-03-31 07:40:00,1,0,2,3
2024-03-31 07:50:00,0,0,2,2
2024-03-31 08:00:00,1,5,3,9
2024-03-31 08:10:00,0,0,5,5
2024-03-31 08:20:00,0,0,5,5
2024-03-31 08:30:00,2,1,6,9
2024-03-31 08:40:00,0,4,5,9
2024-03-31 08:50:00,0,6,3,9
2024-03-31 09:00:00,0,4,9,13
2024-03-31 09:10:00,2,4,10,16
2024-03-31 09:20:00,3,6,11,20
2024-03-31 09:30:00,0,7,6,13
2024-03-31 09:40:00,1,9,17,27
2024-03-31 09:50:00,2,5,8,15
2024-03-31 10:00:00,3,5,9,17
2024-03-31 10:10:00,0,7,6,13
2024-03-31 10:20:00,0,7,10,17
2024-03-31 10:30:00,3,9,14,26
2024-03-31 10:40:00,4,4,17,25
2024-03-31 10:50:00,4,14,11,29
2024-03-31 11:00:00,6,7,13,26
2024-03-31 11:10:00,6,17,19,42
2024-03-31 11:20:00,4,15,14,33
2024-03-31 11:30:00,6,7,16,29
2024-03-31 11:40:00,2,18,18,38
2024-03-31 11:50:00,2,6,18,26
2024-03-31 12:00:00,2,11,12,25
2024-03-31 12:10:00,2,6,17,25
2024-03-31 12:20:00,1,11,18,30
2024-03-31 12:30:00,2,10,11,23
2024-03-31 12:40:00,2,9,12,23
2024-03-31 12:50:00,1,17,14,32
2024-03-31 13:00:00,6,13,13,32
2024-03-31 13:10:00,6,11,16,33
2024-03-31 13:20:00,6,10,9,25
2024-03-31 13:30:00,4,10,11,25
2024-03-31 13:40:00,6,10,14,30
2024-03-31 13:50:00,6,15,11,32
2024-03-31 14:00:00,3,14,12,29
2024-03-31 14:10:00,2,19,12,33
2024-03-31 14:20:00,5,15,14,34
2024-03-31 14:30:00,5,3,15,23
2024-03-31 14:40:00,5,14,14,33
2024-03-31 14:50:00,8,14,10,32
2024-03-31 15:00:00,5,12,17,34
2024-03-31 15:10:00,7,10,16,33
2024-03-31 15:20:00,3,14,14,31
2024-03-31 15:30:00,2,8,23,33
2024-03-31 15:40:00,4,5,15,24
2024-03-31 15:50:00,2,13,11,26
2024-03-31 16:00:00,2,17,11,30
2024-03-31 16:10:00,5,12,10,27
2024-03-31 16:20:00,8,11,12,31
2024-03-31 16:30:00,7,7,11,25
2024-03-31 16:40:00,2,10,13,25
2024-03-31 16:50:00,6,19,14,39
2024-03-31 17:00:00,2,11,14,27
2024-03-31 17:10:00,1,9,14,24
2024-03-31 17:20:00,2,15,19,36
2024-03-31 17:30:00,5,14,23,42
2024-03-31 17:40:00,12,14,17,43
2024-03-31 17:50:00,3,19,10,32
2024-03-31 18:00:00,5,11,19,35
2024-03-31 18:10:00,3,14,12,29
2024-03-31 18:20:00,2,12,15,29
2024-03-31 18:30:00,3,16,15,34
2024-03-31 18:40:00,1,15,17,33
2024-03-31 18:50:00,0,17,16,33
2024-03-31 19:00:00,4,13,16,33
2024-03-31 19:10:00,2,10,15,27
2024-03-31 19:20:00,3,12,14,29
2024-03-31 19:30:00,5,15,10,30
2024-03-31 19:40:00,2,16,15,33
2024-03-31 19:50:00,1,13,20,34
2024-03-31 20:00:00,3,8,20,31
2024-03-31 20:10:00,0,12,23,35
2024-03-31 20:20:00,2,12,16,30
2024-03-31 20:30:00,2,5,16,23
2024-03-31 20:40:00,3,10,20,33
2024-03-31 20:50:00,1,8,9,18
2024-03-31 21:00:00,1,7,22,30
2024-03-31 21:10:00,0,10,11,21
2024-03-31 21:20:00,0,6,17,23
2024-03-31 21:30:00,2,4,13,19
2024-03-31 21:40:00,2,4,21,27
2024-03-31 21:50:00,0,7,7,14
2024-03-31 22:00:00,0,5,10,15
2024-03-31 22:10:00,2,6,9,17
2024-03-31 22:20:00,1,7,5,13
2024-03-31 22:30:00,0,4,10,14
2024-03-31 22:40:00,0,9,12,21
2024-03-31 22:50:00,1,1,6,8
2024-03-31 23:00:00,2,2,5,9
2024-03-31 23:10:00,0,2,4,6
2024-03-31 23:20:00,0,3,5,8
2024-03-31 23:30:00,0,5,8,13
2024-03-31 23:40:00,1,1,3,5
2024-03-31 23:50:00,2,3,2,7
2024-04-01 00:00:00,0,3,4,7
2024-04-01 00:10:00,1,3,4,8
2024-04-01 00:20:00,2,3,1,6
2024-04-01 00:30:00,0,3,0,3
2024-04-01 00:40:00,1,1,5,7
2024-04-01 00:50:00,1,4,5,10
2024-04-01 01:00:00,0,2,3,5
2024-04-01 01:10:00,0,1,3,4
2024-04-01 01:20:00,0,3,3,6
2024-04-01 01:30:00,0,0,6,6
2024-04-01 01:40:00,0,3,2,5
2024-04-01 01:50:00,0,2,0,2
2024-04-01 02:00:00,0,1,2,3
2024-04-01 02:10:00,0,2,3,5
2024-04-01 02:20:00,0,0,0,0
2024-04-01 02:30:00,2,1,1,4
2024-04-01 02:40:00,0,0,0,0
2024-04-01 02:50:00,0,0,4,4
2024-04-01 03:00:00,0,0,2,2
2024-04-01 03:10:00,0,2,2,4
2024-04-01 03:20:00,0,2,10,12
2024-04-01 03:30:00,0,1,0,1
2024-04-01 03:40:00,1,2,2,5
2024-04-01 03:50:00,0,2,0,2
2024-04-01 04:00:00,0,0,4,4
2024-04-01 04:10:00,0,0,2,2
2024-04-01 04:20:00,0,0,1,1
2024-04-01 04:30:00,0,1,3,4
2024-04-01 04:40:00,0,1,2,3
2024-04-01 04:50:00,0,0,0,0
2024-04-01 05:00:00,0,0,0,0
2024-04-01 05:10:00,0,0,3,3
2024-04-01 05:20:00,0,1,0,1
2024-04-01 05:30:00,0,0,0,0
2024-04-01 05:40:00,0,1,3,4
2024-04-01 05:50:00,0,0,0,0
2024-04-01 06:00:00,0,0,1,1
2024-04-01 06:10:00,0,1,4,5
2024-04-01 06:20:00,0,1,0,1
2024-04-01 06:30:00,0,0,0,0
2024-04-01 06:40:00,0,1,5,6
2024-04-01 06:50:00,0,0,0,0
2024-04-01 07:00:00,0,1,1,2
2024-04-01 07:10:00,0,0,3,3
2024-04-01 07:20:00,0,0,2,2
2024-04-01 07:30:00,0,1,0,1
2024-04-01 07:40:00,0,4,3,7
2024-04-01 07:50:00,0,1,1,2
2024-04-01 08:00:00,0,0,3,3
2024-04-01 08:10:00,0,7,3,10
2024-04-01 08:20:00,1,4,3,8
2024-04-01 08:30:00,0,2,1,3
2024-04-01 08:40:00,0,11,4,15
2024-04-01 08:50:00,0,8,2,10
2024-04-01 09:00:00,0,5,5,10
2024-04-01 09:10:00,0,5,5,10
2024-04-01 09:20:00,0,2,7,9
2024-04-01 09:30:00,2,7,9,18
2024-04-01 09:40:00,3,6,11,20
2024-04-01 09:50:00,1,3,12,16
2024-04-01 10:00:00,3,6,4,13
2024-04-01 10:10:00,0,6,7,13
2024-04-01 10:20:00,0,11,5,16
2024-04-01 10:30:00,1,7,7,15
2024-04-01 10:40:00,2,11,13,26
2024-04-01 10:50:00,1,10,8,19
2024-04-01 11:00:00,2,11,17,30
2024-04-01 11:10:00,2,10,10,22
2024-04-01 11:20:00,2,6,11,19
2024-04-01 11:30:00,2,7,7,16
2024-04-01 11:40:00,4,6,15,25
2024-04-01 11:50:00,2,11,9,22
2024-04-01 12:00:00,1,8,10,19
2024-04-01 12:10:00,2,13,11,26
2024-04-01 12:20:00,1,9,8,18
2024-04-01 12:30:00,1,7,17,25
2024-04-01 12:40:00,1,10,9,20
2024-04-01 12:50:00,0,11,15,26
2024-04-01 13:00:00,2,14,19,35
2024-04-01 13:10:00,0,13,11,24
2024-04-01 13:20:00,0,8,14,22
2024-04-01 13:30:00,3,13,17,33
2024-04-01 13:40:00,3,15,26,44
2024-04-01 13:50:00,2,13,16,31
2024-04-01 14:00:00,2,15,16,33
2024-04-01 14:10:00,1,13,17,31
2024-04-01 14:20:00,2,9,16,27
2024-04-01 14:30:00,1,10,16,27
2024-04-01 14:40:00,4,12,18,34
2024-04-01 14:50:00,2,10,13,25
2024-04-01 15:00:00,0,14,16,30
2024-04-01 15:10:00,0,18,16,34
2024-04-01 15:20:00,3,13,12,28
2024-04-01 15:30:00,1,13,14,28
2024-04-01 15:40:00,0,14,12,26
2024-04-01 15:50:00,1,13,17,31
2024-04-01 16:00:00,2,7,14,23
2024-04-01 16:10:00,1,12,12,25
2024-04-01 16:20:00,1,12,9,22
2024-04-01 16:30:00,4,14,13,31
2024-04-01 16:40:00,6,20,20,46
2024-04-01 16:50:00,4,4,16,24
2024-04-01 17:00:00,2,6,22,30
2024-04-01 17:10:00,2,11,12,25
2024-04-01 17:20:00,1,10,16,27
2024-04-01 17:30:00,4,18,19,41
2024-04-01 17:40:00,5,19,17,41
2024-04-01 17:50:00,4,15,14,33
2024-04-01 18:00:00,2,12,11,25
2024-04-01 18:10:00,5,14,16,35
2024-04-01 18:20:00,3,19,17,39
2024-04-01 18:30:00,6,11,25,42
2024-04-01 18:40:00,3,9,12,24
2024-04-01 18:50:00,3,8,12,23
2024-04-01 19:00:00,2,16,17,35
2024-04-01 19:10:00,2,16,15,33
2024-04-01 19:20:00,2,21,16,39
2024-04-01 19:30:00,3,10,13,26
2024-04-01 19:40:00,2,26,29,57
2024-04-01 19:50:00,0,10,10,20
2024-04-01 20:00:00,0,11,11,22
2024-04-01 20:10:00,1,12,22,35
2024-04-01 20:20:00,2,13,14,29
2024-04-01 20:30:00,1,9,20,30
2024-04-01 20:40:00,3,5,24,32
2024-04-01 20:50:00,1,8,15,24
2024-04-01 21:00:00,2,10,15,27
2024-04-01 21:10:00,2,5,8,15
2024-04-01 21:20:00,1,7,5,13
2024-04-01 21:30:00,0,3,10,13
2024-04-01 21:40:00,1,3,13,17
2024-04-01 21:50:00,3,7,13,23
2024-04-01 22:00:00,1,4,4,9
2024-04-01 22:10:00,0,2,10,12
2024-04-01 22:20:00,1,2,5,8
2024-04-01 22:30:00,3,4,10,17
2024-04-01 22:40:00,2,5,8,15
2024-04-01 22:50:00,1,4,4,9
2024-04-01 23:00:00,0,5,5,10
2024-04-01 23:10:00,1,1,3,5
2024-04-01 23:20:00,1,3,4,8
2024-04-01 23:30:00,0,2,4,6
2024-04-01 23:40:00,0,2,4,6
2024-04-01 23:50:00,0,0,0,0
2024-04-02 00:00:00,0,3,0,3
2024-04-02 00:10:00,1,0,4,5
2024-04-02 00:20:00,0,1,3,4
2024-04-02 00:30:00,0,1,3,4
2024-04-02 00:40:00,0,2,0,2
2024-04-02 00:50:00,0,1,0,1
2024-04-02 01:00:00,0,0,2,2
2024-04-02 01:10:00,1,0,5,6
2024-04-02 01:20:00,0,0,0,0
2024-04-02 01:30:00,0,0,0,0
2024-04-02 01:40:00,0,0,0,0
2024-04-02 01:50:00,0,0,0,0
2024-04-02 02:00:00,0,0,0,0
2024-04-02 02:10:00,0,1,2,3
2024-04-02 02:20:00,0,0,0,0
2024-04-02 02:30:00,0,0,0,0
2024-04-02 02:40:00,0,0,0,0
2024-04-02 02:50:00,0,0,0,0
2024-04-02 03:00:00,0,0,1,1
2024-04-02 03:10:00,0,0,0,0
2024-04-02 03:20:00,0,0,1,1
2024-04-02 03:30:00,0,0,0,0
2024-04-02 03:40:00,0,2,0,2
2024-04-02 03:50:00,0,0,2,2
2024-04-02 04:00:00,0,0,0,0
2024-04-02 04:10:00,0,0,2,2
2024-04-02 04:20:00,0,0,0,0
2024-04-02 04:30:00,1,1,0,2
2024-04-02 04:40:00,0,0,2,2
2024-04-02 04:50:00,0,0,0,0
2024-04-02 05:00:00,0,1,6,7
2024-04-02 05:10:00,1,3,5,9
2024-04-02 05:20:00,0,1,9,10
2024-04-02 05:30:00,0,1,4,5
2024-04-02 05:40:00,0,2,11,13
2024-04-02 05:50:00,0,2,3,5
2024-04-02 06:00:00,0,7,6,13
2024-04-02 06:10:00,3,2,18,23
2024-04-02 06:20:00,0,6,16,22
2024-04-02 06:30:00,0,7,13,20
2024-04-02 06:40:00,2,5,10,17
2024-04-02 06:50:00,1,7,18,26
2024-04-02 07:00:00,1,13,17,31
2024-04-02 07:10:00,0,16,14,30
2024-04-02 07:20:00,1,15,16,32
2024-04-02 07:30:00,3,16,13,32
2024-04-02 07:40:00,1,12,23,36
2024-04-02 07:50:00,1,21,12,34
2024-04-02 08:00:00,2,16,15,33
2024-04-02 08:10:00,1,13,24,38
2024-04-02 08:20:00,5,20,19,44
2024-04-02 08:30:00,3,22,20,45
2024-04-02 08:40:00,4,17,23,44
2024-04-02 08:50:00,4,23,23,50
2024-04-02 09:00:00,3,24,19,46
2024-04-02 09:10:00,1,20,25,46
2024-04-02 09:20:00,4,15,20,39
2024-04-02 09:30:00,1,23,15,39
2024-04-02 09:40:00,2,16,20,38
2024-04-02 09:50:00,3,22,26,51
2024-04-02 10:00:00,3,21,19,43
2024-04-02 10:10:00,2,19,29,50
2024-04-02 10:20:00,0,17,15,32
2024-04-02 10:30:00,6,16,18,40
2024-04-02 10:40:00,3,28,34,65
2024-04-02 10:50:00,4,21,23,48
2024-04-02 11:00:00,3,23,12,38
2024-04-02 11:10:00,3,15,23,41
2024-04-02 11:20:00,1,15,21,37
2024-04-02 11:30:00,2,22,31,55
2024-04-02 11:40:00,1,25,23,49
2024-04-02 11:50:00,3,14,18,35
2024-04-02 12:00:00,3,17,20,40
2024-04-02 12:10:00,3,17,24,44
2024-04-02 12:20:00,4,26,21,51
2024-04-02 12:30:00,1,19,27,47
2024-04-02 12:40:00,2,24,28,54
2024-04-02 12:50:00,3,19,24,46
2024-04-02 13:00:00,3,18,11,32
2024-04-02 13:10:00,4,21,21,46
2024-04-02 13:20:00,3,28,23,54
2024-04-02 13:30:00,1,18,17,36
2024-04-02 13:40:00,4,20,21,45
2024-04-02 13:50:00,3,21,22,46
2024-04-02 14:00:00,2,16,20,38
2024-04-02 14:10:00,2,18,20,40
2024-04-02 14:20:00,1,18,29,48
2024-04-02 14:30:00,0,17,34,51
2024-04-02 14:40:00,2,16,36,54
2024-04-02 14:50:00,6,19,23,48
2024-04-02 15:00:00,5,17,21,43
2024-04-02 15:10:00,1,26,34,61
2024-04-02 15:20:00,0,26,24,50
2024-04-02 15:30:00,4,29,32,65
2024-04-02 15:40:00,7,27,29,63
2024-04-02 15:50:00,2,38,30,70
2024-04-02 16:00:00,8,17,27,52
2024-04-02 16:10:00,5,22,21,48
2024-04-02 16:20:00,2,21,30,53
2024-04-02 16:30:00,3,19,24,46
2024-04-02 16:40:00,2,25,25,52
2024-04-02 16:50:00,5,26,25,56
2024-04-02 17:00:00,1,26,34,61
2024-04-02 17:10:00,5,23,38,66
2024-04-02 17:20:00,1,18,22,41
2024-04-02 17:30:00,4,31,35,70
2024-04-02 17:40:00,3,27,27,57
2024-04-02 17:50:00,5,25,20,50
2024-04-02 18:00:00,4,18,20,42
2024-04-02 18:10:00,6,16,26,48
2024-04-02 18:20:00,3,13,23,39
2024-04-02 18:30:00,8,20,23,51
2024-04-02 18:40:00,5,12,27,44
2024-04-02 18:50:00,4,17,22,43
2024-04-02 19:00:00,8,13,13,34
2024-04-02 19:10:00,5,15,12,32
2024-04-02 19:20:00,1,14,12,27
2024-04-02 19:30:00,4,8,17,29
2024-04-02 19:40:00,1,13,21,35
2024-04-02 19:50:00,3,13,14,30
2024-04-02 20:00:00,0,6,15,21
2024-04-02 20:10:00,5,11,28,44
2024-04-02 20:20:00,1,7,21,29
2024-04-02 20:30:00,1,12,17,30
2024-04-02 20:40:00,1,4,33,38
2024-04-02 20:50:00,1,3,7,11
2024-04-02 21:00:00,3,7,9,19
2024-04-02 21:10:00,0,4,10,14
2024-04-02 21:20:00,0,7,9,16
2024-04-02 21:30:00,0,4,9,13
2024-04-02 21:40:00,2,5,11,18
2024-04-02 21:50:00,1,3,13,17
2024-04-02 22:00:00,0,4,13,17
2024-04-02 22:10:00,1,4,19,24
2024-04-02 22:20:00,0,4,6,10
2024-04-02 22:30:00,1,3,2,6
2024-04-02 22:40:00,0,8,12,20
2024-04-02 22:50:00,0,6,8,14
2024-04-02 23:00:00,0,3,14,17
2024-04-02 23:10:00,0,5,8,13
2024-04-02 23:20:00,1,2,3,6
2024-04-02 23:30:00,0,5,7,12
2024-04-02 23:40:00,0,2,11,13
2024-04-02 23:50:00,0,3,2,5
2024-04-03 00:00:00,0,0,4,4
2024-04-03 00:10:00,0,2,4,6
2024-04-03 00:20:00,0,1,3,4
2024-04-03 00:30:00,0,0,2,2
2024-04-03 00:40:00,0,3,0,3
2024-04-03 00:50:00,0,0,0,0
2024-04-03 01:00:00,0,1,0,1
2024-04-03 01:10:00,0,0,1,1
2024-04-03 01:20:00,0,0,1,1
2024-04-03 01:30:00,0,2,1,3
2024-04-03 01:40:00,0,2,0,2
2024-04-03 01:50:00,0,1,0,1
2024-04-03 02:00:00,0,0,1,1
2024-04-03 02:10:00,0,3,1,4
2024-04-03 02:20:00,0,0,0,0
2024-04-03 02:30:00,0,1,0,1
2024-04-03 02:40:00,0,1,0,1
2024-04-03 02:50:00,0,0,0,0
2024-04-03 03:00:00,0,1,0,1
2024-04-03 03:10:00,0,0,0,0
2024-04-03 03:20:00,0,0,0,0
2024-04-03 03:30:00,0,0,0,0
2024-04-03 03:40:00,0,1,2,3
2024-04-03 03:50:00,0,1,2,3
2024-04-03 04:00:00,0,0,0,0
2024-04-03 04:10:00,0,0,4,4
2024-04-03 04:20:00,0,0,2,2
2024-04-03 04:30:00,1,0,1,2
2024-04-03 04:40:00,0,0,3,3
2024-04-03 04:50:00,0,0,0,0
2024-04-03 05:00:00,0,2,2,4
2024-04-03 05:10:00,1,0,6,7
2024-04-03 05:20:00,0,1,6,7
2024-04-03 05:30:00,0,3,6,9
2024-04-03 05:40:00,1,2,9,12
2024-04-03 05:50:00,0,5,3,8
2024-04-03 06:00:00,1,1,10,12
2024-04-03 06:10:00,0,3,8,11
2024-04-03 06:20:00,0,8,19,27
2024-04-03 06:30:00,0,5,12,17
2024-04-03 06:40:00,0,9,13,22
2024-04-03 06:50:00,0,11,22,33
2024-04-03 07:00:00,0,10,10,20
2024-04-03 07:10:00,0,11,8,19
2024-04-03 07:20:00,1,11,12,24
2024-04-03 07:30:00,3,15,13,31
2024-04-03 07:40:00,0,13,17,30
2024-04-03 07:50:00,2,18,14,34
2024-04-03 08:00:00,2,18,15,35
2024-04-03 08:10:00,3,23,17,43
2024-04-03 08:20:00,2,18,15,35
2024-04-03 08:30:00,6,14,24,44
2024-04-03 08:40:00,5,22,33,60
2024-04-03 08:50:00,4,24,25,53
2024-04-03 09:00:00,2,20,20,42
2024-04-03 09:10:00,4,16,17,37
2024-04-03 09:20:00,3,20,34,57
2024-04-03 09:30:00,2,10,19,31
2024-04-03 09:40:00,2,19,19,40
2024-04-03 09:50:00,2,23,28,53
2024-04-03 10:00:00,5,17,20,42
2024-04-03 10:10:00,1,14,12,27
2024-04-03 10:20:00,2,19,14,35
2024-04-03 10:30:00,1,15,23,39
2024-04-03 10:40:00,3,22,30,55
2024-04-03 10:50:00,2,16,16,34
2024-04-03 11:00:00,4,13,28,45
2024-04-03 11:10:00,3,17,30,50
2024-04-03 11:20:00,5,11,21,37
2024-04-03 11:30:00,3,19,20,42
2024-04-03 11:40:00,1,22,21,44
2024-04-03 11:50:00,4,18,30,52
2024-04-03 12:00:00,1,17,20,38
2024-04-03 12:10:00,4,25,15,44
2024-04-03 12:20:00,4,22,22,48
2024-04-03 12:30:00,4,15,22,41
2024-04-03 12:40:00,1,14,17,32
2024-04-03 12:50:00,5,20,20,45
2024-04-03 13:00:00,4,21,12,37
2024-04-03 13:10:00,1,30,17,48
2024-04-03 13:20:00,1,11,23,35
2024-04-03 13:30:00,2,14,23,39
2024-04-03 13:40:00,2,20,16,38
2024-04-03 13:50:00,2,10,25,37
2024-04-03 14:00:00,2,16,22,40
2024-04-03 14:10:00,1,13,23,37
2024-04-03 14:20:00,2,25,19,46
2024-04-03 14:30:00,4,27,21,52
2024-04-03 14:40:00,1,14,21,36
2024-04-03 14:50:00,4,21,23,48
2024-04-03 15:00:00,3,17,29,49
2024-04-03 15:10:00,3,22,27,52
2024-04-03 15:20:00,1,25,31,57
2024-04-03 15:30:00,2,21,23,46
2024-04-03 15:40:00,1,17,24,42
2024-04-03 15:50:00,1,26,31,58
2024-04-03 16:00:00,2,18,22,42
2024-04-03 16:10:00,0,10,15,25
2024-04-03 16:20:00,5,15,24,44
2024-04-03 16:30:00,2,18,27,47
2024-04-03 16:40:00,2,13,27,42
2024-04-03 16:50:00,4,19,37,60
2024-04-03 17:00:00,3,19,28,50
2024-04-03 17:10:00,2,21,29,52
2024-04-03 17:20:00,3,18,27,48
2024-04-03 17:30:00,4,21,19,44
2024-04-03 17:40:00,5,19,26,50
2024-04-03 17:50:00,3,24,31,58
2024-04-03 18:00:00,2,21,24,47
2024-04-03 18:10:00,5,18,29,52
2024-04-03 18:20:00,4,24,23,51
2024-04-03 18:30:00,2,20,30,52
2024-04-03 18:40:00,2,18,18,38
2024-04-03 18:50:00,2,17,18,37
2024-04-03 19:00:00,3,14,29,46
2024-04-03 19:10:00,6,15,20,41
2024-04-03 19:20:00,3,25,14,42
2024-04-03 19:30:00,2,14,21,37
2024-04-03 19:40:00,1,15,16,32
2024-04-03 19:50:00,2,7,20,29
2024-04-03 20:00:00,5,12,18,35
2024-04-03 20:10:00,3,20,15,38
2024-04-03 20:20:00,3,11,20,34
2024-04-03 20:30:00,1,7,15,23
2024-04-03 20:40:00,2,9,16,27
2024-04-03 20:50:00,0,9,18,27
2024-04-03 21:00:00,0,4,23,27
2024-04-03 21:10:00,0,6,9,15
2024-04-03 21:20:00,0,6,22,28
2024-04-03 21:30:00,1,5,15,21
2024-04-03 21:40:00,2,4,13,19
2024-04-03 21:50:00,1,9,6,16
2024-04-03 22:00:00,3,8,13,24
2024-04-03 22:10:00,2,9,9,20
2024-04-03 22:20:00,1,6,9,16
2024-04-03 22:30:00,1,4,2,7
2024-04-03 22:40:00,0,2,5,7
2024-04-03 22:50:00,1,3,3,7
2024-04-03 23:00:00,0,6,4,10
2024-04-03 23:10:00,1,5,10,16
2024-04-03 23:20:00,0,3,3,6
2024-04-03 23:30:00,0,2,2,4
2024-04-03 23:40:00,1,4,3,8
2024-04-03 23:50:00,0,4,3,7
2024-04-04 00:00:00,0,1,1,2
2024-04-04 00:10:00,1,2,7,10
2024-04-04 00:20:00,0,0,0,0
2024-04-04 00:30:00,0,1,4,5
2024-04-04 00:40:00,0,1,3,4
2024-04-04 00:50:00,1,3,1,5
2024-04-04 01:00:00,0,1,1,2
2024-04-04 01:10:00,0,0,0,0
2024-04-04 01:20:00,0,0,4,4
2024-04-04 01:30:00,0,0,0,0
2024-04-04 01:40:00,0,3,1,4
2024-04-04 01:50:00,0,0,1,1
2024-04-04 02:00:00,0,0,6,6
2024-04-04 02:10:00,0,1,1,2
2024-04-04 02:20:00,0,0,0,0
2024-04-04 02:30:00,0,1,0,1
2024-04-04 02:40:00,0,1,0,1
2024-04-04 02:50:00,0,1,0,1
2024-04-04 03:00:00,0,0,1,1
2024-04-04 03:10:00,0,0,0,0
2024-04-04 03:20:00,0,0,0,0
2024-04-04 03:30:00,0,0,2,2
2024-04-04 03:40:00,2,1,4,7
2024-04-04 03:50:00,0,0,0,0
2024-04-04 04:00:00,0,0,0,0
2024-04-04 04:10:00,0,0,4,4
2024-04-04 04:20:00,0,1,2,3
2024-04-04 04:30:00,1,0,2,3
2024-04-04 04:40:00,0,1,2,3
2024-04-04 04:50:00,0,0,0,0
2024-04-04 05:00:00,0,1,2,3
2024-04-04 05:10:00,0,0,4,4
2024-04-04 05:20:00,1,1,11,13
2024-04-04 05:30:00,0,5,5,10
2024-04-04 05:40:00,0,2,7,9
2024-04-04 05:50:00,0,4,1,5
2024-04-04 06:00:00,0,2,7,9
2024-04-04 06:10:00,0,2,15,17
2024-04-04 06:20:00,0,6,11,17
2024-04-04 06:30:00,0,4,9,13
2024-04-04 06:40:00,0,9,16,25
2024-04-04 06:50:00,0,6,16,22
2024-04-04 07:00:00,0,6,12,18
2024-04-04 07:10:00,0,19,9,28
2024-04-04 07:20:00,0,14,10,24
2024-04-04 07:30:00,2,16,15,33
2024-04-04 07:40:00,1,13,17,31
2024-04-04 07:50:00,1,15,9,25
2024-04-04 08:00:00,0,14,17,31
2024-04-04 08:10:00,2,11,18,31
2024-04-04 08:20:00,4,22,21,47
2024-04-04 08:30:00,2,20,19,41
2024-04-04 08:40:00,4,27,28,59
2024-04-04 08:50:00,3,15,24,42
2024-04-04 09:00:00,1,17,27,45
2024-04-04 09:10:00,4,11,19,34
2024-04-04 09:20:00,5,24,21,50
2024-04-04 09:30:00,5,17,14,36
2024-04-04 09:40:00,2,18,25,45
2024-04-04 09:50:00,2,19,23,44
2024-04-04 10:00:00,1,23,25,49
2024-04-04 10:10:00,4,15,20,39
2024-04-04 10:20:00,3,22,22,47
2024-04-04 10:30:00,2,22,19,43
2024-04-04 10:40:00,3,14,23,40
2024-04-04 10:50:00,3,15,21,39
2024-04-04 11:00:00,0,15,17,32
2024-04-04 11:10:00,2,14,20,36
2024-04-04 11:20:00,1,16,29,46
2024-04-04 11:30:00,3,23,23,49
2024-04-04 11:40:00,1,14,28,43
2024-04-04 11:50:00,1,41,14,56
2024-04-04 12:00:00,3,22,31,56
2024-04-04 12:10:00,2,15,19,36
2024-04-04 12:20:00,4,19,25,48
2024-04-04 12:30:00,2,13,28,43
2024-04-04 12:40:00,0,20,15,35
2024-04-04 12:50:00,1,16,26,43
2024-04-04 13:00:00,4,21,28,53
2024-04-04 13:10:00,3,17,32,52
2024-04-04 13:20:00,2,27,29,58
2024-04-04 13:30:00,1,22,25,48
2024-04-04 13:40:00,0,11,23,34
2024-04-04 13:50:00,2,19,27,48
2024-04-04 14:00:00,1,21,23,45
2024-04-04 14:10:00,0,28,25,53
2024-04-04 14:20:00,0,17,26,43
2024-04-04 14:30:00,3,26,18,47
2024-04-04 14:40:00,4,16,26,46
2024-04-04 14:50:00,6,23,32,61
2024-04-04 15:00:00,3,27,23,53
2024-04-04 15:10:00,3,24,34,61
2024-04-04 15:20:00,0,26,34,60
2024-04-04 15:30:00,1,31,27,59
2024-04-04 15:40:00,4,21,21,46
2024-04-04 15:50:00,5,27,30,62
2024-04-04 16:00:00,4,28,38,70
2024-04-04 16:10:00,5,26,31,62
2024-04-04 16:20:00,0,18,30,48
2024-04-04 16:30:00,5,19,24,48
2024-04-04 16:40:00,4,15,27,46
2024-04-04 16:50:00,9,30,33,72
2024-04-04 17:00:00,10,14,30,54
2024-04-04 17:10:00,10,22,19,51
2024-04-04 17:20:00,8,22,33,63
2024-04-04 17:30:00,7,15,27,49
2024-04-04 17:40:00,2,15,32,49
2024-04-04 17:50:00,8,19,42,69
2024-04-04 18:00:00,6,23,33,62
2024-04-04 18:10:00,5,19,18,42
2024-04-04 18:20:00,4,18,30,52
2024-04-04 18:30:00,6,21,28,55
2024-04-04 18:40:00,6,23,28,57
2024-04-04 18:50:00,3,27,21,51
2024-04-04 19:00:00,6,22,25,53
2024-04-04 19:10:00,5,25,33,63
2024-04-04 19:20:00,2,14,20,36
2024-04-04 19:30:00,0,16,21,37
2024-04-04 19:40:00,1,11,29,41
2024-04-04 19:50:00,3,9,19,31
2024-04-04 20:00:00,4,14,21,39
2024-04-04 20:10:00,2,14,12,28
2024-04-04 20:20:00,2,16,24,42
2024-04-04 20:30:00,0,11,10,21
2024-04-04 20:40:00,1,8,10,19
2024-04-04 20:50:00,2,5,26,33
2024-04-04 21:00:00,1,6,15,22
2024-04-04 21:10:00,1,12,19,32
2024-04-04 21:20:00,0,7,13,20
2024-04-04 21:30:00,4,5,11,20
2024-04-04 21:40:00,1,7,4,12
2024-04-04 21:50:00,1,5,5,11
2024-04-04 22:00:00,0,7,14,21
2024-04-04 22:10:00,1,8,15,24
2024-04-04 22:20:00,1,7,5,13
2024-04-04 22:30:00,1,3,14,18
2024-04-04 22:40:00,2,3,8,13
2024-04-04 22:50:00,0,6,5,11
2024-04-04 23:00:00,0,5,6,11
2024-04-04 23:10:00,1,8,16,25
2024-04-04 23:20:00,1,4,3,8
2024-04-04 23:30:00,1,4,3,8
2024-04-04 23:40:00,1,1,6,8
2024-04-04 23:50:00,1,0,3,4
2024-04-05 00:00:00,0,2,2,4
2024-04-05 00:10:00,0,2,3,5
2024-04-05 00:20:00,0,2,2,4
2024-04-05 00:30:00,1,2,7,10
2024-04-05 00:40:00,0,1,0,1
2024-04-05 00:50:00,0,1,1,2
2024-04-05 01:00:00,0,0,1,1
2024-04-05 01:10:00,0,0,2,2
2024-04-05 01:20:00,0,4,1,5
2024-04-05 01:30:00,0,0,0,0
2024-04-05 01:40:00,0,0,0,0
2024-04-05 01:50:00,0,0,0,0
2024-04-05 02:00:00,0,0,0,0
