datetime,D1Z,D2Z,D3Z,Total
2024-03-01 01:00:00,0,0,3,3
2024-03-01 01:10:00,2,0,8,10
2024-03-01 01:20:00,1,0,3,4
2024-03-01 01:30:00,3,0,2,5
2024-03-01 01:40:00,1,0,5,6
2024-03-01 01:50:00,1,0,7,8
2024-03-01 02:00:00,2,0,1,3
2024-03-01 02:10:00,0,0,2,2
2024-03-01 02:20:00,0,0,1,1
2024-03-01 02:30:00,1,0,5,6
2024-03-01 02:40:00,0,1,1,2
2024-03-01 02:50:00,2,0,5,7
2024-03-01 03:00:00,1,0,2,3
2024-03-01 03:10:00,1,0,3,4
2024-03-01 03:20:00,0,0,3,3
2024-03-01 03:30:00,2,0,1,3
2024-03-01 03:40:00,1,0,2,3
2024-03-01 03:50:00,1,0,2,3
2024-03-01 04:00:00,0,0,4,4
2024-03-01 04:10:00,0,0,4,4
2024-03-01 04:20:00,0,0,2,2
2024-03-01 04:30:00,1,0,1,2
2024-03-01 04:40:00,0,0,8,8
2024-03-01 04:50:00,2,0,1,3
2024-03-01 05:00:00,1,0,3,4
2024-03-01 05:10:00,2,0,4,6
2024-03-01 05:20:00,1,0,15,16
2024-03-01 05:30:00,0,0,9,9
2024-03-01 05:40:00,4,0,14,18
2024-03-01 05:50:00,3,0,21,24
2024-03-01 06:00:00,7,1,27,35
2024-03-01 06:10:00,5,0,17,22
2024-03-01 06:20:00,12,4,37,53
2024-03-01 06:30:00,7,2,40,49
2024-03-01 06:40:00,9,2,34,45
2024-03-01 06:50:00,17,1,58,76
2024-03-01 07:00:00,18,0,52,70
2024-03-01 07:10:00,24,0,41,65
2024-03-01 07:20:00,16,1,58,75
2024-03-01 07:30:00,22,3,62,87
2024-03-01 07:40:00,31,0,93,124
2024-03-01 07:50:00,35,2,78,115
2024-03-01 08:00:00,28,0,63,91
2024-03-01 08:10:00,28,1,62,91
2024-03-01 08:20:00,24,1,76,101
2024-03-01 08:30:00,22,6,50,78
2024-03-01 08:40:00,19,3,70,92
2024-03-01 08:50:00,23,4,62,89
2024-03-01 09:00:00,28,1,76,105
2024-03-01 09:10:00,2,22,79,103
2024-03-01 09:20:00,4,26,85,115
2024-03-01 09:30:00,20,3,92,115
2024-03-01 09:40:00,31,1,90,122
2024-03-01 09:50:00,34,0,74,108
2024-03-01 10:00:00,36,3,75,114
2024-03-01 10:10:00,24,1,87,112
2024-03-01 10:20:00,36,1,84,121
2024-03-01 10:30:00,24,1,76,101
2024-03-01 10:40:00,28,2,55,85
2024-03-01 10:50:00,35,1,80,116
2024-03-01 11:00:00,38,2,84,124
2024-03-01 11:10:00,44,1,70,115
2024-03-01 11:20:00,37,3,79,119
2024-03-01 11:30:00,32,0,71,103
2024-03-01 11:40:00,40,3,78,121
2024-03-01 11:50:00,44,3,79,126
2024-03-01 12:00:00,48,0,80,128
2024-03-01 12:10:00,48,1,67,116
2024-03-01 12:20:00,50,3,85,138
2024-03-01 12:30:00,54,4,66,124
2024-03-01 12:40:00,58,0,82,140
2024-03-01 12:50:00,53,2,81,136
2024-03-01 13:00:00,44,3,81,128
2024-03-01 13:10:00,46,1,83,130
2024-03-01 13:20:00,44,4,70,118
2024-03-01 13:30:00,52,0,83,135
2024-03-01 13:40:00,42,4,79,125
2024-03-01 13:50:00,29,1,77,107
2024-03-01 14:00:00,35,0,95,130
2024-03-01 14:10:00,53,1,81,135
2024-03-01 14:20:00,36,6,70,112
2024-03-01 14:30:00,44,1,82,127
2024-03-01 14:40:00,47,3,86,136
2024-03-01 14:50:00,47,0,69,116
2024-03-01 15:00:00,45,3,85,133
2024-03-01 15:10:00,34,1,90,125
2024-03-01 15:20:00,35,4,77,116
2024-03-01 15:30:00,36,1,89,126
2024-03-01 15:40:00,46,1,72,119
2024-03-01 15:50:00,37,1,69,107
2024-03-01 16:00:00,34,2,86,122
2024-03-01 16:10:00,37,2,72,111
2024-03-01 16:20:00,41,0,83,124
2024-03-01 16:30:00,35,2,87,124
2024-03-01 16:40:00,42,1,79,122
2024-03-01 16:50:00,35,0,85,120
2024-03-01 17:00:00,33,2,81,116
2024-03-01 17:10:00,43,4,83,130
2024-03-01 17:20:00,42,2,89,133
2024-03-01 17:30:00,41,0,80,121
2024-03-01 17:40:00,39,1,81,121
2024-03-01 17:50:00,39,1,73,113
2024-03-01 18:00:00,49,2,91,142
2024-03-01 18:10:00,38,2,79,119
2024-03-01 18:20:00,35,1,84,120
2024-03-01 18:30:00,35,0,82,117
2024-03-01 18:40:00,31,3,76,110
2024-03-01 18:50:00,29,4,75,108
2024-03-01 19:00:00,34,1,86,121
2024-03-01 19:10:00,20,1,87,108
2024-03-01 19:20:00,28,0,64,92
2024-03-01 19:30:00,32,1,48,81
2024-03-01 19:40:00,22,0,45,67
2024-03-01 19:50:00,32,2,55,89
2024-03-01 20:00:00,23,1,58,82
2024-03-01 20:10:00,22,0,47,69
2024-03-01 20:20:00,15,0,54,69
2024-03-01 20:30:00,12,1,49,62
2024-03-01 20:40:00,17,0,34,51
2024-03-01 20:50:00,13,0,30,43
2024-03-01 21:00:00,15,0,30,45
2024-03-01 21:10:00,19,0,40,59
2024-03-01 21:20:00,19,1,34,54
2024-03-01 21:30:00,44,7,33,84
2024-03-01 21:40:00,37,4,37,78
2024-03-01 21:50:00,30,7,31,68
2024-03-01 22:00:00,31,4,26,61
2024-03-01 22:10:00,16,2,29,47
2024-03-01 22:20:00,16,1,35,52
2024-03-01 22:30:00,21,0,36,57
2024-03-01 22:40:00,15,2,23,40
2024-03-01 22:50:00,9,1,34,44
2024-03-01 23:00:00,15,1,27,43
2024-03-01 23:10:00,20,3,20,43
2024-03-01 23:20:00,24,3,23,50
2024-03-01 23:30:00,10,1,24,35
2024-03-01 23:40:00,19,1,19,39
2024-03-01 23:50:00,15,1,13,29
2024-03-02 00:00:00,12,0,11,23
2024-03-02 00:10:00,5,0,18,23
2024-03-02 00:20:00,8,0,14,22
2024-03-02 00:30:00,10,1,12,23
2024-03-02 00:40:00,11,1,13,25
2024-03-02 00:50:00,4,0,8,12
2024-03-02 01:00:00,5,0,11,16
2024-03-02 01:10:00,4,0,6,10
2024-03-02 01:20:00,4,0,9,13
2024-03-02 01:30:00,6,2,11,19
2024-03-02 01:40:00,2,0,6,8
2024-03-02 01:50:00,4,0,7,11
2024-03-02 02:00:00,8,0,9,17
2024-03-02 02:10:00,5,0,9,14
2024-03-02 02:20:00,4,2,7,13
2024-03-02 02:30:00,4,0,4,8
2024-03-02 02:40:00,1,0,6,7
2024-03-02 02:50:00,6,1,4,11
2024-03-02 03:00:00,3,0,5,8
2024-03-02 03:10:00,2,0,4,6
2024-03-02 03:20:00,3,0,4,7
2024-03-02 03:30:00,1,0,5,6
2024-03-02 03:40:00,3,0,8,11
2024-03-02 03:50:00,4,0,6,10
2024-03-02 04:00:00,3,1,4,8
2024-03-02 04:10:00,0,0,7,7
2024-03-02 04:20:00,0,0,4,4
2024-03-02 04:30:00,1,0,2,3
2024-03-02 04:40:00,2,0,5,7
2024-03-02 04:50:00,0,0,3,3
2024-03-02 05:00:00,4,0,6,10
2024-03-02 05:10:00,3,0,7,10
2024-03-02 05:20:00,0,0,7,7
2024-03-02 05:30:00,2,0,8,10
2024-03-02 05:40:00,4,0,6,10
2024-03-02 05:50:00,2,0,10,12
2024-03-02 06:00:00,1,0,5,6
2024-03-02 06:10:00,5,1,11,17
2024-03-02 06:20:00,3,0,9,12
2024-03-02 06:30:00,5,0,7,12
2024-03-02 06:40:00,1,1,12,14
2024-03-02 06:50:00,1,0,8,9
2024-03-02 07:00:00,2,0,10,12
2024-03-02 07:10:00,2,0,12,14
2024-03-02 07:20:00,3,0,13,16
2024-03-02 07:30:00,3,1,15,19
2024-03-02 07:40:00,3,0,12,15
2024-03-02 07:50:00,9,1,16,26
2024-03-02 08:00:00,5,1,8,14
2024-03-02 08:10:00,12,2,21,35
2024-03-02 08:20:00,6,0,23,29
2024-03-02 08:30:00,8,0,24,32
2024-03-02 08:40:00,6,1,33,40
2024-03-02 08:50:00,9,0,31,40
2024-03-02 09:00:00,15,0,33,48
2024-03-02 09:10:00,8,0,44,52
2024-03-02 09:20:00,12,0,62,74
2024-03-02 09:30:00,14,0,38,52
2024-03-02 09:40:00,23,0,49,72
2024-03-02 09:50:00,19,0,54,73
2024-03-02 10:00:00,19,2,59,80
2024-03-02 10:10:00,26,1,40,67
2024-03-02 10:20:00,24,0,59,83
2024-03-02 10:30:00,21,1,49,71
2024-03-02 10:40:00,29,0,64,93
2024-03-02 10:50:00,30,0,68,98
2024-03-02 11:00:00,24,2,70,96
2024-03-02 11:10:00,20,0,63,83
2024-03-02 11:20:00,35,0,50,85
2024-03-02 11:30:00,27,1,66,94
2024-03-02 11:40:00,36,2,67,105
2024-03-02 11:50:00,35,3,57,95
2024-03-02 12:00:00,24,3,63,90
2024-03-02 12:10:00,34,4,69,107
2024-03-02 12:20:00,26,1,67,94
2024-03-02 12:30:00,33,0,66,99
2024-03-02 12:40:00,24,0,66,90
2024-03-02 12:50:00,27,4,68,99
2024-03-02 13:00:00,31,2,69,102
2024-03-02 13:10:00,34,2,55,91
2024-03-02 13:20:00,33,4,62,99
2024-03-02 13:30:00,25,0,71,96
2024-03-02 13:40:00,30,2,67,99
2024-03-02 13:50:00,25,2,62,89
2024-03-02 14:00:00,31,1,69,101
2024-03-02 14:10:00,44,2,76,122
2024-03-02 14:20:00,35,3,81,119
2024-03-02 14:30:00,37,2,61,100
2024-03-02 14:40:00,37,2,76,115
2024-03-02 14:50:00,43,4,67,114
2024-03-02 15:00:00,30,2,60,92
2024-03-02 15:10:00,40,1,86,127
2024-03-02 15:20:00,41,1,75,117
2024-03-02 15:30:00,29,1,72,102
2024-03-02 15:40:00,26,1,72,99
2024-03-02 15:50:00,39,2,64,105
2024-03-02 16:00:00,25,0,57,82
2024-03-02 16:10:00,29,0,60,89
2024-03-02 16:20:00,29,0,61,90
2024-03-02 16:30:00,31,1,62,94
2024-03-02 16:40:00,28,3,63,94
2024-03-02 16:50:00,34,2,62,98
2024-03-02 17:00:00,42,5,52,99
2024-03-02 17:10:00,40,3,51,94
2024-03-02 17:20:00,26,4,74,104
2024-03-02 17:30:00,41,1,70,112
2024-03-02 17:40:00,40,2,76,118
2024-03-02 17:50:00,31,1,63,95
2024-03-02 18:00:00,44,3,75,122
2024-03-02 18:10:00,38,0,63,101
2024-03-02 18:20:00,46,1,78,125
2024-03-02 18:30:00,36,4,77,117
2024-03-02 18:40:00,30,2,78,110
2024-03-02 18:50:00,38,0,72,110
2024-03-02 19:00:00,31,2,71,104
2024-03-02 19:10:00,29,2,74,105
2024-03-02 19:20:00,25,1,64,90
2024-03-02 19:30:00,15,0,56,71
2024-03-02 19:40:00,27,2,54,83
2024-03-02 19:50:00,34,0,54,88
2024-03-02 20:00:00,23,0,44,67
2024-03-02 20:10:00,23,0,40,63
2024-03-02 20:20:00,20,0,40,60
2024-03-02 20:30:00,13,0,36,49
2024-03-02 20:40:00,24,2,42,68
2024-03-02 20:50:00,20,2,38,60
2024-03-02 21:00:00,16,2,36,54
2024-03-02 21:10:00,13,2,27,42
2024-03-02 21:20:00,26,1,26,53
2024-03-02 21:30:00,14,2,25,41
2024-03-02 21:40:00,18,1,30,49
2024-03-02 21:50:00,15,0,30,45
2024-03-02 22:00:00,14,3,20,37
2024-03-02 22:10:00,29,3,49,81
2024-03-02 22:20:00,57,9,33,99
2024-03-02 22:30:00,33,3,42,78
2024-03-02 22:40:00,15,1,24,40
2024-03-02 22:50:00,25,4,30,59
2024-03-02 23:00:00,23,1,29,53
2024-03-02 23:10:00,11,2,41,54
2024-03-02 23:20:00,13,4,28,45
2024-03-02 23:30:00,11,1,24,36
2024-03-02 23:40:00,11,0,28,39
2024-03-02 23:50:00,12,0,18,30
2024-03-03 00:00:00,11,1,19,31
2024-03-03 00:10:00,18,3,20,41
2024-03-03 00:20:00,12,1,14,27
2024-03-03 00:30:00,8,1,17,26
2024-03-03 00:40:00,5,1,16,22
2024-03-03 00:50:00,18,2,13,33
2024-03-03 01:00:00,4,0,17,21
2024-03-03 01:10:00,7,1,7,15
2024-03-03 01:20:00,4,1,19,24
2024-03-03 01:30:00,4,1,14,19
2024-03-03 01:40:00,2,1,10,13
2024-03-03 01:50:00,7,0,11,18
2024-03-03 02:00:00,3,0,14,17
2024-03-03 02:10:00,3,0,5,8
2024-03-03 02:20:00,5,1,8,14
2024-03-03 02:30:00,1,0,14,15
2024-03-03 02:40:00,4,1,9,14
2024-03-03 02:50:00,6,2,8,16
2024-03-03 03:00:00,6,1,7,14
2024-03-03 03:10:00,5,3,9,17
2024-03-03 03:20:00,3,0,13,16
2024-03-03 03:30:00,4,1,10,15
2024-03-03 03:40:00,7,1,6,14
2024-03-03 03:50:00,5,2,6,13
2024-03-03 04:00:00,1,1,2,4
2024-03-03 04:10:00,0,0,7,7
2024-03-03 04:20:00,4,0,5,9
2024-03-03 04:30:00,2,1,5,8
2024-03-03 04:40:00,1,0,6,7
2024-03-03 04:50:00,3,0,3,6
2024-03-03 05:00:00,3,0,3,6
2024-03-03 05:10:00,2,2,3,7
2024-03-03 05:20:00,2,1,6,9
2024-03-03 05:30:00,1,1,5,7
2024-03-03 05:40:00,3,0,6,9
2024-03-03 05:50:00,2,0,4,6
2024-03-03 06:00:00,1,0,5,6
2024-03-03 06:10:00,2,0,11,13
2024-03-03 06:20:00,3,2,8,13
2024-03-03 06:30:00,5,2,7,14
2024-03-03 06:40:00,0,1,3,4
2024-03-03 06:50:00,0,0,5,5
2024-03-03 07:00:00,1,0,4,5
2024-03-03 07:10:00,1,0,4,5
2024-03-03 07:20:00,1,0,8,9
2024-03-03 07:30:00,2,0,5,7
2024-03-03 07:40:00,1,0,8,9
2024-03-03 07:50:00,2,0,10,12
2024-03-03 08:00:00,1,0,8,9
2024-03-03 08:10:00,3,0,8,11
2024-03-03 08:20:00,2,0,9,11
2024-03-03 08:30:00,2,0,13,15
2024-03-03 08:40:00,1,0,16,17
2024-03-03 08:50:00,4,1,7,12
2024-03-03 09:00:00,5,0,19,24
2024-03-03 09:10:00,8,0,18,26
2024-03-03 09:20:00,13,0,24,37
2024-03-03 09:30:00,4,0,23,27
2024-03-03 09:40:00,11,0,58,69
2024-03-03 09:50:00,14,0,51,65
2024-03-03 10:00:00,10,0,39,49
2024-03-03 10:10:00,15,2,41,58
2024-03-03 10:20:00,6,0,44,50
2024-03-03 10:30:00,12,1,53,66
2024-03-03 10:40:00,11,2,46,59
2024-03-03 10:50:00,15,0,39,54
2024-03-03 11:00:00,11,0,37,48
2024-03-03 11:10:00,10,0,33,43
2024-03-03 11:20:00,13,0,22,35
2024-03-03 11:30:00,14,0,42,56
2024-03-03 11:40:00,15,0,37,52
2024-03-03 11:50:00,15,0,43,58
2024-03-03 12:00:00,20,1,54,75
2024-03-03 12:10:00,17,1,46,64
2024-03-03 12:20:00,24,0,54,78
2024-03-03 12:30:00,20,0,55,75
2024-03-03 12:40:00,25,1,50,76
2024-03-03 12:50:00,18,1,50,69
2024-03-03 13:00:00,55,3,61,119
2024-03-03 13:10:00,45,5,63,113
2024-03-03 13:20:00,24,2,60,86
2024-03-03 13:30:00,25,0,40,65
2024-03-03 13:40:00,20,3,62,85
2024-03-03 13:50:00,24,2,46,72
2024-03-03 14:00:00,22,2,61,85
2024-03-03 14:10:00,22,0,53,75
2024-03-03 14:20:00,28,4,65,97
2024-03-03 14:30:00,24,2,56,82
2024-03-03 14:40:00,27,2,77,106
2024-03-03 14:50:00,23,1,60,84
2024-03-03 15:00:00,25,0,71,96
2024-03-03 15:10:00,35,3,65,103
2024-03-03 15:20:00,30,0,55,85
2024-03-03 15:30:00,16,1,47,64
2024-03-03 15:40:00,24,0,51,75
2024-03-03 15:50:00,35,1,51,87
2024-03-03 16:00:00,17,1,46,64
2024-03-03 16:10:00,27,0,53,80
2024-03-03 16:20:00,21,0,43,64
2024-03-03 16:30:00,28,1,46,75
2024-03-03 16:40:00,27,3,61,91
2024-03-03 16:50:00,21,2,48,71
2024-03-03 17:00:00,23,0,44,67
2024-03-03 17:10:00,40,0,53,93
2024-03-03 17:20:00,24,1,76,101
2024-03-03 17:30:00,23,1,58,82
2024-03-03 17:40:00,18,1,64,83
2024-03-03 17:50:00,24,0,48,72
2024-03-03 18:00:00,27,3,60,90
2024-03-03 18:10:00,25,1,52,78
2024-03-03 18:20:00,24,1,58,83
2024-03-03 18:30:00,25,2,59,86
2024-03-03 18:40:00,22,1,51,74
2024-03-03 18:50:00,16,0,77,93
2024-03-03 19:00:00,17,3,61,81
2024-03-03 19:10:00,20,2,63,85
2024-03-03 19:20:00,15,0,70,85
2024-03-03 19:30:00,17,3,52,72
2024-03-03 19:40:00,23,2,50,75
2024-03-03 19:50:00,16,1,48,65
2024-03-03 20:00:00,22,0,34,56
2024-03-03 20:10:00,7,0,34,41
2024-03-03 20:20:00,11,1,21,33
2024-03-03 20:30:00,7,0,32,39
2024-03-03 20:40:00,8,1,24,33
2024-03-03 20:50:00,10,0,16,26
2024-03-03 21:00:00,13,0,20,33
2024-03-03 21:10:00,10,1,22,33
2024-03-03 21:20:00,7,0,21,28
2024-03-03 21:30:00,9,0,11,20
2024-03-03 21:40:00,14,1,22,37
2024-03-03 21:50:00,13,0,25,38
2024-03-03 22:00:00,61,17,21,99
2024-03-03 22:10:00,54,14,18,86
2024-03-03 22:20:00,10,0,21,31
2024-03-03 22:30:00,6,1,10,17
2024-03-03 22:40:00,7,0,18,25
2024-03-03 22:50:00,8,0,18,26
2024-03-03 23:00:00,2,0,6,8
2024-03-03 23:10:00,3,0,10,13
2024-03-03 23:20:00,3,0,8,11
2024-03-03 23:30:00,4,1,8,13
2024-03-03 23:40:00,1,0,7,8
2024-03-03 23:50:00,1,0,12,13
2024-03-04 00:00:00,3,0,6,9
2024-03-04 00:10:00,2,1,9,12
2024-03-04 00:20:00,3,1,1,5
2024-03-04 00:30:00,0,0,7,7
2024-03-04 00:40:00,0,0,0,0
2024-03-04 00:50:00,1,0,3,4
2024-03-04 01:00:00,2,0,2,4
2024-03-04 01:10:00,2,0,1,3
2024-03-04 01:20:00,0,0,3,3
2024-03-04 01:30:00,1,0,5,6
2024-03-04 01:40:00,0,0,3,3
2024-03-04 01:50:00,2,0,2,4
2024-03-04 02:00:00,1,0,2,3
2024-03-04 02:10:00,0,0,1,1
2024-03-04 02:20:00,0,0,0,0
2024-03-04 02:30:00,2,0,2,4
2024-03-04 02:40:00,1,0,1,2
2024-03-04 02:50:00,0,0,0,0
2024-03-04 03:00:00,0,0,2,2
2024-03-04 03:10:00,1,0,3,4
2024-03-04 03:20:00,0,0,2,2
2024-03-04 03:30:00,1,0,2,3
2024-03-04 03:40:00,2,1,3,6
2024-03-04 03:50:00,0,0,1,1
2024-03-04 04:00:00,1,0,4,5
2024-03-04 04:10:00,0,0,3,3
2024-03-04 04:20:00,0,0,2,2
2024-03-04 04:30:00,0,0,1,1
2024-03-04 04:40:00,2,0,3,5
2024-03-04 04:50:00,0,0,3,3
2024-03-04 05:00:00,1,0,2,3
2024-03-04 05:10:00,4,0,8,12
2024-03-04 05:20:00,2,2,10,14
2024-03-04 05:30:00,1,0,13,14
2024-03-04 05:40:00,5,1,23,29
2024-03-04 05:50:00,6,3,14,23
2024-03-04 06:00:00,8,0,26,34
2024-03-04 06:10:00,13,1,23,37
2024-03-04 06:20:00,7,1,29,37
2024-03-04 06:30:00,10,0,30,40
2024-03-04 06:40:00,12,3,49,64
2024-03-04 06:50:00,17,1,46,64
2024-03-04 07:00:00,18,3,49,70
2024-03-04 07:10:00,23,0,53,76
2024-03-04 07:20:00,23,0,68,91
2024-03-04 07:30:00,27,1,73,101
2024-03-04 07:40:00,29,0,86,115
2024-03-04 07:50:00,29,1,79,109
2024-03-04 08:00:00,30,0,64,94
2024-03-04 08:10:00,34,1,71,106
2024-03-04 08:20:00,33,0,87,120
2024-03-04 08:30:00,24,1,70,95
2024-03-04 08:40:00,30,0,78,108
2024-03-04 08:50:00,30,0,72,102
2024-03-04 09:00:00,22,0,75,97
2024-03-04 09:10:00,24,2,65,91
2024-03-04 09:20:00,32,0,66,98
2024-03-04 09:30:00,32,1,78,111
2024-03-04 09:40:00,25,0,66,91
2024-03-04 09:50:00,26,0,67,93
2024-03-04 10:00:00,24,3,82,109
2024-03-04 10:10:00,20,0,57,77
2024-03-04 10:20:00,29,0,67,96
2024-03-04 10:30:00,31,1,79,111
2024-03-04 10:40:00,27,1,64,92
2024-03-04 10:50:00,41,2,68,111
2024-03-04 11:00:00,27,0,57,84
2024-03-04 11:10:00,31,0,59,90
2024-03-04 11:20:00,37,1,67,105
2024-03-04 11:30:00,34,1,73,108
2024-03-04 11:40:00,33,3,77,113
2024-03-04 11:50:00,34,1,54,89
2024-03-04 12:00:00,51,3,68,122
2024-03-04 12:10:00,42,3,65,110
2024-03-04 12:20:00,24,3,90,117
2024-03-04 12:30:00,36,2,75,113
2024-03-04 12:40:00,42,3,76,121
2024-03-04 12:50:00,30,2,67,99
2024-03-04 13:00:00,43,0,75,118
2024-03-04 13:10:00,34,0,70,104
2024-03-04 13:20:00,39,2,65,106
2024-03-04 13:30:00,34,2,79,115
2024-03-04 13:40:00,38,1,82,121
2024-03-04 13:50:00,34,0,68,102
2024-03-04 14:00:00,43,1,77,121
2024-03-04 14:10:00,36,1,63,100
2024-03-04 14:20:00,37,1,93,131
2024-03-04 14:30:00,29,0,80,109
2024-03-04 14:40:00,40,1,72,113
2024-03-04 14:50:00,51,1,102,154
2024-03-04 15:00:00,60,3,91,154
2024-03-04 15:10:00,30,1,77,108
2024-03-04 15:20:00,46,2,91,139
2024-03-04 15:30:00,37,3,91,131
2024-03-04 15:40:00,45,2,92,139
2024-03-04 15:50:00,35,1,93,129
2024-03-04 16:00:00,58,3,75,136
2024-03-04 16:10:00,61,4,100,165
2024-03-04 16:20:00,43,1,72,116
2024-03-04 16:30:00,49,2,100,151
2024-03-04 16:40:00,53,4,106,163
2024-03-04 16:50:00,35,1,101,137
2024-03-04 17:00:00,50,1,97,148
2024-03-04 17:10:00,52,1,96,149
2024-03-04 17:20:00,45,2,79,126
2024-03-04 17:30:00,39,1,89,129
2024-03-04 17:40:00,48,2,77,127
2024-03-04 17:50:00,38,0,83,121
2024-03-04 18:00:00,40,3,87,130
2024-03-04 18:10:00,30,0,85,115
2024-03-04 18:20:00,25,0,70,95
2024-03-04 18:30:00,28,1,70,99
2024-03-04 18:40:00,34,1,58,93
2024-03-04 18:50:00,33,1,62,96
2024-03-04 19:00:00,26,3,70,99
2024-03-04 19:10:00,33,2,58,93
2024-03-04 19:20:00,19,3,73,95
2024-03-04 19:30:00,19,2,58,79
2024-03-04 19:40:00,25,1,45,71
2024-03-04 19:50:00,18,1,34,53
2024-03-04 20:00:00,8,2,48,58
2024-03-04 20:10:00,6,0,40,46
2024-03-04 20:20:00,4,1,43,48
2024-03-04 20:30:00,3,0,46,49
2024-03-04 20:40:00,4,1,40,45
2024-03-04 20:50:00,2,2,39,43
2024-03-04 21:00:00,4,0,35,39
2024-03-04 21:10:00,4,0,46,50
2024-03-04 21:20:00,3,1,32,36
2024-03-04 21:30:00,2,1,31,34
2024-03-04 21:40:00,0,0,31,31
2024-03-04 21:50:00,2,1,25,28
2024-03-04 22:00:00,4,1,34,39
2024-03-04 22:10:00,15,6,24,45
2024-03-04 22:20:00,48,11,32,91
2024-03-04 22:30:00,11,2,29,42
2024-03-04 22:40:00,1,0,17,18
2024-03-04 22:50:00,1,1,21,23
2024-03-04 23:00:00,0,0,22,22
2024-03-04 23:10:00,2,0,17,19
2024-03-04 23:20:00,1,1,14,16
2024-03-04 23:30:00,2,0,10,12
2024-03-04 23:40:00,3,0,8,11
2024-03-04 23:50:00,0,0,9,9
2024-03-05 00:00:00,0,0,11,11
2024-03-05 00:10:00,2,1,8,11
2024-03-05 00:20:00,0,0,6,6
2024-03-05 00:30:00,1,0,3,4
2024-03-05 00:40:00,0,0,3,3
2024-03-05 00:50:00,1,0,4,5
2024-03-05 01:00:00,0,0,2,2
2024-03-05 01:10:00,1,1,1,3
2024-03-05 01:20:00,1,0,4,5
2024-03-05 01:30:00,1,1,5,7
2024-03-05 01:40:00,1,0,6,7
2024-03-05 01:50:00,0,0,3,3
2024-03-05 02:00:00,0,0,1,1
2024-03-05 02:10:00,0,0,1,1
2024-03-05 02:20:00,0,0,3,3
2024-03-05 02:30:00,2,0,3,5
2024-03-05 02:40:00,0,0,4,4
2024-03-05 02:50:00,0,0,3,3
2024-03-05 03:00:00,0,0,0,0
2024-03-05 03:10:00,0,0,1,1
2024-03-05 03:20:00,0,0,3,3
2024-03-05 03:30:00,0,0,2,2
2024-03-05 03:40:00,0,0,3,3
2024-03-05 03:50:00,0,0,4,4
2024-03-05 04:00:00,0,0,3,3
2024-03-05 04:10:00,0,0,2,2
2024-03-05 04:20:00,0,0,5,5
2024-03-05 04:30:00,0,0,3,3
2024-03-05 04:40:00,0,0,11,11
2024-03-05 04:50:00,0,0,5,5
2024-03-05 05:00:00,4,2,5,11
2024-03-05 05:10:00,3,0,13,16
2024-03-05 05:20:00,4,0,13,17
2024-03-05 05:30:00,3,0,13,16
2024-03-05 05:40:00,7,0,24,31
2024-03-05 05:50:00,5,1,15,21
2024-03-05 06:00:00,13,1,25,39
2024-03-05 06:10:00,5,0,21,26
2024-03-05 06:20:00,12,3,41,56
2024-03-05 06:30:00,11,0,37,48
2024-03-05 06:40:00,8,1,44,53
2024-03-05 06:50:00,18,0,39,57
2024-03-05 07:00:00,18,1,48,67
2024-03-05 07:10:00,23,2,57,82
2024-03-05 07:20:00,24,6,63,93
2024-03-05 07:30:00,26,3,86,115
2024-03-05 07:40:00,40,1,63,104
2024-03-05 07:50:00,24,1,88,113
2024-03-05 08:00:00,30,0,61,91
2024-03-05 08:10:00,34,2,72,108
2024-03-05 08:20:00,32,3,83,118
2024-03-05 08:30:00,25,0,75,100
2024-03-05 08:40:00,38,1,81,120
2024-03-05 08:50:00,24,1,76,101
2024-03-05 09:00:00,34,2,74,110
2024-03-05 09:10:00,28,1,66,95
2024-03-05 09:20:00,25,4,77,106
2024-03-05 09:30:00,32,1,79,112
2024-03-05 09:40:00,13,1,71,85
2024-03-05 09:50:00,30,4,92,126
2024-03-05 10:00:00,28,0,77,105
2024-03-05 10:10:00,24,0,56,80
2024-03-05 10:20:00,19,4,79,102
2024-03-05 10:30:00,29,1,86,116
2024-03-05 10:40:00,35,1,74,110
2024-03-05 10:50:00,28,4,73,105
2024-03-05 11:00:00,39,4,74,117
2024-03-05 11:10:00,30,1,55,86
2024-03-05 11:20:00,31,0,57,88
2024-03-05 11:30:00,36,6,73,115
2024-03-05 11:40:00,35,15,75,125
2024-03-05 11:50:00,39,5,83,127
2024-03-05 12:00:00,44,2,68,114
2024-03-05 12:10:00,33,0,79,112
2024-03-05 12:20:00,25,8,94,127
2024-03-05 12:30:00,36,15,64,115
2024-03-05 12:40:00,46,7,83,136
2024-03-05 12:50:00,38,1,71,110
2024-03-05 13:00:00,47,1,71,119
2024-03-05 13:10:00,36,0,64,100
2024-03-05 13:20:00,39,1,61,101
2024-03-05 13:30:00,42,3,75,120
2024-03-05 13:40:00,48,2,74,124
2024-03-05 13:50:00,38,1,79,118
2024-03-05 14:00:00,34,1,81,116
2024-03-05 14:10:00,30,0,69,99
2024-03-05 14:20:00,51,0,84,135
2024-03-05 14:30:00,39,2,72,113
2024-03-05 14:40:00,36,3,78,117
2024-03-05 14:50:00,47,2,80,129
2024-03-05 15:00:00,45,1,82,128
2024-03-05 15:10:00,46,1,90,137
2024-03-05 15:20:00,34,1,87,122
2024-03-05 15:30:00,35,1,90,126
2024-03-05 15:40:00,53,3,113,169
2024-03-05 15:50:00,41,0,85,126
2024-03-05 16:00:00,39,1,78,118
2024-03-05 16:10:00,53,0,100,153
2024-03-05 16:20:00,45,0,118,163
2024-03-05 16:30:00,51,0,114,165
2024-03-05 16:40:00,54,1,87,142
2024-03-05 16:50:00,40,0,109,149
2024-03-05 17:00:00,38,1,88,127
2024-03-05 17:10:00,47,0,109,156
2024-03-05 17:20:00,44,2,77,123
2024-03-05 17:30:00,38,1,80,119
2024-03-05 17:40:00,44,2,86,132
2024-03-05 17:50:00,43,2,79,124
2024-03-05 18:00:00,42,1,98,141
2024-03-05 18:10:00,45,3,85,133
2024-03-05 18:20:00,35,4,79,118
2024-03-05 18:30:00,30,0,74,104
2024-03-05 18:40:00,34,2,75,111
2024-03-05 18:50:00,32,0,77,109
2024-03-05 19:00:00,16,0,62,78
2024-03-05 19:10:00,33,0,62,95
2024-03-05 19:20:00,34,0,64,98
2024-03-05 19:30:00,12,0,51,63
2024-03-05 19:40:00,11,1,50,62
2024-03-05 19:50:00,15,0,47,62
2024-03-05 20:00:00,3,2,51,56
2024-03-05 20:10:00,6,0,53,59
2024-03-05 20:20:00,7,0,50,57
2024-03-05 20:30:00,3,0,44,47
2024-03-05 20:40:00,1,1,43,45
2024-03-05 20:50:00,5,0,44,49
2024-03-05 21:00:00,2,0,30,32
2024-03-05 21:10:00,3,2,30,35
2024-03-05 21:20:00,5,1,36,42
2024-03-05 21:30:00,4,0,30,34
2024-03-05 21:40:00,3,1,33,37
2024-03-05 21:50:00,3,1,38,42
2024-03-05 22:00:00,3,0,33,36
2024-03-05 22:10:00,3,1,33,37
2024-03-05 22:20:00,1,0,40,41
2024-03-05 22:30:00,8,2,34,44
2024-03-05 22:40:00,4,0,25,29
2024-03-05 22:50:00,2,0,21,23
2024-03-05 23:00:00,2,1,19,22
2024-03-05 23:10:00,1,0,24,25
2024-03-05 23:20:00,1,0,26,27
2024-03-05 23:30:00,0,0,14,14
2024-03-05 23:40:00,0,0,15,15
2024-03-05 23:50:00,1,1,11,13
2024-03-06 00:00:00,0,0,11,11
2024-03-06 00:10:00,0,0,8,8
2024-03-06 00:20:00,0,0,4,4
2024-03-06 00:30:00,0,0,6,6
2024-03-06 00:40:00,1,1,4,6
2024-03-06 00:50:00,0,0,8,8
2024-03-06 01:00:00,0,0,6,6
2024-03-06 01:10:00,2,0,6,8
2024-03-06 01:20:00,1,1,4,6
2024-03-06 01:30:00,0,0,5,5
2024-03-06 01:40:00,0,0,3,3
2024-03-06 01:50:00,0,0,2,2
2024-03-06 02:00:00,0,0,2,2
2024-03-06 02:10:00,0,0,5,5
2024-03-06 02:20:00,0,0,3,3
2024-03-06 02:30:00,0,0,2,2
2024-03-06 02:40:00,0,0,3,3
2024-03-06 02:50:00,0,0,4,4
2024-03-06 03:00:00,1,1,3,5
2024-03-06 03:10:00,0,0,3,3
2024-03-06 03:20:00,0,0,2,2
2024-03-06 03:30:00,0,0,4,4
2024-03-06 03:40:00,1,0,3,4
2024-03-06 03:50:00,0,0,3,3
2024-03-06 04:00:00,0,0,0,0
2024-03-06 04:10:00,0,0,6,6
2024-03-06 04:20:00,1,1,3,5
2024-03-06 04:30:00,1,0,3,4
2024-03-06 04:40:00,0,0,10,10
2024-03-06 04:50:00,0,0,0,0
2024-03-06 05:00:00,4,0,5,9
2024-03-06 05:10:00,3,1,12,16
2024-03-06 05:20:00,3,0,14,17
2024-03-06 05:30:00,3,0,16,19
2024-03-06 05:40:00,3,0,17,20
2024-03-06 05:50:00,5,0,17,22
2024-03-06 06:00:00,7,0,24,31
2024-03-06 06:10:00,11,1,22,34
2024-03-06 06:20:00,7,0,36,43
2024-03-06 06:30:00,7,0,36,43
2024-03-06 06:40:00,15,1,52,68
2024-03-06 06:50:00,10,0,45,55
2024-03-06 07:00:00,19,0,52,71
2024-03-06 07:10:00,18,0,51,69
2024-03-06 07:20:00,25,1,61,87
2024-03-06 07:30:00,34,1,85,120
2024-03-06 07:40:00,26,0,69,95
2024-03-06 07:50:00,38,0,74,112
2024-03-06 08:00:00,33,1,55,89
2024-03-06 08:10:00,33,0,64,97
2024-03-06 08:20:00,35,1,65,101
2024-03-06 08:30:00,31,2,61,94
2024-03-06 08:40:00,22,0,84,106
2024-03-06 08:50:00,21,1,70,92
2024-03-06 09:00:00,23,3,54,80
2024-03-06 09:10:00,24,0,62,86
2024-03-06 09:20:00,34,0,67,101
2024-03-06 09:30:00,26,1,59,86
2024-03-06 09:40:00,24,0,70,94
2024-03-06 09:50:00,27,3,79,109
2024-03-06 10:00:00,14,0,69,83
2024-03-06 10:10:00,16,0,54,70
2024-03-06 10:20:00,33,0,71,104
2024-03-06 10:30:00,22,1,65,88
2024-03-06 10:40:00,24,2,64,90
2024-03-06 10:50:00,27,0,74,101
2024-03-06 11:00:00,29,1,71,101
2024-03-06 11:10:00,28,0,61,89
2024-03-06 11:20:00,37,0,65,102
2024-03-06 11:30:00,30,1,73,104
2024-03-06 11:40:00,44,6,83,133
2024-03-06 11:50:00,48,7,71,126
2024-03-06 12:00:00,44,3,76,123
2024-03-06 12:10:00,42,1,72,115
2024-03-06 12:20:00,49,0,74,123
2024-03-06 12:30:00,37,3,80,120
2024-03-06 12:40:00,46,2,74,122
2024-03-06 12:50:00,41,2,63,106
2024-03-06 13:00:00,43,2,67,112
2024-03-06 13:10:00,53,5,76,134
2024-03-06 13:20:00,42,0,70,112
2024-03-06 13:30:00,40,2,80,122
2024-03-06 13:40:00,40,2,72,114
2024-03-06 13:50:00,41,1,104,146
2024-03-06 14:00:00,38,4,82,124
2024-03-06 14:10:00,44,2,71,117
2024-03-06 14:20:00,45,1,75,121
2024-03-06 14:30:00,32,0,88,120
2024-03-06 14:40:00,32,2,76,110
2024-03-06 14:50:00,24,3,99,126
2024-03-06 15:00:00,39,1,72,112
2024-03-06 15:10:00,42,1,99,142
2024-03-06 15:20:00,41,1,89,131
2024-03-06 15:30:00,47,3,115,165
2024-03-06 15:40:00,41,2,99,142
2024-03-06 15:50:00,37,4,76,117
2024-03-06 16:00:00,43,0,81,124
2024-03-06 16:10:00,40,0,95,135
2024-03-06 16:20:00,48,1,77,126
2024-03-06 16:30:00,37,2,101,140
2024-03-06 16:40:00,47,0,92,139
2024-03-06 16:50:00,29,1,89,119
2024-03-06 17:00:00,34,0,76,110
2024-03-06 17:10:00,45,1,97,143
2024-03-06 17:20:00,41,3,84,128
2024-03-06 17:30:00,40,2,97,139
2024-03-06 17:40:00,34,1,73,108
2024-03-06 17:50:00,32,0,90,122
2024-03-06 18:00:00,43,2,88,133
2024-03-06 18:10:00,49,2,82,133
2024-03-06 18:20:00,29,0,83,112
2024-03-06 18:30:00,31,0,78,109
2024-03-06 18:40:00,36,3,77,116
2024-03-06 18:50:00,25,2,55,82
2024-03-06 19:00:00,19,0,62,81
2024-03-06 19:10:00,26,0,53,79
2024-03-06 19:20:00,26,0,39,65
2024-03-06 19:30:00,19,1,43,63
2024-03-06 19:40:00,16,0,46,62
2024-03-06 19:50:00,17,1,51,69
2024-03-06 20:00:00,7,1,69,77
2024-03-06 20:10:00,0,0,56,56
2024-03-06 20:20:00,4,0,46,50
2024-03-06 20:30:00,5,0,43,48
2024-03-06 20:40:00,3,0,46,49
2024-03-06 20:50:00,6,1,40,47
2024-03-06 21:00:00,4,0,32,36
2024-03-06 21:10:00,2,0,33,35
2024-03-06 21:20:00,4,0,47,51
2024-03-06 21:30:00,0,0,25,25
2024-03-06 21:40:00,2,0,35,37
2024-03-06 21:50:00,2,0,26,28
2024-03-06 22:00:00,1,1,36,38
2024-03-06 22:10:00,2,0,42,44
2024-03-06 22:20:00,1,0,36,37
2024-03-06 22:30:00,4,0,27,31
2024-03-06 22:40:00,2,1,20,23
2024-03-06 22:50:00,1,0,22,23
2024-03-06 23:00:00,3,1,18,22
2024-03-06 23:10:00,1,0,18,19
2024-03-06 23:20:00,0,0,14,14
2024-03-06 23:30:00,0,0,14,14
2024-03-06 23:40:00,0,0,20,20
2024-03-06 23:50:00,1,0,11,12
2024-03-07 00:00:00,1,0,3,4
2024-03-07 00:10:00,1,1,8,10
2024-03-07 00:20:00,0,0,9,9
2024-03-07 00:30:00,0,0,11,11
2024-03-07 00:40:00,1,1,6,8
2024-03-07 00:50:00,0,0,3,3
2024-03-07 01:00:00,1,0,7,8
2024-03-07 01:10:00,0,0,12,12
2024-03-07 01:20:00,1,0,4,5
2024-03-07 01:30:00,0,0,6,6
2024-03-07 01:40:00,1,1,2,4
2024-03-07 01:50:00,0,0,2,2
2024-03-07 02:00:00,0,0,4,4
2024-03-07 02:10:00,2,0,4,6
2024-03-07 02:20:00,0,0,2,2
2024-03-07 02:30:00,0,0,2,2
2024-03-07 02:40:00,0,0,1,1
2024-03-07 02:50:00,0,0,3,3
2024-03-07 03:00:00,0,0,2,2
2024-03-07 03:10:00,0,0,2,2
2024-03-07 03:20:00,1,0,7,8
2024-03-07 03:30:00,0,0,3,3
2024-03-07 03:40:00,1,0,1,2
2024-03-07 03:50:00,0,0,5,5
2024-03-07 04:00:00,0,0,4,4
2024-03-07 04:10:00,0,0,2,2
2024-03-07 04:20:00,1,1,8,10
2024-03-07 04:30:00,0,0,4,4
2024-03-07 04:40:00,0,0,8,8
2024-03-07 04:50:00,0,0,6,6
2024-03-07 05:00:00,1,0,0,1
2024-03-07 05:10:00,0,0,0,0
2024-03-07 05:20:00,0,0,0,0
2024-03-07 05:30:00,0,0,0,0
2024-03-07 05:40:00,0,0,0,0
2024-03-07 05:50:00,0,0,0,0
2024-03-07 06:00:00,0,0,0,0
2024-03-07 06:10:00,0,0,0,0
2024-03-07 06:20:00,0,0,0,0
2024-03-07 06:30:00,0,0,0,0
2024-03-07 06:40:00,0,0,0,0
2024-03-07 06:50:00,0,0,0,0
2024-03-07 07:00:00,0,0,0,0
2024-03-07 07:10:00,0,0,0,0
2024-03-07 07:20:00,0,0,0,0
2024-03-07 07:30:00,0,0,0,0
2024-03-07 07:40:00,0,0,0,0
2024-03-07 07:50:00,0,0,0,0
2024-03-07 08:00:00,0,0,0,0
2024-03-07 08:10:00,0,0,0,0
2024-03-07 08:20:00,0,0,0,0
2024-03-07 08:30:00,0,0,0,0
2024-03-07 08:40:00,0,0,0,0
2024-03-07 08:50:00,0,0,0,0
2024-03-07 09:00:00,0,0,0,0
2024-03-07 09:10:00,0,0,0,0
2024-03-07 09:20:00,0,0,0,0
2024-03-07 09:30:00,0,0,0,0
2024-03-07 09:40:00,0,0,0,0
2024-03-07 09:50:00,0,0,0,0
2024-03-07 10:00:00,0,0,0,0
2024-03-07 10:10:00,0,0,0,0
2024-03-07 10:20:00,0,0,0,0
2024-03-07 10:30:00,0,0,0,0
2024-03-07 10:40:00,0,0,0,0
2024-03-07 10:50:00,0,0,0,0
2024-03-07 11:00:00,0,0,0,0
2024-03-07 11:10:00,0,0,0,0
2024-03-07 11:20:00,0,0,0,0
2024-03-07 11:30:00,0,0,0,0
2024-03-07 11:40:00,0,0,0,0
2024-03-07 11:50:00,0,0,0,0
2024-03-07 12:00:00,0,0,0,0
2024-03-07 12:10:00,0,0,0,0
2024-03-07 12:20:00,0,0,0,0
2024-03-07 12:30:00,0,0,0,0
2024-03-07 12:40:00,0,0,0,0
2024-03-07 12:50:00,0,0,0,0
2024-03-07 13:00:00,0,0,0,0
2024-03-07 13:10:00,0,0,0,0
2024-03-07 13:20:00,0,0,0,0
2024-03-07 13:30:00,0,0,0,0
2024-03-07 13:40:00,0,0,0,0
2024-03-07 13:50:00,0,0,0,0
2024-03-07 14:00:00,0,0,0,0
2024-03-07 14:10:00,0,0,0,0
2024-03-07 14:20:00,0,0,0,0
2024-03-07 14:30:00,0,0,0,0
2024-03-07 14:40:00,0,0,0,0
2024-03-07 14:50:00,0,0,0,0
2024-03-07 15:00:00,0,0,0,0
2024-03-07 15:10:00,0,0,0,0
2024-03-07 15:20:00,0,0,0,0
2024-03-07 15:30:00,0,0,0,0
2024-03-07 15:40:00,0,0,0,0
2024-03-07 15:50:00,0,0,0,0
2024-03-07 16:00:00,0,0,0,0
2024-03-07 16:10:00,0,0,0,0
2024-03-07 16:20:00,0,0,0,0
2024-03-07 16:30:00,0,0,0,0
2024-03-07 16:40:00,0,0,0,0
2024-03-07 16:50:00,0,0,0,0
2024-03-07 17:00:00,0,0,0,0
2024-03-07 17:10:00,0,0,0,0
2024-03-07 17:20:00,0,0,0,0
2024-03-07 17:30:00,0,0,0,0
2024-03-07 17:40:00,0,0,0,0
2024-03-07 17:50:00,0,0,0,0
2024-03-07 18:00:00,0,0,0,0
2024-03-07 18:10:00,0,0,0,0
2024-03-07 18:20:00,0,0,0,0
2024-03-07 18:30:00,0,0,0,0
2024-03-07 18:40:00,0,0,0,0
2024-03-07 18:50:00,0,0,0,0
2024-03-07 19:00:00,0,0,0,0
2024-03-07 19:10:00,0,0,0,0
2024-03-07 19:20:00,0,0,0,0
2024-03-07 19:30:00,0,0,0,0
2024-03-07 19:40:00,0,0,0,0
2024-03-07 19:50:00,0,0,0,0
2024-03-07 20:00:00,0,0,0,0
2024-03-07 20:10:00,0,0,0,0
2024-03-07 20:20:00,0,0,0,0
2024-03-07 20:30:00,0,0,0,0
2024-03-07 20:40:00,0,0,0,0
2024-03-07 20:50:00,0,0,0,0
2024-03-07 21:00:00,0,0,0,0
2024-03-07 21:10:00,0,0,0,0
2024-03-07 21:20:00,0,0,0,0
2024-03-07 21:30:00,0,0,0,0
2024-03-07 21:40:00,0,0,0,0
2024-03-07 21:50:00,0,0,0,0
2024-03-07 22:00:00,0,0,0,0
2024-03-07 22:10:00,0,0,0,0
2024-03-07 22:20:00,0,0,0,0
2024-03-07 22:30:00,0,0,0,0
2024-03-07 22:40:00,0,0,0,0
2024-03-07 22:50:00,0,0,0,0
2024-03-07 23:00:00,0,0,0,0
2024-03-07 23:10:00,0,0,0,0
2024-03-07 23:20:00,0,0,0,0
2024-03-07 23:30:00,0,0,0,0
2024-03-07 23:40:00,0,0,0,0
2024-03-07 23:50:00,0,0,0,0
2024-03-08 00:00:00,0,0,0,0
2024-03-08 00:10:00,0,0,0,0
2024-03-08 00:20:00,0,0,0,0
2024-03-08 00:30:00,0,0,0,0
2024-03-08 00:40:00,0,0,0,0
2024-03-08 00:50:00,0,0,0,0
2024-03-08 01:00:00,0,0,0,0
2024-03-08 01:10:00,0,0,0,0
2024-03-08 01:20:00,0,0,0,0
2024-03-08 01:30:00,0,0,0,0
2024-03-08 01:40:00,0,0,0,0
2024-03-08 01:50:00,0,0,0,0
2024-03-08 02:00:00,0,0,0,0
2024-03-08 02:10:00,0,0,0,0
2024-03-08 02:20:00,0,0,0,0
2024-03-08 02:30:00,0,0,0,0
2024-03-08 02:40:00,0,0,0,0
2024-03-08 02:50:00,0,0,0,0
2024-03-08 03:00:00,0,0,0,0
2024-03-08 03:10:00,0,0,0,0
2024-03-08 03:20:00,0,0,0,0
2024-03-08 03:30:00,0,0,0,0
2024-03-08 03:40:00,0,0,0,0
2024-03-08 03:50:00,0,0,0,0
2024-03-08 04:00:00,0,0,0,0
2024-03-08 04:10:00,0,0,0,0
2024-03-08 04:20:00,0,0,0,0
2024-03-08 04:30:00,0,0,0,0
2024-03-08 04:40:00,0,0,0,0
2024-03-08 04:50:00,0,0,0,0
2024-03-08 05:00:00,0,0,0,0
2024-03-08 05:10:00,0,0,0,0
2024-03-08 05:20:00,0,0,0,0
2024-03-08 05:30:00,0,0,0,0
2024-03-08 05:40:00,0,0,0,0
2024-03-08 05:50:00,0,0,0,0
2024-03-08 06:00:00,0,0,0,0
2024-03-08 06:10:00,0,0,0,0
2024-03-08 06:20:00,0,0,0,0
2024-03-08 06:30:00,0,0,0,0
2024-03-08 06:40:00,0,0,0,0
2024-03-08 06:50:00,0,0,0,0
2024-03-08 07:00:00,0,0,0,0
2024-03-08 07:10:00,0,0,0,0
2024-03-08 07:20:00,0,0,0,0
2024-03-08 07:30:00,0,0,0,0
2024-03-08 07:40:00,0,0,0,0
2024-03-08 07:50:00,0,0,0,0
2024-03-08 08:00:00,0,0,0,0
2024-03-08 08:10:00,0,0,0,0
2024-03-08 08:20:00,0,0,0,0
2024-03-08 08:30:00,0,0,0,0
2024-03-08 08:40:00,0,0,0,0
2024-03-08 08:50:00,0,0,0,0
2024-03-08 09:00:00,0,0,0,0
2024-03-08 09:10:00,0,0,0,0
2024-03-08 09:20:00,0,0,0,0
2024-03-08 09:30:00,0,0,0,0
2024-03-08 09:40:00,0,0,0,0
2024-03-08 09:50:00,0,0,0,0
2024-03-08 10:00:00,0,0,0,0
2024-03-08 10:10:00,0,0,0,0
2024-03-08 10:20:00,0,0,0,0
2024-03-08 10:30:00,0,0,0,0
2024-03-08 10:40:00,0,0,0,0
2024-03-08 10:50:00,0,0,0,0
2024-03-08 11:00:00,0,0,0,0
2024-03-08 11:10:00,0,0,0,0
2024-03-08 11:20:00,0,0,0,0
2024-03-08 11:30:00,0,0,0,0
2024-03-08 11:40:00,0,0,0,0
2024-03-08 11:50:00,0,0,0,0
2024-03-08 12:00:00,0,0,0,0
2024-03-08 12:10:00,0,0,0,0
2024-03-08 12:20:00,0,0,0,0
2024-03-08 12:30:00,0,0,0,0
2024-03-08 12:40:00,0,0,0,0
2024-03-08 12:50:00,0,0,0,0
2024-03-08 13:00:00,0,0,0,0
2024-03-08 13:10:00,0,0,0,0
2024-03-08 13:20:00,0,0,0,0
2024-03-08 13:30:00,0,0,0,0
2024-03-08 13:40:00,0,0,0,0
2024-03-08 13:50:00,0,0,0,0
2024-03-08 14:00:00,0,0,0,0
2024-03-08 14:10:00,0,0,0,0
2024-03-08 14:20:00,0,0,0,0
2024-03-08 14:30:00,0,0,0,0
2024-03-08 14:40:00,0,0,0,0
2024-03-08 14:50:00,0,0,0,0
2024-03-08 15:00:00,0,0,0,0
2024-03-08 15:10:00,0,0,0,0
2024-03-08 15:20:00,0,0,0,0
2024-03-08 15:30:00,0,0,0,0
2024-03-08 15:40:00,0,0,0,0
2024-03-08 15:50:00,0,0,0,0
2024-03-08 16:00:00,0,0,0,0
2024-03-08 16:10:00,0,0,0,0
2024-03-08 16:20:00,0,0,0,0
2024-03-08 16:30:00,0,0,0,0
2024-03-08 16:40:00,0,0,0,0
2024-03-08 16:50:00,0,0,0,0
2024-03-08 17:00:00,0,0,0,0
2024-03-08 17:10:00,0,0,0,0
2024-03-08 17:20:00,0,0,0,0
2024-03-08 17:30:00,0,0,0,0
2024-03-08 17:40:00,0,0,0,0
2024-03-08 17:50:00,0,0,0,0
2024-03-08 18:00:00,0,0,0,0
2024-03-08 18:10:00,0,0,0,0
2024-03-08 18:20:00,0,0,0,0
2024-03-08 18:30:00,0,0,0,0
2024-03-08 18:40:00,0,0,0,0
2024-03-08 18:50:00,0,0,0,0
2024-03-08 19:00:00,0,0,0,0
2024-03-08 19:10:00,0,0,0,0
2024-03-08 19:20:00,0,0,0,0
2024-03-08 19:30:00,0,0,0,0
2024-03-08 19:40:00,0,0,0,0
2024-03-08 19:50:00,0,0,0,0
2024-03-08 20:00:00,0,0,0,0
2024-03-08 20:10:00,0,0,0,0
2024-03-08 20:20:00,0,0,0,0
2024-03-08 20:30:00,0,0,0,0
2024-03-08 20:40:00,0,0,0,0
2024-03-08 20:50:00,0,0,0,0
2024-03-08 21:00:00,0,0,0,0
2024-03-08 21:10:00,0,0,0,0
2024-03-08 21:20:00,0,0,0,0
2024-03-08 21:30:00,0,0,0,0
2024-03-08 21:40:00,0,0,0,0
2024-03-08 21:50:00,0,0,0,0
2024-03-08 22:00:00,0,0,0,0
2024-03-08 22:10:00,0,0,0,0
2024-03-08 22:20:00,0,0,0,0
2024-03-08 22:30:00,0,0,0,0
2024-03-08 22:40:00,0,0,0,0
2024-03-08 22:50:00,0,0,0,0
2024-03-08 23:00:00,0,0,0,0
2024-03-08 23:10:00,0,0,0,0
2024-03-08 23:20:00,0,0,0,0
2024-03-08 23:30:00,0,0,0,0
2024-03-08 23:40:00,0,0,0,0
2024-03-08 23:50:00,0,0,0,0
2024-03-09 00:00:00,0,0,0,0
2024-03-09 00:10:00,0,0,0,0
2024-03-09 00:20:00,0,0,0,0
2024-03-09 00:30:00,0,0,0,0
2024-03-09 00:40:00,0,0,0,0
2024-03-09 00:50:00,0,0,0,0
2024-03-09 01:00:00,0,0,0,0
2024-03-09 01:10:00,0,0,0,0
2024-03-09 01:20:00,0,0,0,0
2024-03-09 01:30:00,0,0,0,0
2024-03-09 01:40:00,0,0,0,0
2024-03-09 01:50:00,0,0,0,0
2024-03-09 02:00:00,0,0,0,0
2024-03-09 02:10:00,0,0,0,0
2024-03-09 02:20:00,0,0,0,0
2024-03-09 02:30:00,0,0,0,0
2024-03-09 02:40:00,0,0,0,0
2024-03-09 02:50:00,0,0,0,0
2024-03-09 03:00:00,0,0,0,0
2024-03-09 03:10:00,0,0,0,0
2024-03-09 03:20:00,0,0,0,0
2024-03-09 03:30:00,0,0,0,0
2024-03-09 03:40:00,0,0,0,0
2024-03-09 03:50:00,0,0,0,0
2024-03-09 04:00:00,0,0,0,0
2024-03-09 04:10:00,0,0,0,0
2024-03-09 04:20:00,0,0,0,0
2024-03-09 04:30:00,0,0,0,0
2024-03-09 04:40:00,0,0,0,0
2024-03-09 04:50:00,0,0,0,0
2024-03-09 05:00:00,0,0,0,0
2024-03-09 05:10:00,0,0,0,0
2024-03-09 05:20:00,0,0,0,0
2024-03-09 05:30:00,0,0,0,0
2024-03-09 05:40:00,0,0,0,0
2024-03-09 05:50:00,0,0,0,0
2024-03-09 06:00:00,0,0,0,0
2024-03-09 06:10:00,0,0,0,0
2024-03-09 06:20:00,0,0,0,0
2024-03-09 06:30:00,0,0,0,0
2024-03-09 06:40:00,0,0,0,0
2024-03-09 06:50:00,0,0,0,0
2024-03-09 07:00:00,0,0,0,0
2024-03-09 07:10:00,0,0,0,0
2024-03-09 07:20:00,0,0,0,0
2024-03-09 07:30:00,0,0,0,0
2024-03-09 07:40:00,0,0,0,0
2024-03-09 07:50:00,0,0,0,0
2024-03-09 08:00:00,0,0,0,0
2024-03-09 08:10:00,0,0,0,0
2024-03-09 08:20:00,0,0,0,0
2024-03-09 08:30:00,0,0,0,0
2024-03-09 08:40:00,0,0,0,0
2024-03-09 08:50:00,0,0,0,0
2024-03-09 09:00:00,0,0,0,0
2024-03-09 09:10:00,0,0,0,0
2024-03-09 09:20:00,0,0,0,0
2024-03-09 09:30:00,0,0,0,0
2024-03-09 09:40:00,0,0,0,0
2024-03-09 09:50:00,0,0,0,0
2024-03-09 10:00:00,0,0,0,0
2024-03-09 10:10:00,0,0,0,0
2024-03-09 10:20:00,0,0,0,0
2024-03-09 10:30:00,0,0,0,0
2024-03-09 10:40:00,0,0,0,0
2024-03-09 10:50:00,0,0,0,0
2024-03-09 11:00:00,0,0,0,0
2024-03-09 11:10:00,0,0,0,0
2024-03-09 11:20:00,0,0,0,0
2024-03-09 11:30:00,0,0,0,0
2024-03-09 11:40:00,0,0,0,0
2024-03-09 11:50:00,0,0,0,0
2024-03-09 12:00:00,0,0,0,0
2024-03-09 12:10:00,0,0,0,0
2024-03-09 12:20:00,0,0,0,0
2024-03-09 12:30:00,0,0,0,0
2024-03-09 12:40:00,0,0,0,0
2024-03-09 12:50:00,0,0,0,0
2024-03-09 13:00:00,0,0,0,0
2024-03-09 13:10:00,0,0,0,0
2024-03-09 13:20:00,0,0,0,0
2024-03-09 13:30:00,0,0,0,0
2024-03-09 13:40:00,0,0,0,0
2024-03-09 13:50:00,0,0,0,0
2024-03-09 14:00:00,0,0,0,0
2024-03-09 14:10:00,0,0,0,0
2024-03-09 14:20:00,0,0,0,0
2024-03-09 14:30:00,0,0,0,0
2024-03-09 14:40:00,0,0,0,0
2024-03-09 14:50:00,0,0,0,0
2024-03-09 15:00:00,0,0,0,0
2024-03-09 15:10:00,0,0,0,0
2024-03-09 15:20:00,0,0,0,0
2024-03-09 15:30:00,0,0,0,0
2024-03-09 15:40:00,0,0,0,0
2024-03-09 15:50:00,0,0,0,0
2024-03-09 16:00:00,0,0,0,0
2024-03-09 16:10:00,0,0,0,0
2024-03-09 16:20:00,0,0,0,0
2024-03-09 16:30:00,0,0,0,0
2024-03-09 16:40:00,0,0,0,0
2024-03-09 16:50:00,0,0,0,0
2024-03-09 17:00:00,0,0,0,0
2024-03-09 17:10:00,0,0,0,0
2024-03-09 17:20:00,0,0,0,0
2024-03-09 17:30:00,0,0,0,0
2024-03-09 17:40:00,0,0,0,0
2024-03-09 17:50:00,0,0,0,0
2024-03-09 18:00:00,0,0,0,0
2024-03-09 18:10:00,0,0,0,0
2024-03-09 18:20:00,0,0,0,0
2024-03-09 18:30:00,0,0,0,0
2024-03-09 18:40:00,0,0,0,0
2024-03-09 18:50:00,0,0,0,0
2024-03-09 19:00:00,0,0,0,0
2024-03-09 19:10:00,0,0,0,0
2024-03-09 19:20:00,0,0,0,0
2024-03-09 19:30:00,0,0,0,0
2024-03-09 19:40:00,0,0,0,0
2024-03-09 19:50:00,0,0,0,0
2024-03-09 20:00:00,0,0,0,0
2024-03-09 20:10:00,0,0,0,0
2024-03-09 20:20:00,0,0,0,0
2024-03-09 20:30:00,0,0,0,0
2024-03-09 20:40:00,0,0,0,0
2024-03-09 20:50:00,0,0,0,0
2024-03-09 21:00:00,0,0,0,0
2024-03-09 21:10:00,0,0,0,0
2024-03-09 21:20:00,0,0,0,0
2024-03-09 21:30:00,0,0,0,0
2024-03-09 21:40:00,0,0,0,0
2024-03-09 21:50:00,0,0,0,0
2024-03-09 22:00:00,0,0,0,0
2024-03-09 22:10:00,0,0,0,0
2024-03-09 22:20:00,0,0,0,0
2024-03-09 22:30:00,0,0,0,0
2024-03-09 22:40:00,0,0,0,0
2024-03-09 22:50:00,0,0,0,0
2024-03-09 23:00:00,0,0,0,0
2024-03-09 23:10:00,0,0,0,0
2024-03-09 23:20:00,0,0,0,0
2024-03-09 23:30:00,0,0,0,0
2024-03-09 23:40:00,0,0,0,0
2024-03-09 23:50:00,0,0,0,0
2024-03-10 00:00:00,0,0,0,0
2024-03-10 00:10:00,0,0,0,0
2024-03-10 00:20:00,0,0,0,0
2024-03-10 00:30:00,0,0,0,0
2024-03-10 00:40:00,0,0,0,0
2024-03-10 00:50:00,0,0,0,0
2024-03-10 01:00:00,0,0,0,0
2024-03-10 01:10:00,0,0,0,0
2024-03-10 01:20:00,0,0,0,0
2024-03-10 01:30:00,0,0,0,0
2024-03-10 01:40:00,0,0,0,0
2024-03-10 01:50:00,0,0,0,0
2024-03-10 02:00:00,0,0,0,0
2024-03-10 02:10:00,0,0,0,0
2024-03-10 02:20:00,0,0,0,0
2024-03-10 02:30:00,0,0,0,0
2024-03-10 02:40:00,0,0,0,0
2024-03-10 02:50:00,0,0,0,0
2024-03-10 03:00:00,0,0,0,0
2024-03-10 03:10:00,0,0,0,0
2024-03-10 03:20:00,0,0,0,0
2024-03-10 03:30:00,0,0,0,0
2024-03-10 03:40:00,0,0,0,0
2024-03-10 03:50:00,0,0,0,0
2024-03-10 04:00:00,0,0,0,0
2024-03-10 04:10:00,0,0,0,0
2024-03-10 04:20:00,0,0,0,0
2024-03-10 04:30:00,0,0,0,0
2024-03-10 04:40:00,0,0,0,0
2024-03-10 04:50:00,0,0,0,0
2024-03-10 05:00:00,0,0,0,0
2024-03-10 05:10:00,0,0,0,0
2024-03-10 05:20:00,0,0,0,0
2024-03-10 05:30:00,0,0,0,0
2024-03-10 05:40:00,0,0,0,0
2024-03-10 05:50:00,0,0,0,0
2024-03-10 06:00:00,0,0,0,0
2024-03-10 06:10:00,0,0,0,0
2024-03-10 06:20:00,0,0,0,0
2024-03-10 06:30:00,0,0,0,0
2024-03-10 06:40:00,0,0,0,0
2024-03-10 06:50:00,0,0,0,0
2024-03-10 07:00:00,0,0,0,0
2024-03-10 07:10:00,0,0,0,0
2024-03-10 07:20:00,0,0,0,0
2024-03-10 07:30:00,0,0,0,0
2024-03-10 07:40:00,0,0,0,0
2024-03-10 07:50:00,0,0,0,0
2024-03-10 08:00:00,0,0,0,0
2024-03-10 08:10:00,0,0,0,0
2024-03-10 08:20:00,0,0,0,0
2024-03-10 08:30:00,0,0,0,0
2024-03-10 08:40:00,0,0,0,0
2024-03-10 08:50:00,0,0,0,0
2024-03-10 09:00:00,0,0,0,0
2024-03-10 09:10:00,0,0,0,0
2024-03-10 09:20:00,0,0,0,0
2024-03-10 09:30:00,0,0,0,0
2024-03-10 09:40:00,0,0,0,0
2024-03-10 09:50:00,0,0,0,0
2024-03-10 10:00:00,0,0,0,0
2024-03-10 10:10:00,0,0,0,0
2024-03-10 10:20:00,0,0,0,0
2024-03-10 10:30:00,0,0,0,0
2024-03-10 10:40:00,0,0,0,0
2024-03-10 10:50:00,0,0,0,0
2024-03-10 11:00:00,0,0,0,0
2024-03-10 11:10:00,0,0,0,0
2024-03-10 11:20:00,0,0,0,0
2024-03-10 11:30:00,0,0,0,0
2024-03-10 11:40:00,0,0,0,0
2024-03-10 11:50:00,0,0,0,0
2024-03-10 12:00:00,0,0,0,0
2024-03-10 12:10:00,0,0,0,0
2024-03-10 12:20:00,0,0,0,0
2024-03-10 12:30:00,0,0,0,0
2024-03-10 12:40:00,0,0,0,0
2024-03-10 12:50:00,0,0,0,0
2024-03-10 13:00:00,0,0,0,0
2024-03-10 13:10:00,0,0,0,0
2024-03-10 13:20:00,0,0,0,0
2024-03-10 13:30:00,0,0,0,0
2024-03-10 13:40:00,0,0,0,0
2024-03-10 13:50:00,0,0,0,0
2024-03-10 14:00:00,0,0,0,0
2024-03-10 14:10:00,0,0,0,0
2024-03-10 14:20:00,0,0,0,0
2024-03-10 14:30:00,0,0,0,0
2024-03-10 14:40:00,0,0,0,0
2024-03-10 14:50:00,0,0,0,0
2024-03-10 15:00:00,0,0,0,0
2024-03-10 15:10:00,0,0,0,0
2024-03-10 15:20:00,0,0,0,0
2024-03-10 15:30:00,0,0,0,0
2024-03-10 15:40:00,0,0,0,0
2024-03-10 15:50:00,0,0,0,0
2024-03-10 16:00:00,0,0,0,0
2024-03-10 16:10:00,0,0,0,0
2024-03-10 16:20:00,0,0,0,0
2024-03-10 16:30:00,0,0,0,0
2024-03-10 16:40:00,0,0,0,0
2024-03-10 16:50:00,0,0,0,0
2024-03-10 17:00:00,0,0,0,0
2024-03-10 17:10:00,0,0,0,0
2024-03-10 17:20:00,0,0,0,0
2024-03-10 17:30:00,0,0,0,0
2024-03-10 17:40:00,0,0,0,0
2024-03-10 17:50:00,0,0,0,0
2024-03-10 18:00:00,0,0,0,0
2024-03-10 18:10:00,0,0,0,0
2024-03-10 18:20:00,0,0,0,0
2024-03-10 18:30:00,0,0,0,0
2024-03-10 18:40:00,0,0,0,0
2024-03-10 18:50:00,0,0,0,0
2024-03-10 19:00:00,0,0,0,0
2024-03-10 19:10:00,0,0,0,0
2024-03-10 19:20:00,0,0,0,0
2024-03-10 19:30:00,0,0,0,0
2024-03-10 19:40:00,0,0,0,0
2024-03-10 19:50:00,0,0,0,0
2024-03-10 20:00:00,0,0,0,0
2024-03-10 20:10:00,0,0,0,0
2024-03-10 20:20:00,0,0,0,0
2024-03-10 20:30:00,0,0,0,0
2024-03-10 20:40:00,0,0,0,0
2024-03-10 20:50:00,0,0,0,0
2024-03-10 21:00:00,0,0,0,0
2024-03-10 21:10:00,0,0,0,0
2024-03-10 21:20:00,0,0,0,0
2024-03-10 21:30:00,0,0,0,0
2024-03-10 21:40:00,0,0,0,0
2024-03-10 21:50:00,0,0,0,0
2024-03-10 22:00:00,0,0,0,0
2024-03-10 22:10:00,0,0,0,0
2024-03-10 22:20:00,0,0,0,0
2024-03-10 22:30:00,0,0,0,0
2024-03-10 22:40:00,0,0,0,0
2024-03-10 22:50:00,0,0,0,0
2024-03-10 23:00:00,0,0,0,0
2024-03-10 23:10:00,0,0,0,0
2024-03-10 23:20:00,0,0,0,0
2024-03-10 23:30:00,0,0,0,0
2024-03-10 23:40:00,0,0,0,0
2024-03-10 23:50:00,0,0,0,0
2024-03-11 00:00:00,0,0,0,0
2024-03-11 00:10:00,0,0,0,0
2024-03-11 00:20:00,0,0,0,0
2024-03-11 00:30:00,0,0,0,0
2024-03-11 00:40:00,0,0,0,0
2024-03-11 00:50:00,0,0,0,0
2024-03-11 01:00:00,0,0,0,0
2024-03-11 01:10:00,0,0,0,0
2024-03-11 01:20:00,0,0,0,0
2024-03-11 01:30:00,0,0,0,0
2024-03-11 01:40:00,0,0,0,0
2024-03-11 01:50:00,0,0,0,0
2024-03-11 02:00:00,0,0,0,0
2024-03-11 02:10:00,0,0,0,0
2024-03-11 02:20:00,0,0,0,0
2024-03-11 02:30:00,0,0,0,0
2024-03-11 02:40:00,0,0,0,0
2024-03-11 02:50:00,0,0,0,0
2024-03-11 03:00:00,0,0,0,0
2024-03-11 03:10:00,0,0,0,0
2024-03-11 03:20:00,0,0,0,0
2024-03-11 03:30:00,0,0,0,0
2024-03-11 03:40:00,0,0,0,0
2024-03-11 03:50:00,0,0,0,0
2024-03-11 04:00:00,0,0,0,0
2024-03-11 04:10:00,0,0,0,0
2024-03-11 04:20:00,0,0,0,0
2024-03-11 04:30:00,0,0,0,0
2024-03-11 04:40:00,0,0,0,0
2024-03-11 04:50:00,0,0,0,0
2024-03-11 05:00:00,0,0,0,0
2024-03-11 05:10:00,0,0,0,0
2024-03-11 05:20:00,0,0,0,0
2024-03-11 05:30:00,0,0,0,0
2024-03-11 05:40:00,0,0,0,0
2024-03-11 05:50:00,0,0,0,0
2024-03-11 06:00:00,0,0,0,0
2024-03-11 06:10:00,0,0,0,0
2024-03-11 06:20:00,0,0,0,0
2024-03-11 06:30:00,0,0,0,0
2024-03-11 06:40:00,0,0,0,0
2024-03-11 06:50:00,0,0,0,0
2024-03-11 07:00:00,0,0,0,0
2024-03-11 07:10:00,0,0,0,0
2024-03-11 07:20:00,0,0,0,0
2024-03-11 07:30:00,0,0,0,0
2024-03-11 07:40:00,0,0,0,0
2024-03-11 07:50:00,0,0,0,0
2024-03-11 08:00:00,0,0,0,0
2024-03-11 08:10:00,0,0,0,0
2024-03-11 08:20:00,0,0,0,0
2024-03-11 08:30:00,0,0,0,0
2024-03-11 08:40:00,0,0,0,0
2024-03-11 08:50:00,0,0,0,0
2024-03-11 09:00:00,0,0,0,0
2024-03-11 09:10:00,0,0,0,0
2024-03-11 09:20:00,0,0,0,0
2024-03-11 09:30:00,0,0,0,0
2024-03-11 09:40:00,0,0,0,0
2024-03-11 09:50:00,0,0,0,0
2024-03-11 10:00:00,0,0,0,0
2024-03-11 10:10:00,0,0,0,0
2024-03-11 10:20:00,0,0,0,0
2024-03-11 10:30:00,0,0,0,0
2024-03-11 10:40:00,0,0,0,0
2024-03-11 10:50:00,0,0,0,0
2024-03-11 11:00:00,0,0,0,0
2024-03-11 11:10:00,0,0,0,0
2024-03-11 11:20:00,0,0,0,0
2024-03-11 11:30:00,0,0,0,0
2024-03-11 11:40:00,0,0,0,0
2024-03-11 11:50:00,0,0,0,0
2024-03-11 12:00:00,0,0,0,0
2024-03-11 12:10:00,0,0,0,0
2024-03-11 12:20:00,0,0,0,0
2024-03-11 12:30:00,0,0,0,0
2024-03-11 12:40:00,0,0,0,0
2024-03-11 12:50:00,0,0,0,0
2024-03-11 13:00:00,0,0,0,0
2024-03-11 13:10:00,0,0,0,0
2024-03-11 13:20:00,0,0,0,0
2024-03-11 13:30:00,0,0,0,0
2024-03-11 13:40:00,0,0,0,0
2024-03-11 13:50:00,0,0,0,0
2024-03-11 14:00:00,0,0,0,0
2024-03-11 14:10:00,0,0,0,0
2024-03-11 14:20:00,0,0,0,0
2024-03-11 14:30:00,0,0,0,0
2024-03-11 14:40:00,0,0,0,0
2024-03-11 14:50:00,0,0,0,0
2024-03-11 15:00:00,0,0,0,0
2024-03-11 15:10:00,0,0,0,0
2024-03-11 15:20:00,0,0,0,0
2024-03-11 15:30:00,0,0,0,0
2024-03-11 15:40:00,0,0,0,0
2024-03-11 15:50:00,0,0,0,0
2024-03-11 16:00:00,0,0,0,0
2024-03-11 16:10:00,0,0,0,0
2024-03-11 16:20:00,0,0,0,0
2024-03-11 16:30:00,0,0,0,0
2024-03-11 16:40:00,0,0,0,0
2024-03-11 16:50:00,0,0,0,0
2024-03-11 17:00:00,0,0,0,0
2024-03-11 17:10:00,0,0,0,0
2024-03-11 17:20:00,0,0,0,0
2024-03-11 17:30:00,0,0,0,0
2024-03-11 17:40:00,0,0,0,0
2024-03-11 17:50:00,0,0,0,0
2024-03-11 18:00:00,0,0,0,0
2024-03-11 18:10:00,0,0,0,0
2024-03-11 18:20:00,0,0,0,0
2024-03-11 18:30:00,0,0,0,0
2024-03-11 18:40:00,0,0,0,0
2024-03-11 18:50:00,0,0,0,0
2024-03-11 19:00:00,0,0,0,0
2024-03-11 19:10:00,0,0,0,0
2024-03-11 19:20:00,0,0,0,0
2024-03-11 19:30:00,0,0,0,0
2024-03-11 19:40:00,0,0,0,0
2024-03-11 19:50:00,0,0,0,0
2024-03-11 20:00:00,0,0,0,0
2024-03-11 20:10:00,0,0,0,0
2024-03-11 20:20:00,0,0,0,0
2024-03-11 20:30:00,0,0,0,0
2024-03-11 20:40:00,0,0,0,0
2024-03-11 20:50:00,0,0,0,0
2024-03-11 21:00:00,0,0,0,0
2024-03-11 21:10:00,0,0,0,0
2024-03-11 21:20:00,0,0,0,0
2024-03-11 21:30:00,0,0,0,0
2024-03-11 21:40:00,0,0,0,0
2024-03-11 21:50:00,0,0,0,0
2024-03-11 22:00:00,0,0,0,0
2024-03-11 22:10:00,0,0,0,0
2024-03-11 22:20:00,0,0,0,0
2024-03-11 22:30:00,0,0,0,0
2024-03-11 22:40:00,0,0,0,0
2024-03-11 22:50:00,0,0,0,0
2024-03-11 23:00:00,0,0,0,0
2024-03-11 23:10:00,0,0,0,0
2024-03-11 23:20:00,0,0,0,0
2024-03-11 23:30:00,0,0,0,0
2024-03-11 23:40:00,0,0,0,0
2024-03-11 23:50:00,0,0,0,0
2024-03-12 00:00:00,0,0,0,0
2024-03-12 00:10:00,0,0,0,0
2024-03-12 00:20:00,0,0,0,0
2024-03-12 00:30:00,0,0,0,0
2024-03-12 00:40:00,0,0,0,0
2024-03-12 00:50:00,0,0,0,0
2024-03-12 01:00:00,0,0,0,0
2024-03-12 01:10:00,0,0,0,0
2024-03-12 01:20:00,0,0,0,0
2024-03-12 01:30:00,0,0,0,0
2024-03-12 01:40:00,0,0,0,0
2024-03-12 01:50:00,0,0,0,0
2024-03-12 02:00:00,0,0,0,0
2024-03-12 02:10:00,0,0,0,0
2024-03-12 02:20:00,0,0,0,0
2024-03-12 02:30:00,0,0,0,0
2024-03-12 02:40:00,0,0,0,0
2024-03-12 02:50:00,0,0,0,0
2024-03-12 03:00:00,0,0,0,0
2024-03-12 03:10:00,0,0,0,0
2024-03-12 03:20:00,0,0,0,0
2024-03-12 03:30:00,0,0,0,0
2024-03-12 03:40:00,0,0,0,0
2024-03-12 03:50:00,0,0,0,0
2024-03-12 04:00:00,0,0,0,0
2024-03-12 04:10:00,0,0,0,0
2024-03-12 04:20:00,0,0,0,0
2024-03-12 04:30:00,0,0,0,0
2024-03-12 04:40:00,0,0,0,0
2024-03-12 04:50:00,0,0,0,0
2024-03-12 05:00:00,0,0,0,0
2024-03-12 05:10:00,0,0,0,0
2024-03-12 05:20:00,0,0,0,0
2024-03-12 05:30:00,0,0,0,0
2024-03-12 05:40:00,0,0,0,0
2024-03-12 05:50:00,0,0,0,0
2024-03-12 06:00:00,0,0,0,0
2024-03-12 06:10:00,0,0,0,0
2024-03-12 06:20:00,0,0,0,0
2024-03-12 06:30:00,0,0,0,0
2024-03-12 06:40:00,0,0,0,0
2024-03-12 06:50:00,0,0,0,0
2024-03-12 07:00:00,0,0,0,0
2024-03-12 07:10:00,0,0,0,0
2024-03-12 07:20:00,0,0,0,0
2024-03-12 07:30:00,0,0,0,0
2024-03-12 07:40:00,0,0,0,0
2024-03-12 07:50:00,0,0,0,0
2024-03-12 08:00:00,0,0,0,0
2024-03-12 08:10:00,0,0,0,0
2024-03-12 08:20:00,0,0,0,0
2024-03-12 08:30:00,0,0,0,0
2024-03-12 08:40:00,0,0,0,0
2024-03-12 08:50:00,0,0,0,0
2024-03-12 09:00:00,0,0,0,0
2024-03-12 09:10:00,0,0,0,0
2024-03-12 09:20:00,0,0,0,0
2024-03-12 09:30:00,0,0,0,0
2024-03-12 09:40:00,0,0,0,0
2024-03-12 09:50:00,0,0,0,0
2024-03-12 10:00:00,0,0,0,0
2024-03-12 10:10:00,0,0,0,0
2024-03-12 10:20:00,0,0,0,0
2024-03-12 10:30:00,0,0,0,0
2024-03-12 10:40:00,0,0,0,0
2024-03-12 10:50:00,0,0,0,0
2024-03-12 11:00:00,0,0,0,0
2024-03-12 11:10:00,0,0,0,0
2024-03-12 11:20:00,0,0,0,0
2024-03-12 11:30:00,0,0,0,0
2024-03-12 11:40:00,0,0,0,0
2024-03-12 11:50:00,0,0,0,0
2024-03-12 12:00:00,0,0,0,0
2024-03-12 12:10:00,0,0,0,0
2024-03-12 12:20:00,0,0,0,0
2024-03-12 12:30:00,0,0,0,0
2024-03-12 12:40:00,0,0,0,0
2024-03-12 12:50:00,0,0,0,0
2024-03-12 13:00:00,0,0,0,0
2024-03-12 13:10:00,0,0,0,0
2024-03-12 13:20:00,0,0,0,0
2024-03-12 13:30:00,0,0,0,0
2024-03-12 13:40:00,0,0,0,0
2024-03-12 13:50:00,0,0,0,0
2024-03-12 14:00:00,0,0,0,0
2024-03-12 14:10:00,0,0,0,0
2024-03-12 14:20:00,0,0,0,0
2024-03-12 14:30:00,0,0,0,0
2024-03-12 14:40:00,0,0,0,0
2024-03-12 14:50:00,0,0,0,0
2024-03-12 15:00:00,0,0,0,0
2024-03-12 15:10:00,0,0,0,0
2024-03-12 15:20:00,0,0,0,0
2024-03-12 15:30:00,0,0,0,0
2024-03-12 15:40:00,0,0,0,0
2024-03-12 15:50:00,0,0,0,0
2024-03-12 16:00:00,0,0,0,0
2024-03-12 16:10:00,0,0,0,0
2024-03-12 16:20:00,0,0,0,0
2024-03-12 16:30:00,0,0,0,0
2024-03-12 16:40:00,0,0,0,0
2024-03-12 16:50:00,0,0,0,0
2024-03-12 17:00:00,0,0,0,0
2024-03-12 17:10:00,0,0,0,0
2024-03-12 17:20:00,0,0,0,0
2024-03-12 17:30:00,0,0,0,0
2024-03-12 17:40:00,0,0,0,0
2024-03-12 17:50:00,0,0,0,0
2024-03-12 18:00:00,0,0,0,0
2024-03-12 18:10:00,0,0,0,0
2024-03-12 18:20:00,0,0,0,0
2024-03-12 18:30:00,0,0,0,0
2024-03-12 18:40:00,0,0,0,0
2024-03-12 18:50:00,0,0,0,0
2024-03-12 19:00:00,0,0,0,0
2024-03-12 19:10:00,0,0,0,0
2024-03-12 19:20:00,0,0,0,0
2024-03-12 19:30:00,0,0,0,0
2024-03-12 19:40:00,0,0,0,0
2024-03-12 19:50:00,0,0,0,0
2024-03-12 20:00:00,0,0,0,0
2024-03-12 20:10:00,0,0,0,0
2024-03-12 20:20:00,0,0,0,0
2024-03-12 20:30:00,0,0,0,0
2024-03-12 20:40:00,0,0,0,0
2024-03-12 20:50:00,0,0,0,0
2024-03-12 21:00:00,0,0,0,0
2024-03-12 21:10:00,0,0,0,0
2024-03-12 21:20:00,0,0,0,0
2024-03-12 21:30:00,0,0,0,0
2024-03-12 21:40:00,0,0,0,0
2024-03-12 21:50:00,0,0,0,0
2024-03-12 22:00:00,0,0,0,0
2024-03-12 22:10:00,0,0,0,0
2024-03-12 22:20:00,0,0,0,0
2024-03-12 22:30:00,0,0,0,0
2024-03-12 22:40:00,0,0,0,0
2024-03-12 22:50:00,0,0,0,0
2024-03-12 23:00:00,0,0,0,0
2024-03-12 23:10:00,0,0,0,0
2024-03-12 23:20:00,0,0,0,0
2024-03-12 23:30:00,0,0,0,0
2024-03-12 23:40:00,0,0,0,0
2024-03-12 23:50:00,0,0,0,0
2024-03-13 00:00:00,0,0,0,0
2024-03-13 00:10:00,0,0,0,0
2024-03-13 00:20:00,0,0,0,0
2024-03-13 00:30:00,0,0,0,0
2024-03-13 00:40:00,0,0,0,0
2024-03-13 00:50:00,0,0,0,0
2024-03-13 01:00:00,0,0,0,0
2024-03-13 01:10:00,0,0,0,0
2024-03-13 01:20:00,0,0,0,0
2024-03-13 01:30:00,0,0,0,0
2024-03-13 01:40:00,0,0,0,0
2024-03-13 01:50:00,0,0,0,0
2024-03-13 02:00:00,0,0,0,0
2024-03-13 02:10:00,0,0,0,0
2024-03-13 02:20:00,0,0,0,0
2024-03-13 02:30:00,0,0,0,0
2024-03-13 02:40:00,0,0,0,0
2024-03-13 02:50:00,0,0,0,0
2024-03-13 03:00:00,0,0,0,0
2024-03-13 03:10:00,0,0,0,0
2024-03-13 03:20:00,0,0,0,0
2024-03-13 03:30:00,0,0,0,0
2024-03-13 03:40:00,0,0,0,0
2024-03-13 03:50:00,0,0,0,0
2024-03-13 04:00:00,0,0,0,0
2024-03-13 04:10:00,0,0,0,0
2024-03-13 04:20:00,0,0,0,0
2024-03-13 04:30:00,0,0,0,0
2024-03-13 04:40:00,0,0,0,0
2024-03-13 04:50:00,0,0,0,0
2024-03-13 05:00:00,0,0,0,0
2024-03-13 05:10:00,0,0,0,0
2024-03-13 05:20:00,0,0,0,0
2024-03-13 05:30:00,0,0,0,0
2024-03-13 05:40:00,0,0,0,0
2024-03-13 05:50:00,0,0,0,0
2024-03-13 06:00:00,0,0,0,0
2024-03-13 06:10:00,0,0,0,0
2024-03-13 06:20:00,0,0,0,0
2024-03-13 06:30:00,0,0,0,0
2024-03-13 06:40:00,0,0,0,0
2024-03-13 06:50:00,0,0,0,0
2024-03-13 07:00:00,0,0,0,0
2024-03-13 07:10:00,0,0,0,0
2024-03-13 07:20:00,0,0,0,0
2024-03-13 07:30:00,0,0,0,0
2024-03-13 07:40:00,0,0,0,0
2024-03-13 07:50:00,0,0,0,0
2024-03-13 08:00:00,0,0,0,0
2024-03-13 08:10:00,0,0,0,0
2024-03-13 08:20:00,0,0,0,0
2024-03-13 08:30:00,0,0,0,0
2024-03-13 08:40:00,0,0,0,0
2024-03-13 08:50:00,0,0,0,0
2024-03-13 09:00:00,0,0,0,0
2024-03-13 09:10:00,0,0,0,0
2024-03-13 09:20:00,0,0,0,0
2024-03-13 09:30:00,0,0,0,0
2024-03-13 09:40:00,0,0,0,0
2024-03-13 09:50:00,0,0,0,0
2024-03-13 10:00:00,0,0,0,0
2024-03-13 10:10:00,0,0,0,0
2024-03-13 10:20:00,0,0,0,0
2024-03-13 10:30:00,0,0,0,0
2024-03-13 10:40:00,0,0,0,0
2024-03-13 10:50:00,0,0,0,0
2024-03-13 11:00:00,0,0,0,0
2024-03-13 11:10:00,0,0,0,0
2024-03-13 11:20:00,0,0,0,0
2024-03-13 11:30:00,0,0,0,0
2024-03-13 11:40:00,0,0,0,0
2024-03-13 11:50:00,0,0,0,0
2024-03-13 12:00:00,0,0,0,0
2024-03-13 12:10:00,0,0,0,0
2024-03-13 12:20:00,0,0,0,0
2024-03-13 12:30:00,0,0,0,0
2024-03-13 12:40:00,0,0,0,0
2024-03-13 12:50:00,0,0,0,0
2024-03-13 13:00:00,0,0,0,0
2024-03-13 13:10:00,0,0,0,0
2024-03-13 13:20:00,0,0,0,0
2024-03-13 13:30:00,0,0,0,0
2024-03-13 13:40:00,0,0,0,0
2024-03-13 13:50:00,0,0,0,0
2024-03-13 14:00:00,0,0,0,0
2024-03-13 14:10:00,0,0,0,0
2024-03-13 14:20:00,0,0,0,0
2024-03-13 14:30:00,0,0,0,0
2024-03-13 14:40:00,0,0,0,0
2024-03-13 14:50:00,0,0,0,0
2024-03-13 15:00:00,0,0,0,0
2024-03-13 15:10:00,0,0,0,0
2024-03-13 15:20:00,0,0,0,0
2024-03-13 15:30:00,0,0,0,0
2024-03-13 15:40:00,0,0,0,0
2024-03-13 15:50:00,0,0,0,0
2024-03-13 16:00:00,0,0,0,0
2024-03-13 16:10:00,0,0,0,0
2024-03-13 16:20:00,0,0,0,0
2024-03-13 16:30:00,0,0,0,0
2024-03-13 16:40:00,0,0,0,0
2024-03-13 16:50:00,0,0,0,0
2024-03-13 17:00:00,0,0,0,0
2024-03-13 17:10:00,0,0,0,0
2024-03-13 17:20:00,0,0,0,0
2024-03-13 17:30:00,0,0,0,0
2024-03-13 17:40:00,0,0,0,0
2024-03-13 17:50:00,0,0,0,0
2024-03-13 18:00:00,0,0,0,0
2024-03-13 18:10:00,0,0,0,0
2024-03-13 18:20:00,0,0,0,0
2024-03-13 18:30:00,0,0,0,0
2024-03-13 18:40:00,0,0,0,0
2024-03-13 18:50:00,0,0,0,0
2024-03-13 19:00:00,0,0,0,0
2024-03-13 19:10:00,0,0,0,0
2024-03-13 19:20:00,0,0,0,0
2024-03-13 19:30:00,0,0,0,0
2024-03-13 19:40:00,0,0,0,0
2024-03-13 19:50:00,0,0,0,0
2024-03-13 20:00:00,0,0,0,0
2024-03-13 20:10:00,0,0,0,0
2024-03-13 20:20:00,0,0,0,0
2024-03-13 20:30:00,0,0,0,0
2024-03-13 20:40:00,0,0,0,0
2024-03-13 20:50:00,0,0,0,0
2024-03-13 21:00:00,0,0,0,0
2024-03-13 21:10:00,0,0,0,0
2024-03-13 21:20:00,0,0,0,0
2024-03-13 21:30:00,0,0,0,0
2024-03-13 21:40:00,0,0,0,0
2024-03-13 21:50:00,0,0,0,0
2024-03-13 22:00:00,0,0,0,0
2024-03-13 22:10:00,0,0,0,0
2024-03-13 22:20:00,0,0,0,0
2024-03-13 22:30:00,0,0,0,0
2024-03-13 22:40:00,0,0,0,0
2024-03-13 22:50:00,0,0,0,0
2024-03-13 23:00:00,0,0,0,0
2024-03-13 23:10:00,0,0,0,0
2024-03-13 23:20:00,0,0,0,0
2024-03-13 23:30:00,0,0,0,0
2024-03-13 23:40:00,0,0,0,0
2024-03-13 23:50:00,0,0,0,0
2024-03-14 00:00:00,0,0,0,0
2024-03-14 00:10:00,0,0,0,0
2024-03-14 00:20:00,0,0,0,0
2024-03-14 00:30:00,0,0,0,0
2024-03-14 00:40:00,0,0,0,0
2024-03-14 00:50:00,0,0,0,0
2024-03-14 01:00:00,0,0,0,0
2024-03-14 01:10:00,0,0,0,0
2024-03-14 01:20:00,0,0,0,0
2024-03-14 01:30:00,0,0,0,0
2024-03-14 01:40:00,0,0,0,0
2024-03-14 01:50:00,0,0,0,0
2024-03-14 02:00:00,0,0,0,0
2024-03-14 02:10:00,0,0,0,0
2024-03-14 02:20:00,0,0,0,0
2024-03-14 02:30:00,0,0,0,0
2024-03-14 02:40:00,0,0,0,0
2024-03-14 02:50:00,0,0,0,0
2024-03-14 03:00:00,0,0,0,0
2024-03-14 03:10:00,0,0,0,0
2024-03-14 03:20:00,0,0,0,0
2024-03-14 03:30:00,0,0,0,0
2024-03-14 03:40:00,0,0,0,0
2024-03-14 03:50:00,0,0,0,0
2024-03-14 04:00:00,0,0,0,0
2024-03-14 04:10:00,0,0,0,0
2024-03-14 04:20:00,0,0,0,0
2024-03-14 04:30:00,0,0,0,0
2024-03-14 04:40:00,0,0,0,0
2024-03-14 04:50:00,0,0,0,0
2024-03-14 05:00:00,0,0,0,0
2024-03-14 05:10:00,0,0,0,0
2024-03-14 05:20:00,0,0,0,0
2024-03-14 05:30:00,0,0,0,0
2024-03-14 05:40:00,0,0,0,0
2024-03-14 05:50:00,0,0,0,0
2024-03-14 06:00:00,0,0,0,0
2024-03-14 06:10:00,0,0,0,0
2024-03-14 06:20:00,0,0,0,0
2024-03-14 06:30:00,0,0,0,0
2024-03-14 06:40:00,0,0,0,0
2024-03-14 06:50:00,0,0,0,0
2024-03-14 07:00:00,0,0,0,0
2024-03-14 07:10:00,0,0,0,0
2024-03-14 07:20:00,0,0,0,0
2024-03-14 07:30:00,0,0,0,0
2024-03-14 07:40:00,0,0,0,0
2024-03-14 07:50:00,0,0,0,0
2024-03-14 08:00:00,0,0,0,0
2024-03-14 08:10:00,0,0,0,0
2024-03-14 08:20:00,0,0,0,0
2024-03-14 08:30:00,0,0,0,0
2024-03-14 08:40:00,0,0,0,0
2024-03-14 08:50:00,0,0,0,0
2024-03-14 09:00:00,0,0,0,0
2024-03-14 09:10:00,0,0,0,0
2024-03-14 09:20:00,0,0,0,0
2024-03-14 09:30:00,0,0,0,0
2024-03-14 09:40:00,0,0,0,0
2024-03-14 09:50:00,0,0,0,0
2024-03-14 10:00:00,0,0,0,0
2024-03-14 10:10:00,0,0,0,0
2024-03-14 10:20:00,0,0,0,0
2024-03-14 10:30:00,0,0,0,0
2024-03-14 10:40:00,0,0,0,0
2024-03-14 10:50:00,0,0,0,0
2024-03-14 11:00:00,0,0,0,0
2024-03-14 11:10:00,0,0,0,0
2024-03-14 11:20:00,0,0,0,0
2024-03-14 11:30:00,0,0,0,0
2024-03-14 11:40:00,0,0,0,0
2024-03-14 11:50:00,0,0,0,0
2024-03-14 12:00:00,0,0,0,0
2024-03-14 12:10:00,0,0,0,0
2024-03-14 12:20:00,0,0,0,0
2024-03-14 12:30:00,0,0,0,0
2024-03-14 12:40:00,0,0,0,0
2024-03-14 12:50:00,0,0,0,0
2024-03-14 13:00:00,0,0,0,0
2024-03-14 13:10:00,0,0,0,0
2024-03-14 13:20:00,0,0,0,0
2024-03-14 13:30:00,0,0,0,0
2024-03-14 13:40:00,0,0,0,0
2024-03-14 13:50:00,0,0,0,0
2024-03-14 14:00:00,0,0,0,0
2024-03-14 14:10:00,0,0,0,0
2024-03-14 14:20:00,0,0,0,0
2024-03-14 14:30:00,0,0,0,0
2024-03-14 14:40:00,0,0,0,0
2024-03-14 14:50:00,0,0,0,0
2024-03-14 15:00:00,0,0,0,0
2024-03-14 15:10:00,0,0,0,0
2024-03-14 15:20:00,0,0,0,0
2024-03-14 15:30:00,0,0,0,0
2024-03-14 15:40:00,0,0,0,0
2024-03-14 15:50:00,0,0,0,0
2024-03-14 16:00:00,0,0,0,0
2024-03-14 16:10:00,0,0,0,0
2024-03-14 16:20:00,0,0,0,0
2024-03-14 16:30:00,0,0,0,0
2024-03-14 16:40:00,0,0,0,0
2024-03-14 16:50:00,0,0,0,0
2024-03-14 17:00:00,0,0,0,0
2024-03-14 17:10:00,0,0,0,0
2024-03-14 17:20:00,0,0,0,0
2024-03-14 17:30:00,0,0,0,0
2024-03-14 17:40:00,0,0,0,0
2024-03-14 17:50:00,0,0,0,0
2024-03-14 18:00:00,0,0,0,0
2024-03-14 18:10:00,0,0,0,0
2024-03-14 18:20:00,0,0,0,0
2024-03-14 18:30:00,0,0,0,0
2024-03-14 18:40:00,0,0,0,0
2024-03-14 18:50:00,0,0,0,0
2024-03-14 19:00:00,0,0,0,0
2024-03-14 19:10:00,0,0,0,0
2024-03-14 19:20:00,0,0,0,0
2024-03-14 19:30:00,0,0,0,0
2024-03-14 19:40:00,0,0,0,0
2024-03-14 19:50:00,0,0,0,0
2024-03-14 20:00:00,0,0,0,0
2024-03-14 20:10:00,0,0,0,0
2024-03-14 20:20:00,0,0,0,0
2024-03-14 20:30:00,0,0,0,0
2024-03-14 20:40:00,0,0,0,0
2024-03-14 20:50:00,0,0,0,0
2024-03-14 21:00:00,0,0,0,0
2024-03-14 21:10:00,0,0,0,0
2024-03-14 21:20:00,0,0,0,0
2024-03-14 21:30:00,0,0,0,0
2024-03-14 21:40:00,0,0,0,0
2024-03-14 21:50:00,0,0,0,0
2024-03-14 22:00:00,0,0,0,0
2024-03-14 22:10:00,0,0,0,0
2024-03-14 22:20:00,0,0,0,0
2024-03-14 22:30:00,0,0,0,0
2024-03-14 22:40:00,0,0,0,0
2024-03-14 22:50:00,0,0,0,0
2024-03-14 23:00:00,0,0,0,0
2024-03-14 23:10:00,0,0,0,0
2024-03-14 23:20:00,0,0,0,0
2024-03-14 23:30:00,0,0,0,0
2024-03-14 23:40:00,0,0,0,0
2024-03-14 23:50:00,0,0,0,0
2024-03-15 00:00:00,0,0,0,0
2024-03-15 00:10:00,0,0,0,0
2024-03-15 00:20:00,0,0,0,0
2024-03-15 00:30:00,0,0,0,0
2024-03-15 00:40:00,0,0,0,0
2024-03-15 00:50:00,0,0,0,0
2024-03-15 01:00:00,0,0,0,0
2024-03-15 01:10:00,0,0,0,0
2024-03-15 01:20:00,0,0,0,0
2024-03-15 01:30:00,0,0,0,0
2024-03-15 01:40:00,0,0,0,0
2024-03-15 01:50:00,0,0,0,0
2024-03-15 02:00:00,0,0,0,0
2024-03-15 02:10:00,0,0,0,0
2024-03-15 02:20:00,0,0,0,0
2024-03-15 02:30:00,0,0,0,0
2024-03-15 02:40:00,0,0,0,0
2024-03-15 02:50:00,0,0,0,0
2024-03-15 03:00:00,0,0,0,0
2024-03-15 03:10:00,0,0,0,0
2024-03-15 03:20:00,0,0,0,0
2024-03-15 03:30:00,0,0,0,0
2024-03-15 03:40:00,0,0,0,0
2024-03-15 03:50:00,0,0,0,0
2024-03-15 04:00:00,0,0,0,0
2024-03-15 04:10:00,0,0,0,0
2024-03-15 04:20:00,0,0,0,0
2024-03-15 04:30:00,0,0,0,0
2024-03-15 04:40:00,0,0,0,0
2024-03-15 04:50:00,0,0,0,0
2024-03-15 05:00:00,0,0,0,0
2024-03-15 05:10:00,0,0,0,0
2024-03-15 05:20:00,0,0,0,0
2024-03-15 05:30:00,0,0,0,0
2024-03-15 05:40:00,0,0,0,0
2024-03-15 05:50:00,0,0,0,0
2024-03-15 06:00:00,0,0,0,0
2024-03-15 06:10:00,0,0,0,0
2024-03-15 06:20:00,0,0,0,0
2024-03-15 06:30:00,0,0,0,0
2024-03-15 06:40:00,0,0,0,0
2024-03-15 06:50:00,0,0,0,0
2024-03-15 07:00:00,0,0,0,0
2024-03-15 07:10:00,0,0,0,0
2024-03-15 07:20:00,0,0,0,0
2024-03-15 07:30:00,0,0,0,0
2024-03-15 07:40:00,0,0,0,0
2024-03-15 07:50:00,0,0,0,0
2024-03-15 08:00:00,0,0,0,0
2024-03-15 08:10:00,0,0,0,0
2024-03-15 08:20:00,0,0,0,0
2024-03-15 08:30:00,0,0,0,0
2024-03-15 08:40:00,0,0,0,0
2024-03-15 08:50:00,0,0,0,0
2024-03-15 09:00:00,0,0,0,0
2024-03-15 09:10:00,0,0,0,0
2024-03-15 09:20:00,0,0,0,0
2024-03-15 09:30:00,0,0,0,0
2024-03-15 09:40:00,0,0,0,0
2024-03-15 09:50:00,0,0,0,0
2024-03-15 10:00:00,0,0,0,0
2024-03-15 10:10:00,0,0,0,0
2024-03-15 10:20:00,0,0,0,0
2024-03-15 10:30:00,0,0,0,0
2024-03-15 10:40:00,0,0,0,0
2024-03-15 10:50:00,0,0,0,0
2024-03-15 11:00:00,0,0,0,0
2024-03-15 11:10:00,0,0,0,0
2024-03-15 11:20:00,0,0,0,0
2024-03-15 11:30:00,0,0,0,0
2024-03-15 11:40:00,0,0,0,0
2024-03-15 11:50:00,0,0,0,0
2024-03-15 12:00:00,0,0,0,0
2024-03-15 12:10:00,0,0,0,0
2024-03-15 12:20:00,0,0,0,0
2024-03-15 12:30:00,0,0,0,0
2024-03-15 12:40:00,0,0,0,0
2024-03-15 12:50:00,0,0,0,0
2024-03-15 13:00:00,0,0,0,0
2024-03-15 13:10:00,0,0,0,0
2024-03-15 13:20:00,0,0,0,0
2024-03-15 13:30:00,0,0,0,0
2024-03-15 13:40:00,0,0,0,0
2024-03-15 13:50:00,0,0,0,0
2024-03-15 14:00:00,0,0,0,0
2024-03-15 14:10:00,0,0,0,0
2024-03-15 14:20:00,0,0,0,0
2024-03-15 14:30:00,0,0,0,0
2024-03-15 14:40:00,0,0,0,0
2024-03-15 14:50:00,0,0,0,0
2024-03-15 15:00:00,0,0,0,0
2024-03-15 15:10:00,0,0,0,0
2024-03-15 15:20:00,0,0,0,0
2024-03-15 15:30:00,0,0,0,0
2024-03-15 15:40:00,0,0,0,0
2024-03-15 15:50:00,0,0,0,0
2024-03-15 16:00:00,0,0,0,0
2024-03-15 16:10:00,0,0,0,0
2024-03-15 16:20:00,0,0,0,0
2024-03-15 16:30:00,0,0,0,0
2024-03-15 16:40:00,0,0,0,0
2024-03-15 16:50:00,0,0,0,0
2024-03-15 17:00:00,0,0,0,0
2024-03-15 17:10:00,0,0,0,0
2024-03-15 17:20:00,0,0,0,0
2024-03-15 17:30:00,0,0,0,0
2024-03-15 17:40:00,0,0,0,0
2024-03-15 17:50:00,0,0,0,0
2024-03-15 18:00:00,0,0,0,0
2024-03-15 18:10:00,0,0,0,0
2024-03-15 18:20:00,0,0,0,0
2024-03-15 18:30:00,0,0,0,0
2024-03-15 18:40:00,0,0,0,0
2024-03-15 18:50:00,0,0,0,0
2024-03-15 19:00:00,0,0,0,0
2024-03-15 19:10:00,0,0,0,0
2024-03-15 19:20:00,0,0,0,0
2024-03-15 19:30:00,0,0,0,0
2024-03-15 19:40:00,0,0,0,0
2024-03-15 19:50:00,0,0,0,0
2024-03-15 20:00:00,0,0,0,0
2024-03-15 20:10:00,0,0,0,0
2024-03-15 20:20:00,0,0,0,0
2024-03-15 20:30:00,0,0,0,0
2024-03-15 20:40:00,0,0,0,0
2024-03-15 20:50:00,0,0,0,0
2024-03-15 21:00:00,0,0,0,0
2024-03-15 21:10:00,0,0,0,0
2024-03-15 21:20:00,0,0,0,0
2024-03-15 21:30:00,0,0,0,0
2024-03-15 21:40:00,0,0,0,0
2024-03-15 21:50:00,0,0,0,0
2024-03-15 22:00:00,0,0,0,0
2024-03-15 22:10:00,0,0,0,0
2024-03-15 22:20:00,0,0,0,0
2024-03-15 22:30:00,0,0,0,0
2024-03-15 22:40:00,0,0,0,0
2024-03-15 22:50:00,0,0,0,0
2024-03-15 23:00:00,0,0,0,0
2024-03-15 23:10:00,0,0,0,0
2024-03-15 23:20:00,0,0,0,0
2024-03-15 23:30:00,0,0,0,0
2024-03-15 23:40:00,0,0,0,0
2024-03-15 23:50:00,0,0,0,0
2024-03-16 00:00:00,0,0,0,0
2024-03-16 00:10:00,0,0,0,0
2024-03-16 00:20:00,0,0,0,0
2024-03-16 00:30:00,0,0,0,0
2024-03-16 00:40:00,0,0,0,0
2024-03-16 00:50:00,0,0,0,0
2024-03-16 01:00:00,0,0,0,0
2024-03-16 01:10:00,0,0,0,0
2024-03-16 01:20:00,0,0,0,0
2024-03-16 01:30:00,0,0,0,0
2024-03-16 01:40:00,0,0,0,0
2024-03-16 01:50:00,0,0,0,0
2024-03-16 02:00:00,0,0,0,0
2024-03-16 02:10:00,0,0,0,0
2024-03-16 02:20:00,0,0,0,0
2024-03-16 02:30:00,0,0,0,0
2024-03-16 02:40:00,0,0,0,0
2024-03-16 02:50:00,0,0,0,0
2024-03-16 03:00:00,0,0,0,0
2024-03-16 03:10:00,0,0,0,0
2024-03-16 03:20:00,0,0,0,0
2024-03-16 03:30:00,0,0,0,0
2024-03-16 03:40:00,0,0,0,0
2024-03-16 03:50:00,0,0,0,0
2024-03-16 04:00:00,0,0,0,0
2024-03-16 04:10:00,0,0,0,0
2024-03-16 04:20:00,0,0,0,0
2024-03-16 04:30:00,0,0,0,0
2024-03-16 04:40:00,0,0,0,0
2024-03-16 04:50:00,0,0,0,0
2024-03-16 05:00:00,0,0,0,0
2024-03-16 05:10:00,0,0,0,0
2024-03-16 05:20:00,0,0,0,0
2024-03-16 05:30:00,0,0,0,0
2024-03-16 05:40:00,0,0,0,0
2024-03-16 05:50:00,0,0,0,0
2024-03-16 06:00:00,0,0,0,0
2024-03-16 06:10:00,0,0,0,0
2024-03-16 06:20:00,0,0,0,0
2024-03-16 06:30:00,0,0,0,0
2024-03-16 06:40:00,0,0,0,0
2024-03-16 06:50:00,0,0,0,0
2024-03-16 07:00:00,0,0,0,0
2024-03-16 07:10:00,0,0,0,0
2024-03-16 07:20:00,0,0,0,0
2024-03-16 07:30:00,0,0,0,0
2024-03-16 07:40:00,0,0,0,0
2024-03-16 07:50:00,0,0,0,0
2024-03-16 08:00:00,0,0,0,0
2024-03-16 08:10:00,0,0,0,0
2024-03-16 08:20:00,0,0,0,0
2024-03-16 08:30:00,0,0,0,0
2024-03-16 08:40:00,0,0,0,0
2024-03-16 08:50:00,0,0,0,0
2024-03-16 09:00:00,0,0,0,0
2024-03-16 09:10:00,0,0,0,0
2024-03-16 09:20:00,0,0,0,0
2024-03-16 09:30:00,0,0,0,0
2024-03-16 09:40:00,0,0,0,0
2024-03-16 09:50:00,0,0,0,0
2024-03-16 10:00:00,0,0,0,0
2024-03-16 10:10:00,0,0,0,0
2024-03-16 10:20:00,0,0,0,0
2024-03-16 10:30:00,0,0,0,0
2024-03-16 10:40:00,0,0,0,0
2024-03-16 10:50:00,0,0,0,0
2024-03-16 11:00:00,0,0,0,0
2024-03-16 11:10:00,0,0,0,0
2024-03-16 11:20:00,0,0,0,0
2024-03-16 11:30:00,0,0,0,0
2024-03-16 11:40:00,0,0,0,0
2024-03-16 11:50:00,0,0,0,0
2024-03-16 12:00:00,0,0,0,0
2024-03-16 12:10:00,0,0,0,0
2024-03-16 12:20:00,0,0,0,0
2024-03-16 12:30:00,0,0,0,0
2024-03-16 12:40:00,0,0,0,0
2024-03-16 12:50:00,0,0,0,0
2024-03-16 13:00:00,0,0,0,0
2024-03-16 13:10:00,0,0,0,0
2024-03-16 13:20:00,0,0,0,0
2024-03-16 13:30:00,0,0,0,0
2024-03-16 13:40:00,0,0,0,0
2024-03-16 13:50:00,0,0,0,0
2024-03-16 14:00:00,0,0,0,0
2024-03-16 14:10:00,0,0,0,0
2024-03-16 14:20:00,0,0,0,0
2024-03-16 14:30:00,0,0,0,0
2024-03-16 14:40:00,0,0,0,0
2024-03-16 14:50:00,0,0,0,0
2024-03-16 15:00:00,0,0,0,0
2024-03-16 15:10:00,0,0,0,0
2024-03-16 15:20:00,0,0,0,0
2024-03-16 15:30:00,0,0,0,0
2024-03-16 15:40:00,0,0,0,0
2024-03-16 15:50:00,0,0,0,0
2024-03-16 16:00:00,0,0,0,0
2024-03-16 16:10:00,0,0,0,0
2024-03-16 16:20:00,0,0,0,0
2024-03-16 16:30:00,0,0,0,0
2024-03-16 16:40:00,0,0,0,0
2024-03-16 16:50:00,0,0,0,0
2024-03-16 17:00:00,0,0,0,0
2024-03-16 17:10:00,0,0,0,0
2024-03-16 17:20:00,0,0,0,0
2024-03-16 17:30:00,0,0,0,0
2024-03-16 17:40:00,0,0,0,0
2024-03-16 17:50:00,0,0,0,0
2024-03-16 18:00:00,0,0,0,0
2024-03-16 18:10:00,0,0,0,0
2024-03-16 18:20:00,0,0,0,0
2024-03-16 18:30:00,0,0,0,0
2024-03-16 18:40:00,0,0,0,0
2024-03-16 18:50:00,0,0,0,0
2024-03-16 19:00:00,0,0,0,0
2024-03-16 19:10:00,0,0,0,0
2024-03-16 19:20:00,0,0,0,0
2024-03-16 19:30:00,0,0,0,0
2024-03-16 19:40:00,0,0,0,0
2024-03-16 19:50:00,0,0,0,0
2024-03-16 20:00:00,0,0,0,0
2024-03-16 20:10:00,0,0,0,0
2024-03-16 20:20:00,0,0,0,0
2024-03-16 20:30:00,0,0,0,0
2024-03-16 20:40:00,0,0,0,0
2024-03-16 20:50:00,0,0,0,0
2024-03-16 21:00:00,0,0,0,0
2024-03-16 21:10:00,0,0,0,0
2024-03-16 21:20:00,0,0,0,0
2024-03-16 21:30:00,0,0,0,0
2024-03-16 21:40:00,0,0,0,0
2024-03-16 21:50:00,0,0,0,0
2024-03-16 22:00:00,0,0,0,0
2024-03-16 22:10:00,0,0,0,0
2024-03-16 22:20:00,0,0,0,0
2024-03-16 22:30:00,0,0,0,0
2024-03-16 22:40:00,0,0,0,0
2024-03-16 22:50:00,0,0,0,0
2024-03-16 23:00:00,0,0,0,0
2024-03-16 23:10:00,0,0,0,0
2024-03-16 23:20:00,0,0,0,0
2024-03-16 23:30:00,0,0,0,0
2024-03-16 23:40:00,0,0,0,0
2024-03-16 23:50:00,0,0,0,0
2024-03-17 00:00:00,0,0,0,0
2024-03-17 00:10:00,0,0,0,0
2024-03-17 00:20:00,0,0,0,0
2024-03-17 00:30:00,0,0,0,0
2024-03-17 00:40:00,0,0,0,0
2024-03-17 00:50:00,0,0,0,0
2024-03-17 01:00:00,0,0,0,0
2024-03-17 01:10:00,0,0,0,0
2024-03-17 01:20:00,0,0,0,0
2024-03-17 01:30:00,0,0,0,0
2024-03-17 01:40:00,0,0,0,0
2024-03-17 01:50:00,0,0,0,0
2024-03-17 02:00:00,0,0,0,0
2024-03-17 02:10:00,0,0,0,0
2024-03-17 02:20:00,0,0,0,0
2024-03-17 02:30:00,0,0,0,0
2024-03-17 02:40:00,0,0,0,0
2024-03-17 02:50:00,0,0,0,0
2024-03-17 03:00:00,0,0,0,0
2024-03-17 03:10:00,0,0,0,0
2024-03-17 03:20:00,0,0,0,0
2024-03-17 03:30:00,0,0,0,0
2024-03-17 03:40:00,0,0,0,0
2024-03-17 03:50:00,0,0,0,0
2024-03-17 04:00:00,0,0,0,0
2024-03-17 04:10:00,0,0,0,0
2024-03-17 04:20:00,0,0,0,0
2024-03-17 04:30:00,0,0,0,0
2024-03-17 04:40:00,0,0,0,0
2024-03-17 04:50:00,0,0,0,0
2024-03-17 05:00:00,0,0,0,0
2024-03-17 05:10:00,0,0,0,0
2024-03-17 05:20:00,0,0,0,0
2024-03-17 05:30:00,0,0,0,0
2024-03-17 05:40:00,0,0,0,0
2024-03-17 05:50:00,0,0,0,0
2024-03-17 06:00:00,0,0,0,0
2024-03-17 06:10:00,0,0,0,0
2024-03-17 06:20:00,0,0,0,0
2024-03-17 06:30:00,0,0,0,0
2024-03-17 06:40:00,0,0,0,0
2024-03-17 06:50:00,0,0,0,0
2024-03-17 07:00:00,0,0,0,0
2024-03-17 07:10:00,0,0,0,0
2024-03-17 07:20:00,0,0,0,0
2024-03-17 07:30:00,0,0,0,0
2024-03-17 07:40:00,0,0,0,0
2024-03-17 07:50:00,0,0,0,0
2024-03-17 08:00:00,0,0,0,0
2024-03-17 08:10:00,0,0,0,0
2024-03-17 08:20:00,0,0,0,0
2024-03-17 08:30:00,0,0,0,0
2024-03-17 08:40:00,0,0,0,0
2024-03-17 08:50:00,0,0,0,0
2024-03-17 09:00:00,0,0,0,0
2024-03-17 09:10:00,0,0,0,0
2024-03-17 09:20:00,0,0,0,0
2024-03-17 09:30:00,0,0,0,0
2024-03-17 09:40:00,0,0,0,0
2024-03-17 09:50:00,0,0,0,0
2024-03-17 10:00:00,0,0,0,0
2024-03-17 10:10:00,0,0,0,0
2024-03-17 10:20:00,0,0,0,0
2024-03-17 10:30:00,0,0,0,0
2024-03-17 10:40:00,0,0,0,0
2024-03-17 10:50:00,0,0,0,0
2024-03-17 11:00:00,0,0,0,0
2024-03-17 11:10:00,0,0,0,0
2024-03-17 11:20:00,0,0,0,0
2024-03-17 11:30:00,0,0,0,0
2024-03-17 11:40:00,0,0,0,0
2024-03-17 11:50:00,0,0,0,0
2024-03-17 12:00:00,0,0,0,0
2024-03-17 12:10:00,0,0,0,0
2024-03-17 12:20:00,0,0,0,0
2024-03-17 12:30:00,0,0,0,0
2024-03-17 12:40:00,0,0,0,0
2024-03-17 12:50:00,0,0,0,0
2024-03-17 13:00:00,0,0,0,0
2024-03-17 13:10:00,0,0,0,0
2024-03-17 13:20:00,0,0,0,0
2024-03-17 13:30:00,0,0,0,0
2024-03-17 13:40:00,0,0,0,0
2024-03-17 13:50:00,0,0,0,0
2024-03-17 14:00:00,0,0,0,0
2024-03-17 14:10:00,0,0,0,0
2024-03-17 14:20:00,0,0,0,0
2024-03-17 14:30:00,0,0,0,0
2024-03-17 14:40:00,0,0,0,0
2024-03-17 14:50:00,0,0,0,0
2024-03-17 15:00:00,0,0,0,0
2024-03-17 15:10:00,0,0,0,0
2024-03-17 15:20:00,0,0,0,0
2024-03-17 15:30:00,0,0,0,0
2024-03-17 15:40:00,0,0,0,0
2024-03-17 15:50:00,0,0,0,0
2024-03-17 16:00:00,0,0,0,0
2024-03-17 16:10:00,0,0,0,0
2024-03-17 16:20:00,0,0,0,0
2024-03-17 16:30:00,0,0,0,0
2024-03-17 16:40:00,0,0,0,0
2024-03-17 16:50:00,0,0,0,0
2024-03-17 17:00:00,0,0,0,0
2024-03-17 17:10:00,0,0,0,0
2024-03-17 17:20:00,0,0,0,0
2024-03-17 17:30:00,0,0,0,0
2024-03-17 17:40:00,0,0,0,0
2024-03-17 17:50:00,0,0,0,0
2024-03-17 18:00:00,0,0,0,0
2024-03-17 18:10:00,0,0,0,0
2024-03-17 18:20:00,0,0,0,0
2024-03-17 18:30:00,0,0,0,0
2024-03-17 18:40:00,0,0,0,0
2024-03-17 18:50:00,0,0,0,0
2024-03-17 19:00:00,0,0,0,0
2024-03-17 19:10:00,0,0,0,0
2024-03-17 19:20:00,0,0,0,0
2024-03-17 19:30:00,0,0,0,0
2024-03-17 19:40:00,0,0,0,0
2024-03-17 19:50:00,0,0,0,0
2024-03-17 20:00:00,0,0,0,0
2024-03-17 20:10:00,0,0,0,0
2024-03-17 20:20:00,0,0,0,0
2024-03-17 20:30:00,0,0,0,0
2024-03-17 20:40:00,0,0,0,0
2024-03-17 20:50:00,0,0,0,0
2024-03-17 21:00:00,0,0,0,0
2024-03-17 21:10:00,0,0,0,0
2024-03-17 21:20:00,0,0,0,0
2024-03-17 21:30:00,0,0,0,0
2024-03-17 21:40:00,0,0,0,0
2024-03-17 21:50:00,0,0,0,0
2024-03-17 22:00:00,0,0,0,0
2024-03-17 22:10:00,0,0,0,0
2024-03-17 22:20:00,0,0,0,0
2024-03-17 22:30:00,0,0,0,0
2024-03-17 22:40:00,0,0,0,0
2024-03-17 22:50:00,0,0,0,0
2024-03-17 23:00:00,0,0,0,0
2024-03-17 23:10:00,0,0,0,0
2024-03-17 23:20:00,0,0,0,0
2024-03-17 23:30:00,0,0,0,0
2024-03-17 23:40:00,0,0,0,0
2024-03-17 23:50:00,0,0,0,0
2024-03-18 00:00:00,0,0,0,0
2024-03-18 00:10:00,0,0,0,0
2024-03-18 00:20:00,0,0,0,0
2024-03-18 00:30:00,0,0,0,0
2024-03-18 00:40:00,0,0,0,0
2024-03-18 00:50:00,0,0,0,0
2024-03-18 01:00:00,0,0,0,0
2024-03-18 01:10:00,0,0,0,0
2024-03-18 01:20:00,0,0,0,0
2024-03-18 01:30:00,0,0,0,0
2024-03-18 01:40:00,0,0,0,0
2024-03-18 01:50:00,0,0,0,0
2024-03-18 02:00:00,0,0,0,0
2024-03-18 02:10:00,0,0,0,0
2024-03-18 02:20:00,0,0,0,0
2024-03-18 02:30:00,0,0,0,0
2024-03-18 02:40:00,0,0,0,0
2024-03-18 02:50:00,0,0,0,0
2024-03-18 03:00:00,0,0,0,0
2024-03-18 03:10:00,0,0,0,0
2024-03-18 03:20:00,0,0,0,0
2024-03-18 03:30:00,0,0,0,0
2024-03-18 03:40:00,0,0,0,0
2024-03-18 03:50:00,0,0,0,0
2024-03-18 04:00:00,0,0,0,0
2024-03-18 04:10:00,0,0,0,0
2024-03-18 04:20:00,0,0,0,0
2024-03-18 04:30:00,0,0,0,0
2024-03-18 04:40:00,0,0,0,0
2024-03-18 04:50:00,0,0,0,0
2024-03-18 05:00:00,0,0,0,0
2024-03-18 05:10:00,0,0,0,0
2024-03-18 05:20:00,0,0,0,0
2024-03-18 05:30:00,0,0,0,0
2024-03-18 05:40:00,0,0,0,0
2024-03-18 05:50:00,0,0,0,0
2024-03-18 06:00:00,0,0,0,0
2024-03-18 06:10:00,0,0,0,0
2024-03-18 06:20:00,0,0,0,0
2024-03-18 06:30:00,0,0,0,0
2024-03-18 06:40:00,0,0,0,0
2024-03-18 06:50:00,0,0,0,0
2024-03-18 07:00:00,0,0,0,0
2024-03-18 07:10:00,0,0,0,0
2024-03-18 07:20:00,0,0,0,0
2024-03-18 07:30:00,0,0,0,0
2024-03-18 07:40:00,0,0,0,0
2024-03-18 07:50:00,0,0,0,0
2024-03-18 08:00:00,0,0,0,0
2024-03-18 08:10:00,0,0,0,0
2024-03-18 08:20:00,0,0,0,0
2024-03-18 08:30:00,0,0,0,0
2024-03-18 08:40:00,0,0,0,0
2024-03-18 08:50:00,0,0,0,0
2024-03-18 09:00:00,0,0,0,0
2024-03-18 09:10:00,0,0,0,0
2024-03-18 09:20:00,0,0,0,0
2024-03-18 09:30:00,0,0,0,0
2024-03-18 09:40:00,0,0,0,0
2024-03-18 09:50:00,0,0,0,0
2024-03-18 10:00:00,0,0,0,0
2024-03-18 10:10:00,0,0,0,0
2024-03-18 10:20:00,0,0,0,0
2024-03-18 10:30:00,0,0,0,0
2024-03-18 10:40:00,0,0,0,0
2024-03-18 10:50:00,0,0,0,0
2024-03-18 11:00:00,0,0,0,0
2024-03-18 11:10:00,0,0,0,0
2024-03-18 11:20:00,0,0,0,0
2024-03-18 11:30:00,0,0,0,0
2024-03-18 11:40:00,0,0,0,0
2024-03-18 11:50:00,0,0,0,0
2024-03-18 12:00:00,0,0,0,0
2024-03-18 12:10:00,0,0,0,0
2024-03-18 12:20:00,0,0,0,0
2024-03-18 12:30:00,0,0,0,0
2024-03-18 12:40:00,0,0,0,0
2024-03-18 12:50:00,0,0,0,0
2024-03-18 13:00:00,0,0,0,0
2024-03-18 13:10:00,0,0,0,0
2024-03-18 13:20:00,0,0,0,0
2024-03-18 13:30:00,0,0,0,0
2024-03-18 13:40:00,0,0,0,0
2024-03-18 13:50:00,0,0,0,0
2024-03-18 14:00:00,0,0,0,0
2024-03-18 14:10:00,0,0,0,0
2024-03-18 14:20:00,0,0,0,0
2024-03-18 14:30:00,0,0,0,0
2024-03-18 14:40:00,0,0,0,0
2024-03-18 14:50:00,0,0,0,0
2024-03-18 15:00:00,0,0,0,0
2024-03-18 15:10:00,0,0,0,0
2024-03-18 15:20:00,0,0,0,0
2024-03-18 15:30:00,0,0,0,0
2024-03-18 15:40:00,0,0,0,0
2024-03-18 15:50:00,0,0,0,0
2024-03-18 16:00:00,0,0,0,0
2024-03-18 16:10:00,0,0,0,0
2024-03-18 16:20:00,0,0,0,0
2024-03-18 16:30:00,0,0,0,0
2024-03-18 16:40:00,0,0,0,0
2024-03-18 16:50:00,0,0,0,0
2024-03-18 17:00:00,0,0,0,0
2024-03-18 17:10:00,0,0,0,0
2024-03-18 17:20:00,0,0,0,0
2024-03-18 17:30:00,0,0,0,0
2024-03-18 17:40:00,0,0,0,0
2024-03-18 17:50:00,0,0,0,0
2024-03-18 18:00:00,0,0,0,0
2024-03-18 18:10:00,0,0,0,0
2024-03-18 18:20:00,0,0,0,0
2024-03-18 18:30:00,0,0,0,0
2024-03-18 18:40:00,0,0,0,0
2024-03-18 18:50:00,0,0,0,0
2024-03-18 19:00:00,0,0,0,0
2024-03-18 19:10:00,0,0,0,0
2024-03-18 19:20:00,0,0,0,0
2024-03-18 19:30:00,0,0,0,0
2024-03-18 19:40:00,0,0,0,0
2024-03-18 19:50:00,0,0,0,0
2024-03-18 20:00:00,0,0,0,0
2024-03-18 20:10:00,0,0,0,0
2024-03-18 20:20:00,0,0,0,0
2024-03-18 20:30:00,0,0,0,0
2024-03-18 20:40:00,0,0,0,0
2024-03-18 20:50:00,0,0,0,0
2024-03-18 21:00:00,0,0,0,0
2024-03-18 21:10:00,0,0,0,0
2024-03-18 21:20:00,0,0,0,0
2024-03-18 21:30:00,0,0,0,0
2024-03-18 21:40:00,0,0,0,0
2024-03-18 21:50:00,0,0,0,0
2024-03-18 22:00:00,0,0,0,0
2024-03-18 22:10:00,0,0,0,0
2024-03-18 22:20:00,0,0,0,0
2024-03-18 22:30:00,0,0,0,0
2024-03-18 22:40:00,0,0,0,0
2024-03-18 22:50:00,0,0,0,0
2024-03-18 23:00:00,0,0,0,0
2024-03-18 23:10:00,0,0,0,0
2024-03-18 23:20:00,0,0,0,0
2024-03-18 23:30:00,0,0,0,0
2024-03-18 23:40:00,0,0,0,0
2024-03-18 23:50:00,0,0,0,0
2024-03-19 00:00:00,0,0,0,0
2024-03-19 00:10:00,0,0,0,0
2024-03-19 00:20:00,0,0,0,0
2024-03-19 00:30:00,0,0,0,0
2024-03-19 00:40:00,0,0,0,0
2024-03-19 00:50:00,0,0,0,0
2024-03-19 01:00:00,0,0,0,0
2024-03-19 01:10:00,0,0,0,0
2024-03-19 01:20:00,0,0,0,0
2024-03-19 01:30:00,0,0,0,0
2024-03-19 01:40:00,0,0,0,0
2024-03-19 01:50:00,0,0,0,0
2024-03-19 02:00:00,0,0,0,0
2024-03-19 02:10:00,0,0,0,0
2024-03-19 02:20:00,0,0,0,0
2024-03-19 02:30:00,0,0,0,0
2024-03-19 02:40:00,0,0,0,0
2024-03-19 02:50:00,0,0,0,0
2024-03-19 03:00:00,0,0,0,0
2024-03-19 03:10:00,0,0,0,0
2024-03-19 03:20:00,0,0,0,0
2024-03-19 03:30:00,0,0,0,0
2024-03-19 03:40:00,0,0,0,0
2024-03-19 03:50:00,0,0,0,0
2024-03-19 04:00:00,0,0,0,0
2024-03-19 04:10:00,0,0,0,0
2024-03-19 04:20:00,0,0,0,0
2024-03-19 04:30:00,0,0,0,0
2024-03-19 04:40:00,0,0,0,0
2024-03-19 04:50:00,0,0,0,0
2024-03-19 05:00:00,0,0,0,0
2024-03-19 05:10:00,0,0,0,0
2024-03-19 05:20:00,0,0,0,0
2024-03-19 05:30:00,0,0,0,0
2024-03-19 05:40:00,0,0,0,0
2024-03-19 05:50:00,0,0,0,0
2024-03-19 06:00:00,0,0,0,0
2024-03-19 06:10:00,0,0,0,0
2024-03-19 06:20:00,0,0,0,0
2024-03-19 06:30:00,0,0,0,0
2024-03-19 06:40:00,0,0,0,0
2024-03-19 06:50:00,0,0,0,0
2024-03-19 07:00:00,0,0,0,0
2024-03-19 07:10:00,0,0,0,0
2024-03-19 07:20:00,0,0,0,0
2024-03-19 07:30:00,0,0,0,0
2024-03-19 07:40:00,0,0,0,0
2024-03-19 07:50:00,0,0,0,0
2024-03-19 08:00:00,0,0,0,0
2024-03-19 08:10:00,0,0,0,0
2024-03-19 08:20:00,0,0,0,0
2024-03-19 08:30:00,0,0,0,0
2024-03-19 08:40:00,0,0,0,0
2024-03-19 08:50:00,0,0,0,0
2024-03-19 09:00:00,0,0,0,0
2024-03-19 09:10:00,0,0,0,0
2024-03-19 09:20:00,0,0,0,0
2024-03-19 09:30:00,0,0,0,0
2024-03-19 09:40:00,0,0,0,0
2024-03-19 09:50:00,0,0,0,0
2024-03-19 10:00:00,0,0,0,0
2024-03-19 10:10:00,0,0,0,0
2024-03-19 10:20:00,0,0,0,0
2024-03-19 10:30:00,0,0,0,0
2024-03-19 10:40:00,0,0,0,0
2024-03-19 10:50:00,0,0,0,0
2024-03-19 11:00:00,0,0,0,0
2024-03-19 11:10:00,0,0,0,0
2024-03-19 11:20:00,0,0,0,0
2024-03-19 11:30:00,0,0,0,0
2024-03-19 11:40:00,0,0,0,0
2024-03-19 11:50:00,0,0,0,0
2024-03-19 12:00:00,0,0,0,0
2024-03-19 12:10:00,0,0,0,0
2024-03-19 12:20:00,0,0,0,0
2024-03-19 12:30:00,0,0,0,0
2024-03-19 12:40:00,0,0,0,0
2024-03-19 12:50:00,0,0,0,0
2024-03-19 13:00:00,0,0,0,0
2024-03-19 13:10:00,0,0,0,0
2024-03-19 13:20:00,0,0,0,0
2024-03-19 13:30:00,0,0,0,0
2024-03-19 13:40:00,0,0,0,0
2024-03-19 13:50:00,0,0,0,0
2024-03-19 14:00:00,0,0,0,0
2024-03-19 14:10:00,0,0,0,0
2024-03-19 14:20:00,0,0,0,0
2024-03-19 14:30:00,0,0,0,0
2024-03-19 14:40:00,0,0,0,0
2024-03-19 14:50:00,0,0,0,0
2024-03-19 15:00:00,0,0,0,0
2024-03-19 15:10:00,0,0,0,0
2024-03-19 15:20:00,0,0,0,0
2024-03-19 15:30:00,0,0,0,0
2024-03-19 15:40:00,0,0,0,0
2024-03-19 15:50:00,0,0,0,0
2024-03-19 16:00:00,0,0,0,0
2024-03-19 16:10:00,0,0,0,0
2024-03-19 16:20:00,0,0,0,0
2024-03-19 16:30:00,0,0,0,0
2024-03-19 16:40:00,0,0,0,0
2024-03-19 16:50:00,0,0,0,0
2024-03-19 17:00:00,0,0,0,0
2024-03-19 17:10:00,0,0,0,0
2024-03-19 17:20:00,0,0,0,0
2024-03-19 17:30:00,0,0,0,0
2024-03-19 17:40:00,0,0,0,0
2024-03-19 17:50:00,0,0,0,0
2024-03-19 18:00:00,0,0,0,0
2024-03-19 18:10:00,0,0,0,0
2024-03-19 18:20:00,0,0,0,0
2024-03-19 18:30:00,0,0,0,0
2024-03-19 18:40:00,0,0,0,0
2024-03-19 18:50:00,0,0,0,0
2024-03-19 19:00:00,0,0,0,0
2024-03-19 19:10:00,0,0,0,0
2024-03-19 19:20:00,0,0,0,0
2024-03-19 19:30:00,0,0,0,0
2024-03-19 19:40:00,0,0,0,0
2024-03-19 19:50:00,0,0,0,0
2024-03-19 20:00:00,0,0,0,0
2024-03-19 20:10:00,0,0,0,0
2024-03-19 20:20:00,0,0,0,0
2024-03-19 20:30:00,0,0,0,0
2024-03-19 20:40:00,0,0,0,0
2024-03-19 20:50:00,0,0,0,0
2024-03-19 21:00:00,0,0,0,0
2024-03-19 21:10:00,0,0,0,0
2024-03-19 21:20:00,0,0,0,0
2024-03-19 21:30:00,0,0,0,0
2024-03-19 21:40:00,0,0,0,0
2024-03-19 21:50:00,0,0,0,0
2024-03-19 22:00:00,0,0,0,0
2024-03-19 22:10:00,0,0,0,0
2024-03-19 22:20:00,0,0,0,0
2024-03-19 22:30:00,0,0,0,0
2024-03-19 22:40:00,0,0,0,0
2024-03-19 22:50:00,0,0,0,0
2024-03-19 23:00:00,0,0,0,0
2024-03-19 23:10:00,0,0,0,0
2024-03-19 23:20:00,0,0,0,0
2024-03-19 23:30:00,0,0,0,0
2024-03-19 23:40:00,0,0,0,0
2024-03-19 23:50:00,0,0,0,0
2024-03-20 00:00:00,0,0,0,0
2024-03-20 00:10:00,0,0,0,0
2024-03-20 00:20:00,0,0,0,0
2024-03-20 00:30:00,0,0,0,0
2024-03-20 00:40:00,0,0,0,0
2024-03-20 00:50:00,0,0,0,0
2024-03-20 01:00:00,0,0,0,0
2024-03-20 01:10:00,0,0,0,0
2024-03-20 01:20:00,0,0,0,0
2024-03-20 01:30:00,0,0,0,0
2024-03-20 01:40:00,0,0,0,0
2024-03-20 01:50:00,0,0,0,0
2024-03-20 02:00:00,0,0,0,0
2024-03-20 02:10:00,0,0,0,0
2024-03-20 02:20:00,0,0,0,0
2024-03-20 02:30:00,0,0,0,0
2024-03-20 02:40:00,0,0,0,0
2024-03-20 02:50:00,0,0,0,0
2024-03-20 03:00:00,0,0,0,0
2024-03-20 03:10:00,0,0,0,0
2024-03-20 03:20:00,0,0,0,0
2024-03-20 03:30:00,0,0,0,0
2024-03-20 03:40:00,0,0,0,0
2024-03-20 03:50:00,0,0,0,0
2024-03-20 04:00:00,0,0,0,0
2024-03-20 04:10:00,0,0,0,0
2024-03-20 04:20:00,0,0,0,0
2024-03-20 04:30:00,0,0,0,0
2024-03-20 04:40:00,0,0,0,0
2024-03-20 04:50:00,0,0,0,0
2024-03-20 05:00:00,0,0,0,0
2024-03-20 05:10:00,0,0,0,0
2024-03-20 05:20:00,0,0,0,0
2024-03-20 05:30:00,0,0,0,0
2024-03-20 05:40:00,0,0,0,0
2024-03-20 05:50:00,0,0,0,0
2024-03-20 06:00:00,0,0,0,0
2024-03-20 06:10:00,0,0,0,0
2024-03-20 06:20:00,0,0,0,0
2024-03-20 06:30:00,0,0,0,0
2024-03-20 06:40:00,0,0,0,0
2024-03-20 06:50:00,0,0,0,0
2024-03-20 07:00:00,0,0,0,0
2024-03-20 07:10:00,0,0,0,0
2024-03-20 07:20:00,0,0,0,0
2024-03-20 07:30:00,0,0,0,0
2024-03-20 07:40:00,0,0,0,0
2024-03-20 07:50:00,0,0,0,0
2024-03-20 08:00:00,0,0,0,0
2024-03-20 08:10:00,0,0,0,0
2024-03-20 08:20:00,0,0,0,0
2024-03-20 08:30:00,0,0,0,0
2024-03-20 08:40:00,0,0,0,0
2024-03-20 08:50:00,0,0,0,0
2024-03-20 09:00:00,0,0,0,0
2024-03-20 09:10:00,0,0,0,0
2024-03-20 09:20:00,0,0,0,0
2024-03-20 09:30:00,0,0,0,0
2024-03-20 09:40:00,0,0,0,0
2024-03-20 09:50:00,0,0,0,0
2024-03-20 10:00:00,0,0,0,0
2024-03-20 10:10:00,0,0,0,0
2024-03-20 10:20:00,0,0,0,0
2024-03-20 10:30:00,0,0,0,0
2024-03-20 10:40:00,0,0,0,0
2024-03-20 10:50:00,0,0,0,0
2024-03-20 11:00:00,0,0,0,0
2024-03-20 11:10:00,0,0,0,0
2024-03-20 11:20:00,0,0,0,0
2024-03-20 11:30:00,0,0,0,0
2024-03-20 11:40:00,0,0,0,0
2024-03-20 11:50:00,0,0,0,0
2024-03-20 12:00:00,0,0,0,0
2024-03-20 12:10:00,0,0,0,0
2024-03-20 12:20:00,0,0,0,0
2024-03-20 12:30:00,0,0,0,0
2024-03-20 12:40:00,0,0,0,0
2024-03-20 12:50:00,0,0,0,0
2024-03-20 13:00:00,0,0,0,0
2024-03-20 13:10:00,0,0,0,0
2024-03-20 13:20:00,0,0,0,0
2024-03-20 13:30:00,0,0,0,0
2024-03-20 13:40:00,0,0,0,0
2024-03-20 13:50:00,0,0,0,0
2024-03-20 14:00:00,0,0,0,0
2024-03-20 14:10:00,0,0,0,0
2024-03-20 14:20:00,0,0,0,0
2024-03-20 14:30:00,0,0,0,0
2024-03-20 14:40:00,0,0,0,0
2024-03-20 14:50:00,0,0,0,0
2024-03-20 15:00:00,0,0,0,0
2024-03-20 15:10:00,0,0,0,0
2024-03-20 15:20:00,0,0,0,0
2024-03-20 15:30:00,0,0,0,0
2024-03-20 15:40:00,0,0,0,0
2024-03-20 15:50:00,0,0,0,0
2024-03-20 16:00:00,0,0,0,0
2024-03-20 16:10:00,0,0,0,0
2024-03-20 16:20:00,0,0,0,0
2024-03-20 16:30:00,0,0,0,0
2024-03-20 16:40:00,0,0,0,0
2024-03-20 16:50:00,0,0,0,0
2024-03-20 17:00:00,0,0,0,0
2024-03-20 17:10:00,0,0,0,0
2024-03-20 17:20:00,0,0,0,0
2024-03-20 17:30:00,0,0,0,0
2024-03-20 17:40:00,0,0,0,0
2024-03-20 17:50:00,0,0,0,0
2024-03-20 18:00:00,0,0,0,0
2024-03-20 18:10:00,0,0,0,0
2024-03-20 18:20:00,0,0,0,0
2024-03-20 18:30:00,0,0,0,0
2024-03-20 18:40:00,0,0,0,0
2024-03-20 18:50:00,0,0,0,0
2024-03-20 19:00:00,0,0,0,0
2024-03-20 19:10:00,0,0,0,0
2024-03-20 19:20:00,0,0,0,0
2024-03-20 19:30:00,0,0,0,0
2024-03-20 19:40:00,0,0,0,0
2024-03-20 19:50:00,0,0,0,0
2024-03-20 20:00:00,0,0,0,0
2024-03-20 20:10:00,0,0,0,0
2024-03-20 20:20:00,0,0,0,0
2024-03-20 20:30:00,0,0,0,0
2024-03-20 20:40:00,0,0,0,0
2024-03-20 20:50:00,0,0,0,0
2024-03-20 21:00:00,0,0,0,0
2024-03-20 21:10:00,0,0,0,0
2024-03-20 21:20:00,0,0,0,0
2024-03-20 21:30:00,0,0,0,0
2024-03-20 21:40:00,0,0,0,0
2024-03-20 21:50:00,0,0,0,0
2024-03-20 22:00:00,0,0,0,0
2024-03-20 22:10:00,0,0,0,0
2024-03-20 22:20:00,0,0,0,0
2024-03-20 22:30:00,0,0,0,0
2024-03-20 22:40:00,0,0,0,0
2024-03-20 22:50:00,0,0,0,0
2024-03-20 23:00:00,0,0,0,0
2024-03-20 23:10:00,0,0,0,0
2024-03-20 23:20:00,0,0,0,0
2024-03-20 23:30:00,0,0,0,0
2024-03-20 23:40:00,0,0,0,0
2024-03-20 23:50:00,0,0,0,0
2024-03-21 00:00:00,0,0,0,0
2024-03-21 00:10:00,0,0,0,0
2024-03-21 00:20:00,0,0,0,0
2024-03-21 00:30:00,0,0,0,0
2024-03-21 00:40:00,0,0,0,0
2024-03-21 00:50:00,0,0,0,0
2024-03-21 01:00:00,0,0,0,0
2024-03-21 01:10:00,0,0,0,0
2024-03-21 01:20:00,0,0,0,0
2024-03-21 01:30:00,0,0,0,0
2024-03-21 01:40:00,0,0,0,0
2024-03-21 01:50:00,0,0,0,0
2024-03-21 02:00:00,0,0,0,0
2024-03-21 02:10:00,0,0,0,0
2024-03-21 02:20:00,0,0,0,0
2024-03-21 02:30:00,0,0,0,0
2024-03-21 02:40:00,0,0,0,0
2024-03-21 02:50:00,0,0,0,0
2024-03-21 03:00:00,0,0,0,0
2024-03-21 03:10:00,0,0,0,0
2024-03-21 03:20:00,0,0,0,0
2024-03-21 03:30:00,0,0,0,0
2024-03-21 03:40:00,0,0,0,0
2024-03-21 03:50:00,0,0,0,0
2024-03-21 04:00:00,0,0,0,0
2024-03-21 04:10:00,0,0,0,0
2024-03-21 04:20:00,0,0,0,0
2024-03-21 04:30:00,0,0,0,0
2024-03-21 04:40:00,0,0,0,0
2024-03-21 04:50:00,0,0,0,0
2024-03-21 05:00:00,0,0,0,0
2024-03-21 05:10:00,0,0,0,0
2024-03-21 05:20:00,0,0,0,0
2024-03-21 05:30:00,0,0,0,0
2024-03-21 05:40:00,0,0,0,0
2024-03-21 05:50:00,0,0,0,0
2024-03-21 06:00:00,0,0,0,0
2024-03-21 06:10:00,0,0,0,0
2024-03-21 06:20:00,0,0,0,0
2024-03-21 06:30:00,0,0,0,0
2024-03-21 06:40:00,0,0,0,0
2024-03-21 06:50:00,0,0,0,0
2024-03-21 07:00:00,0,0,0,0
2024-03-21 07:10:00,0,0,0,0
2024-03-21 07:20:00,0,0,0,0
2024-03-21 07:30:00,0,0,0,0
2024-03-21 07:40:00,0,0,0,0
2024-03-21 07:50:00,0,0,0,0
2024-03-21 08:00:00,0,0,0,0
2024-03-21 08:10:00,0,0,0,0
2024-03-21 08:20:00,0,0,0,0
2024-03-21 08:30:00,0,0,0,0
2024-03-21 08:40:00,0,0,0,0
2024-03-21 08:50:00,0,0,0,0
2024-03-21 09:00:00,0,0,0,0
2024-03-21 09:10:00,0,0,0,0
2024-03-21 09:20:00,0,0,0,0
2024-03-21 09:30:00,0,0,0,0
2024-03-21 09:40:00,0,0,0,0
2024-03-21 09:50:00,0,0,0,0
2024-03-21 10:00:00,0,0,0,0
2024-03-21 10:10:00,0,0,0,0
2024-03-21 10:20:00,0,0,0,0
2024-03-21 10:30:00,0,0,0,0
2024-03-21 10:40:00,0,0,0,0
2024-03-21 10:50:00,0,0,0,0
2024-03-21 11:00:00,0,0,0,0
2024-03-21 11:10:00,0,0,0,0
2024-03-21 11:20:00,0,0,0,0
2024-03-21 11:30:00,0,0,0,0
2024-03-21 11:40:00,0,0,0,0
2024-03-21 11:50:00,0,0,0,0
2024-03-21 12:00:00,0,0,0,0
2024-03-21 12:10:00,0,0,0,0
2024-03-21 12:20:00,0,0,0,0
2024-03-21 12:30:00,0,0,0,0
2024-03-21 12:40:00,0,0,0,0
2024-03-21 12:50:00,0,0,0,0
2024-03-21 13:00:00,0,0,0,0
2024-03-21 13:10:00,0,0,0,0
2024-03-21 13:20:00,0,0,0,0
2024-03-21 13:30:00,0,0,0,0
2024-03-21 13:40:00,0,0,0,0
2024-03-21 13:50:00,0,0,0,0
2024-03-21 14:00:00,0,0,0,0
2024-03-21 14:10:00,0,0,0,0
2024-03-21 14:20:00,0,0,0,0
2024-03-21 14:30:00,0,0,0,0
2024-03-21 14:40:00,0,0,0,0
2024-03-21 14:50:00,0,0,0,0
2024-03-21 15:00:00,0,0,0,0
2024-03-21 15:10:00,0,0,0,0
2024-03-21 15:20:00,0,0,0,0
2024-03-21 15:30:00,0,0,0,0
2024-03-21 15:40:00,0,0,0,0
2024-03-21 15:50:00,0,0,0,0
2024-03-21 16:00:00,0,0,0,0
2024-03-21 16:10:00,0,0,0,0
2024-03-21 16:20:00,0,0,0,0
2024-03-21 16:30:00,0,0,0,0
2024-03-21 16:40:00,0,0,0,0
2024-03-21 16:50:00,0,0,0,0
2024-03-21 17:00:00,0,0,0,0
2024-03-21 17:10:00,0,0,0,0
2024-03-21 17:20:00,0,0,0,0
2024-03-21 17:30:00,0,0,0,0
2024-03-21 17:40:00,0,0,0,0
2024-03-21 17:50:00,0,0,0,0
2024-03-21 18:00:00,0,0,0,0
2024-03-21 18:10:00,0,0,0,0
2024-03-21 18:20:00,0,0,0,0
2024-03-21 18:30:00,0,0,0,0
2024-03-21 18:40:00,0,0,0,0
2024-03-21 18:50:00,0,0,0,0
2024-03-21 19:00:00,0,0,0,0
2024-03-21 19:10:00,0,0,0,0
2024-03-21 19:20:00,0,0,0,0
2024-03-21 19:30:00,0,0,0,0
2024-03-21 19:40:00,0,0,0,0
2024-03-21 19:50:00,0,0,0,0
2024-03-21 20:00:00,0,0,0,0
2024-03-21 20:10:00,0,0,0,0
2024-03-21 20:20:00,0,0,0,0
2024-03-21 20:30:00,0,0,0,0
2024-03-21 20:40:00,0,0,0,0
2024-03-21 20:50:00,0,0,0,0
2024-03-21 21:00:00,0,0,0,0
2024-03-21 21:10:00,0,0,0,0
2024-03-21 21:20:00,0,0,0,0
2024-03-21 21:30:00,0,0,0,0
2024-03-21 21:40:00,0,0,0,0
2024-03-21 21:50:00,0,0,0,0
2024-03-21 22:00:00,0,0,0,0
2024-03-21 22:10:00,0,0,0,0
2024-03-21 22:20:00,0,0,0,0
2024-03-21 22:30:00,0,0,0,0
2024-03-21 22:40:00,0,0,0,0
2024-03-21 22:50:00,0,0,0,0
2024-03-21 23:00:00,0,0,0,0
2024-03-21 23:10:00,0,0,0,0
2024-03-21 23:20:00,0,0,0,0
2024-03-21 23:30:00,0,0,0,0
2024-03-21 23:40:00,0,0,0,0
2024-03-21 23:50:00,0,0,0,0
2024-03-22 00:00:00,0,0,0,0
2024-03-22 00:10:00,0,0,0,0
2024-03-22 00:20:00,0,0,0,0
2024-03-22 00:30:00,0,0,0,0
2024-03-22 00:40:00,0,0,0,0
2024-03-22 00:50:00,0,0,0,0
2024-03-22 01:00:00,0,0,0,0
2024-03-22 01:10:00,0,0,0,0
2024-03-22 01:20:00,0,0,0,0
2024-03-22 01:30:00,0,0,0,0
2024-03-22 01:40:00,0,0,0,0
2024-03-22 01:50:00,0,0,0,0
2024-03-22 02:00:00,0,0,0,0
2024-03-22 02:10:00,0,0,0,0
2024-03-22 02:20:00,0,0,0,0
2024-03-22 02:30:00,0,0,0,0
2024-03-22 02:40:00,0,0,0,0
2024-03-22 02:50:00,0,0,0,0
2024-03-22 03:00:00,0,0,0,0
2024-03-22 03:10:00,0,0,0,0
2024-03-22 03:20:00,0,0,0,0
2024-03-22 03:30:00,0,0,0,0
2024-03-22 03:40:00,0,0,0,0
2024-03-22 03:50:00,0,0,0,0
2024-03-22 04:00:00,0,0,0,0
2024-03-22 04:10:00,0,0,0,0
2024-03-22 04:20:00,0,0,0,0
2024-03-22 04:30:00,0,0,0,0
2024-03-22 04:40:00,0,0,0,0
2024-03-22 04:50:00,0,0,0,0
2024-03-22 05:00:00,0,0,0,0
2024-03-22 05:10:00,0,0,0,0
2024-03-22 05:20:00,0,0,0,0
2024-03-22 05:30:00,0,0,0,0
2024-03-22 05:40:00,0,0,0,0
2024-03-22 05:50:00,0,0,0,0
2024-03-22 06:00:00,0,0,0,0
2024-03-22 06:10:00,0,0,0,0
2024-03-22 06:20:00,0,0,0,0
2024-03-22 06:30:00,0,0,0,0
2024-03-22 06:40:00,0,0,0,0
2024-03-22 06:50:00,0,0,0,0
2024-03-22 07:00:00,0,0,0,0
2024-03-22 07:10:00,0,0,0,0
2024-03-22 07:20:00,0,0,0,0
2024-03-22 07:30:00,0,0,0,0
2024-03-22 07:40:00,0,0,0,0
2024-03-22 07:50:00,0,0,0,0
2024-03-22 08:00:00,0,0,0,0
2024-03-22 08:10:00,0,0,0,0
2024-03-22 08:20:00,0,0,0,0
2024-03-22 08:30:00,0,0,0,0
2024-03-22 08:40:00,0,0,0,0
2024-03-22 08:50:00,0,0,0,0
2024-03-22 09:00:00,0,0,0,0
2024-03-22 09:10:00,0,0,0,0
2024-03-22 09:20:00,0,0,0,0
2024-03-22 09:30:00,0,0,0,0
2024-03-22 09:40:00,0,0,0,0
2024-03-22 09:50:00,0,0,0,0
2024-03-22 10:00:00,0,0,0,0
2024-03-22 10:10:00,0,0,0,0
2024-03-22 10:20:00,0,0,0,0
2024-03-22 10:30:00,0,0,0,0
2024-03-22 10:40:00,0,0,0,0
2024-03-22 10:50:00,0,0,0,0
2024-03-22 11:00:00,0,0,0,0
2024-03-22 11:10:00,0,0,0,0
2024-03-22 11:20:00,0,0,0,0
2024-03-22 11:30:00,0,0,0,0
2024-03-22 11:40:00,0,0,0,0
2024-03-22 11:50:00,0,0,0,0
2024-03-22 12:00:00,0,0,0,0
2024-03-22 12:10:00,0,0,0,0
2024-03-22 12:20:00,0,0,0,0
2024-03-22 12:30:00,0,0,0,0
2024-03-22 12:40:00,0,0,0,0
2024-03-22 12:50:00,0,0,0,0
2024-03-22 13:00:00,0,0,0,0
2024-03-22 13:10:00,0,0,0,0
2024-03-22 13:20:00,0,0,0,0
2024-03-22 13:30:00,0,0,0,0
2024-03-22 13:40:00,0,0,0,0
2024-03-22 13:50:00,0,0,0,0
2024-03-22 14:00:00,0,0,0,0
2024-03-22 14:10:00,0,0,0,0
2024-03-22 14:20:00,0,0,0,0
2024-03-22 14:30:00,0,0,0,0
2024-03-22 14:40:00,0,0,0,0
2024-03-22 14:50:00,0,0,0,0
2024-03-22 15:00:00,0,0,0,0
2024-03-22 15:10:00,0,0,0,0
2024-03-22 15:20:00,0,0,0,0
2024-03-22 15:30:00,0,0,0,0
2024-03-22 15:40:00,0,0,0,0
2024-03-22 15:50:00,0,0,0,0
2024-03-22 16:00:00,0,0,0,0
2024-03-22 16:10:00,0,0,0,0
2024-03-22 16:20:00,0,0,0,0
2024-03-22 16:30:00,0,0,0,0
2024-03-22 16:40:00,0,0,0,0
2024-03-22 16:50:00,0,0,0,0
2024-03-22 17:00:00,0,0,0,0
2024-03-22 17:10:00,0,0,0,0
2024-03-22 17:20:00,0,0,0,0
2024-03-22 17:30:00,0,0,0,0
2024-03-22 17:40:00,0,0,0,0
2024-03-22 17:50:00,0,0,0,0
2024-03-22 18:00:00,0,0,0,0
2024-03-22 18:10:00,0,0,0,0
2024-03-22 18:20:00,0,0,0,0
2024-03-22 18:30:00,0,0,0,0
2024-03-22 18:40:00,0,0,0,0
2024-03-22 18:50:00,0,0,0,0
2024-03-22 19:00:00,0,0,0,0
2024-03-22 19:10:00,0,0,0,0
2024-03-22 19:20:00,0,0,0,0
2024-03-22 19:30:00,0,0,0,0
2024-03-22 19:40:00,0,0,0,0
2024-03-22 19:50:00,0,0,0,0
2024-03-22 20:00:00,0,0,0,0
2024-03-22 20:10:00,0,0,0,0
2024-03-22 20:20:00,0,0,0,0
2024-03-22 20:30:00,0,0,0,0
2024-03-22 20:40:00,0,0,0,0
2024-03-22 20:50:00,0,0,0,0
2024-03-22 21:00:00,0,0,0,0
2024-03-22 21:10:00,0,0,0,0
2024-03-22 21:20:00,0,0,0,0
2024-03-22 21:30:00,0,0,0,0
2024-03-22 21:40:00,0,0,0,0
2024-03-22 21:50:00,0,0,0,0
2024-03-22 22:00:00,0,0,0,0
2024-03-22 22:10:00,0,0,0,0
2024-03-22 22:20:00,0,0,0,0
2024-03-22 22:30:00,0,0,0,0
2024-03-22 22:40:00,0,0,0,0
2024-03-22 22:50:00,0,0,0,0
2024-03-22 23:00:00,0,0,0,0
2024-03-22 23:10:00,0,0,0,0
2024-03-22 23:20:00,0,0,0,0
2024-03-22 23:30:00,0,0,0,0
2024-03-22 23:40:00,0,0,0,0
2024-03-22 23:50:00,0,0,0,0
2024-03-23 00:00:00,0,0,0,0
2024-03-23 00:10:00,0,0,0,0
2024-03-23 00:20:00,0,0,0,0
2024-03-23 00:30:00,0,0,0,0
2024-03-23 00:40:00,0,0,0,0
2024-03-23 00:50:00,0,0,0,0
2024-03-23 01:00:00,0,0,0,0
2024-03-23 01:10:00,0,0,0,0
2024-03-23 01:20:00,0,0,0,0
2024-03-23 01:30:00,0,0,0,0
2024-03-23 01:40:00,0,0,0,0
2024-03-23 01:50:00,0,0,0,0
2024-03-23 02:00:00,0,0,0,0
2024-03-23 02:10:00,0,0,0,0
2024-03-23 02:20:00,0,0,0,0
2024-03-23 02:30:00,0,0,0,0
2024-03-23 02:40:00,0,0,0,0
2024-03-23 02:50:00,0,0,0,0
2024-03-23 03:00:00,0,0,0,0
2024-03-23 03:10:00,0,0,0,0
2024-03-23 03:20:00,0,0,0,0
2024-03-23 03:30:00,0,0,0,0
2024-03-23 03:40:00,0,0,0,0
2024-03-23 03:50:00,0,0,0,0
2024-03-23 04:00:00,0,0,0,0
2024-03-23 04:10:00,0,0,0,0
2024-03-23 04:20:00,0,0,0,0
2024-03-23 04:30:00,0,0,0,0
2024-03-23 04:40:00,0,0,0,0
2024-03-23 04:50:00,0,0,0,0
2024-03-23 05:00:00,0,0,0,0
2024-03-23 05:10:00,0,0,0,0
2024-03-23 05:20:00,0,0,0,0
2024-03-23 05:30:00,0,0,0,0
2024-03-23 05:40:00,0,0,0,0
2024-03-23 05:50:00,0,0,0,0
2024-03-23 06:00:00,0,0,0,0
2024-03-23 06:10:00,0,0,0,0
2024-03-23 06:20:00,0,0,0,0
2024-03-23 06:30:00,0,0,0,0
2024-03-23 06:40:00,0,0,0,0
2024-03-23 06:50:00,0,0,0,0
2024-03-23 07:00:00,0,0,0,0
2024-03-23 07:10:00,0,0,0,0
2024-03-23 07:20:00,0,0,0,0
2024-03-23 07:30:00,0,0,0,0
2024-03-23 07:40:00,0,0,0,0
2024-03-23 07:50:00,0,0,0,0
2024-03-23 08:00:00,0,0,0,0
2024-03-23 08:10:00,0,0,0,0
2024-03-23 08:20:00,0,0,0,0
2024-03-23 08:30:00,0,0,0,0
2024-03-23 08:40:00,0,0,0,0
2024-03-23 08:50:00,0,0,0,0
2024-03-23 09:00:00,0,0,0,0
2024-03-23 09:10:00,0,0,0,0
2024-03-23 09:20:00,0,0,0,0
2024-03-23 09:30:00,0,0,0,0
2024-03-23 09:40:00,0,0,0,0
2024-03-23 09:50:00,0,0,0,0
2024-03-23 10:00:00,0,0,0,0
2024-03-23 10:10:00,0,0,0,0
2024-03-23 10:20:00,0,0,0,0
2024-03-23 10:30:00,0,0,0,0
2024-03-23 10:40:00,0,0,0,0
2024-03-23 10:50:00,0,0,0,0
2024-03-23 11:00:00,0,0,0,0
2024-03-23 11:10:00,0,0,0,0
2024-03-23 11:20:00,0,0,0,0
2024-03-23 11:30:00,0,0,0,0
2024-03-23 11:40:00,0,0,0,0
2024-03-23 11:50:00,0,0,0,0
2024-03-23 12:00:00,0,0,0,0
2024-03-23 12:10:00,0,0,0,0
2024-03-23 12:20:00,0,0,0,0
2024-03-23 12:30:00,0,0,0,0
2024-03-23 12:40:00,0,0,0,0
2024-03-23 12:50:00,0,0,0,0
2024-03-23 13:00:00,0,0,0,0
2024-03-23 13:10:00,0,0,0,0
2024-03-23 13:20:00,0,0,0,0
2024-03-23 13:30:00,0,0,0,0
2024-03-23 13:40:00,0,0,0,0
2024-03-23 13:50:00,0,0,0,0
2024-03-23 14:00:00,0,0,0,0
2024-03-23 14:10:00,0,0,0,0
2024-03-23 14:20:00,0,0,0,0
2024-03-23 14:30:00,0,0,0,0
2024-03-23 14:40:00,0,0,0,0
2024-03-23 14:50:00,0,0,0,0
2024-03-23 15:00:00,0,0,0,0
2024-03-23 15:10:00,0,0,0,0
2024-03-23 15:20:00,0,0,0,0
2024-03-23 15:30:00,0,0,0,0
2024-03-23 15:40:00,0,0,0,0
2024-03-23 15:50:00,0,0,0,0
2024-03-23 16:00:00,0,0,0,0
2024-03-23 16:10:00,0,0,0,0
2024-03-23 16:20:00,0,0,0,0
2024-03-23 16:30:00,0,0,0,0
2024-03-23 16:40:00,0,0,0,0
2024-03-23 16:50:00,0,0,0,0
2024-03-23 17:00:00,0,0,0,0
2024-03-23 17:10:00,0,0,0,0
2024-03-23 17:20:00,0,0,0,0
2024-03-23 17:30:00,0,0,0,0
2024-03-23 17:40:00,0,0,0,0
2024-03-23 17:50:00,0,0,0,0
2024-03-23 18:00:00,0,0,0,0
2024-03-23 18:10:00,0,0,0,0
2024-03-23 18:20:00,0,0,0,0
2024-03-23 18:30:00,0,0,0,0
2024-03-23 18:40:00,0,0,0,0
2024-03-23 18:50:00,0,0,0,0
2024-03-23 19:00:00,0,0,0,0
2024-03-23 19:10:00,0,0,0,0
2024-03-23 19:20:00,0,0,0,0
2024-03-23 19:30:00,0,0,0,0
2024-03-23 19:40:00,0,0,0,0
2024-03-23 19:50:00,0,0,0,0
2024-03-23 20:00:00,0,0,0,0
2024-03-23 20:10:00,0,0,0,0
2024-03-23 20:20:00,0,0,0,0
2024-03-23 20:30:00,0,0,0,0
2024-03-23 20:40:00,0,0,0,0
2024-03-23 20:50:00,0,0,0,0
2024-03-23 21:00:00,0,0,0,0
2024-03-23 21:10:00,0,0,0,0
2024-03-23 21:20:00,0,0,0,0
2024-03-23 21:30:00,0,0,0,0
2024-03-23 21:40:00,0,0,0,0
2024-03-23 21:50:00,0,0,0,0
2024-03-23 22:00:00,0,0,0,0
2024-03-23 22:10:00,0,0,0,0
2024-03-23 22:20:00,0,0,0,0
2024-03-23 22:30:00,0,0,0,0
2024-03-23 22:40:00,0,0,0,0
2024-03-23 22:50:00,0,0,0,0
2024-03-23 23:00:00,0,0,0,0
2024-03-23 23:10:00,0,0,0,0
2024-03-23 23:20:00,0,0,0,0
2024-03-23 23:30:00,0,0,0,0
2024-03-23 23:40:00,0,0,0,0
2024-03-23 23:50:00,0,0,0,0
2024-03-24 00:00:00,0,0,0,0
2024-03-24 00:10:00,0,0,0,0
2024-03-24 00:20:00,0,0,0,0
2024-03-24 00:30:00,0,0,0,0
2024-03-24 00:40:00,0,0,0,0
2024-03-24 00:50:00,0,0,0,0
2024-03-24 01:00:00,0,0,0,0
2024-03-24 01:10:00,0,0,0,0
2024-03-24 01:20:00,0,0,0,0
2024-03-24 01:30:00,0,0,0,0
2024-03-24 01:40:00,0,0,0,0
2024-03-24 01:50:00,0,0,0,0
2024-03-24 02:00:00,0,0,0,0
2024-03-24 02:10:00,0,0,0,0
2024-03-24 02:20:00,0,0,0,0
2024-03-24 02:30:00,0,0,0,0
2024-03-24 02:40:00,0,0,0,0
2024-03-24 02:50:00,0,0,0,0
2024-03-24 03:00:00,0,0,0,0
2024-03-24 03:10:00,0,0,0,0
2024-03-24 03:20:00,0,0,0,0
2024-03-24 03:30:00,0,0,0,0
2024-03-24 03:40:00,0,0,0,0
2024-03-24 03:50:00,0,0,0,0
2024-03-24 04:00:00,0,0,0,0
2024-03-24 04:10:00,0,0,0,0
2024-03-24 04:20:00,0,0,0,0
2024-03-24 04:30:00,0,0,0,0
2024-03-24 04:40:00,0,0,0,0
2024-03-24 04:50:00,0,0,0,0
2024-03-24 05:00:00,0,0,0,0
2024-03-24 05:10:00,0,0,0,0
2024-03-24 05:20:00,0,0,0,0
2024-03-24 05:30:00,0,0,0,0
2024-03-24 05:40:00,0,0,0,0
2024-03-24 05:50:00,0,0,0,0
2024-03-24 06:00:00,0,0,0,0
2024-03-24 06:10:00,0,0,0,0
2024-03-24 06:20:00,0,0,0,0
2024-03-24 06:30:00,0,0,0,0
2024-03-24 06:40:00,0,0,0,0
2024-03-24 06:50:00,0,0,0,0
2024-03-24 07:00:00,0,0,0,0
2024-03-24 07:10:00,0,0,0,0
2024-03-24 07:20:00,0,0,0,0
2024-03-24 07:30:00,0,0,0,0
2024-03-24 07:40:00,0,0,0,0
2024-03-24 07:50:00,0,0,0,0
2024-03-24 08:00:00,0,0,0,0
2024-03-24 08:10:00,0,0,0,0
2024-03-24 08:20:00,0,0,0,0
2024-03-24 08:30:00,0,0,0,0
2024-03-24 08:40:00,0,0,0,0
2024-03-24 08:50:00,0,0,0,0
2024-03-24 09:00:00,0,0,0,0
2024-03-24 09:10:00,0,0,0,0
2024-03-24 09:20:00,0,0,0,0
2024-03-24 09:30:00,0,0,0,0
2024-03-24 09:40:00,0,0,0,0
2024-03-24 09:50:00,0,0,0,0
2024-03-24 10:00:00,0,0,0,0
2024-03-24 10:10:00,0,0,0,0
2024-03-24 10:20:00,0,0,0,0
2024-03-24 10:30:00,0,0,0,0
2024-03-24 10:40:00,0,0,0,0
2024-03-24 10:50:00,0,0,0,0
2024-03-24 11:00:00,0,0,0,0
2024-03-24 11:10:00,0,0,0,0
2024-03-24 11:20:00,0,0,0,0
2024-03-24 11:30:00,0,0,0,0
2024-03-24 11:40:00,0,0,0,0
2024-03-24 11:50:00,0,0,0,0
2024-03-24 12:00:00,0,0,0,0
2024-03-24 12:10:00,0,0,0,0
2024-03-24 12:20:00,0,0,0,0
2024-03-24 12:30:00,0,0,0,0
2024-03-24 12:40:00,0,0,0,0
2024-03-24 12:50:00,0,0,0,0
2024-03-24 13:00:00,0,0,0,0
2024-03-24 13:10:00,0,0,0,0
2024-03-24 13:20:00,0,0,0,0
2024-03-24 13:30:00,0,0,0,0
2024-03-24 13:40:00,0,0,0,0
2024-03-24 13:50:00,0,0,0,0
2024-03-24 14:00:00,0,0,0,0
2024-03-24 14:10:00,0,0,0,0
2024-03-24 14:20:00,0,0,0,0
2024-03-24 14:30:00,0,0,0,0
2024-03-24 14:40:00,0,0,0,0
2024-03-24 14:50:00,0,0,0,0
2024-03-24 15:00:00,0,0,0,0
2024-03-24 15:10:00,0,0,0,0
2024-03-24 15:20:00,0,0,0,0
2024-03-24 15:30:00,0,0,0,0
2024-03-24 15:40:00,0,0,0,0
2024-03-24 15:50:00,0,0,0,0
2024-03-24 16:00:00,0,0,0,0
2024-03-24 16:10:00,0,0,0,0
2024-03-24 16:20:00,0,0,0,0
2024-03-24 16:30:00,0,0,0,0
2024-03-24 16:40:00,0,0,0,0
2024-03-24 16:50:00,0,0,0,0
2024-03-24 17:00:00,0,0,0,0
2024-03-24 17:10:00,0,0,0,0
2024-03-24 17:20:00,0,0,0,0
2024-03-24 17:30:00,0,0,0,0
2024-03-24 17:40:00,0,0,0,0
2024-03-24 17:50:00,0,0,0,0
2024-03-24 18:00:00,0,0,0,0
2024-03-24 18:10:00,0,0,0,0
2024-03-24 18:20:00,0,0,0,0
2024-03-24 18:30:00,0,0,0,0
2024-03-24 18:40:00,0,0,0,0
2024-03-24 18:50:00,0,0,0,0
2024-03-24 19:00:00,0,0,0,0
2024-03-24 19:10:00,0,0,0,0
2024-03-24 19:20:00,0,0,0,0
2024-03-24 19:30:00,0,0,0,0
2024-03-24 19:40:00,0,0,0,0
2024-03-24 19:50:00,0,0,0,0
2024-03-24 20:00:00,0,0,0,0
2024-03-24 20:10:00,0,0,0,0
2024-03-24 20:20:00,0,0,0,0
2024-03-24 20:30:00,0,0,0,0
2024-03-24 20:40:00,0,0,0,0
2024-03-24 20:50:00,0,0,0,0
2024-03-24 21:00:00,0,0,0,0
2024-03-24 21:10:00,0,0,0,0
2024-03-24 21:20:00,0,0,0,0
2024-03-24 21:30:00,0,0,0,0
2024-03-24 21:40:00,0,0,0,0
2024-03-24 21:50:00,0,0,0,0
2024-03-24 22:00:00,0,0,0,0
2024-03-24 22:10:00,0,0,0,0
2024-03-24 22:20:00,0,0,0,0
2024-03-24 22:30:00,0,0,0,0
2024-03-24 22:40:00,0,0,0,0
2024-03-24 22:50:00,0,0,0,0
2024-03-24 23:00:00,0,0,0,0
2024-03-24 23:10:00,0,0,0,0
2024-03-24 23:20:00,0,0,0,0
2024-03-24 23:30:00,0,0,0,0
2024-03-24 23:40:00,0,0,0,0
2024-03-24 23:50:00,0,0,0,0
2024-03-25 00:00:00,0,0,0,0
2024-03-25 00:10:00,0,0,0,0
2024-03-25 00:20:00,0,0,0,0
2024-03-25 00:30:00,0,0,0,0
2024-03-25 00:40:00,0,0,0,0
2024-03-25 00:50:00,0,0,0,0
2024-03-25 01:00:00,0,0,0,0
2024-03-25 01:10:00,0,0,0,0
2024-03-25 01:20:00,0,0,0,0
2024-03-25 01:30:00,0,0,0,0
2024-03-25 01:40:00,0,0,0,0
2024-03-25 01:50:00,0,0,0,0
2024-03-25 02:00:00,0,0,0,0
2024-03-25 02:10:00,0,0,0,0
2024-03-25 02:20:00,0,0,0,0
2024-03-25 02:30:00,0,0,0,0
2024-03-25 02:40:00,0,0,0,0
2024-03-25 02:50:00,0,0,0,0
2024-03-25 03:00:00,0,0,0,0
2024-03-25 03:10:00,0,0,0,0
2024-03-25 03:20:00,0,0,0,0
2024-03-25 03:30:00,0,0,0,0
2024-03-25 03:40:00,0,0,0,0
2024-03-25 03:50:00,0,0,0,0
2024-03-25 04:00:00,0,0,0,0
2024-03-25 04:10:00,0,0,0,0
2024-03-25 04:20:00,0,0,0,0
2024-03-25 04:30:00,0,0,0,0
2024-03-25 04:40:00,0,0,0,0
2024-03-25 04:50:00,0,0,0,0
2024-03-25 05:00:00,0,0,0,0
2024-03-25 05:10:00,0,0,0,0
2024-03-25 05:20:00,0,0,0,0
2024-03-25 05:30:00,0,0,0,0
2024-03-25 05:40:00,0,0,0,0
2024-03-25 05:50:00,0,0,0,0
2024-03-25 06:00:00,0,0,0,0
2024-03-25 06:10:00,0,0,0,0
2024-03-25 06:20:00,0,0,0,0
2024-03-25 06:30:00,0,0,0,0
2024-03-25 06:40:00,0,0,0,0
2024-03-25 06:50:00,0,0,0,0
2024-03-25 07:00:00,0,0,0,0
2024-03-25 07:10:00,0,0,0,0
2024-03-25 07:20:00,0,0,0,0
2024-03-25 07:30:00,0,0,0,0
2024-03-25 07:40:00,0,0,0,0
2024-03-25 07:50:00,0,0,0,0
2024-03-25 08:00:00,0,0,0,0
2024-03-25 08:10:00,0,0,0,0
2024-03-25 08:20:00,0,0,0,0
2024-03-25 08:30:00,0,0,0,0
2024-03-25 08:40:00,0,0,0,0
2024-03-25 08:50:00,0,0,0,0
2024-03-25 09:00:00,0,0,0,0
2024-03-25 09:10:00,0,0,0,0
2024-03-25 09:20:00,0,0,0,0
2024-03-25 09:30:00,0,0,0,0
2024-03-25 09:40:00,0,0,0,0
2024-03-25 09:50:00,0,0,0,0
2024-03-25 10:00:00,0,0,0,0
2024-03-25 10:10:00,0,0,0,0
2024-03-25 10:20:00,0,0,0,0
2024-03-25 10:30:00,0,0,0,0
2024-03-25 10:40:00,0,0,0,0
2024-03-25 10:50:00,0,0,0,0
2024-03-25 11:00:00,0,0,0,0
2024-03-25 11:10:00,0,0,0,0
2024-03-25 11:20:00,0,0,0,0
2024-03-25 11:30:00,0,0,0,0
2024-03-25 11:40:00,0,0,0,0
2024-03-25 11:50:00,0,0,0,0
2024-03-25 12:00:00,0,0,0,0
2024-03-25 12:10:00,0,0,0,0
2024-03-25 12:20:00,0,0,0,0
2024-03-25 12:30:00,0,0,0,0
2024-03-25 12:40:00,0,0,0,0
2024-03-25 12:50:00,0,0,0,0
2024-03-25 13:00:00,0,0,0,0
2024-03-25 13:10:00,0,0,0,0
2024-03-25 13:20:00,0,0,0,0
2024-03-25 13:30:00,0,0,0,0
2024-03-25 13:40:00,0,0,0,0
2024-03-25 13:50:00,0,0,0,0
2024-03-25 14:00:00,0,0,0,0
2024-03-25 14:10:00,0,0,0,0
2024-03-25 14:20:00,0,0,0,0
2024-03-25 14:30:00,0,0,0,0
2024-03-25 14:40:00,0,0,0,0
2024-03-25 14:50:00,0,0,0,0
2024-03-25 15:00:00,0,0,0,0
2024-03-25 15:10:00,0,0,0,0
2024-03-25 15:20:00,0,0,0,0
2024-03-25 15:30:00,0,0,0,0
2024-03-25 15:40:00,0,0,0,0
2024-03-25 15:50:00,0,0,0,0
2024-03-25 16:00:00,0,0,0,0
2024-03-25 16:10:00,0,0,0,0
2024-03-25 16:20:00,0,0,0,0
2024-03-25 16:30:00,0,0,0,0
2024-03-25 16:40:00,0,0,0,0
2024-03-25 16:50:00,0,0,0,0
2024-03-25 17:00:00,0,0,0,0
2024-03-25 17:10:00,0,0,0,0
2024-03-25 17:20:00,0,0,0,0
2024-03-25 17:30:00,0,0,0,0
2024-03-25 17:40:00,0,0,0,0
2024-03-25 17:50:00,0,0,0,0
2024-03-25 18:00:00,0,0,0,0
2024-03-25 18:10:00,0,0,0,0
2024-03-25 18:20:00,0,0,0,0
2024-03-25 18:30:00,0,0,0,0
2024-03-25 18:40:00,0,0,0,0
2024-03-25 18:50:00,0,0,0,0
2024-03-25 19:00:00,0,0,0,0
2024-03-25 19:10:00,0,0,0,0
2024-03-25 19:20:00,0,0,0,0
2024-03-25 19:30:00,0,0,0,0
2024-03-25 19:40:00,0,0,0,0
2024-03-25 19:50:00,0,0,0,0
2024-03-25 20:00:00,0,0,0,0
2024-03-25 20:10:00,0,0,0,0
2024-03-25 20:20:00,0,0,0,0
2024-03-25 20:30:00,0,0,0,0
2024-03-25 20:40:00,0,0,0,0
2024-03-25 20:50:00,0,0,0,0
2024-03-25 21:00:00,0,0,0,0
2024-03-25 21:10:00,0,0,0,0
2024-03-25 21:20:00,0,0,0,0
2024-03-25 21:30:00,0,0,0,0
2024-03-25 21:40:00,0,0,0,0
2024-03-25 21:50:00,0,0,0,0
2024-03-25 22:00:00,0,0,0,0
2024-03-25 22:10:00,0,0,0,0
2024-03-25 22:20:00,0,0,0,0
2024-03-25 22:30:00,0,0,0,0
2024-03-25 22:40:00,0,0,0,0
2024-03-25 22:50:00,0,0,0,0
2024-03-25 23:00:00,0,0,0,0
2024-03-25 23:10:00,0,0,0,0
2024-03-25 23:20:00,0,0,0,0
2024-03-25 23:30:00,0,0,0,0
2024-03-25 23:40:00,0,0,0,0
2024-03-25 23:50:00,0,0,0,0
2024-03-26 00:00:00,0,0,0,0
2024-03-26 00:10:00,0,0,0,0
2024-03-26 00:20:00,0,0,0,0
2024-03-26 00:30:00,0,0,0,0
2024-03-26 00:40:00,0,0,0,0
2024-03-26 00:50:00,0,0,0,0
2024-03-26 01:00:00,0,0,0,0
2024-03-26 01:10:00,0,0,0,0
2024-03-26 01:20:00,0,0,0,0
2024-03-26 01:30:00,0,0,0,0
2024-03-26 01:40:00,0,0,0,0
2024-03-26 01:50:00,0,0,0,0
2024-03-26 02:00:00,0,0,0,0
2024-03-26 02:10:00,0,0,0,0
2024-03-26 02:20:00,0,0,0,0
2024-03-26 02:30:00,0,0,0,0
2024-03-26 02:40:00,0,0,0,0
2024-03-26 02:50:00,0,0,0,0
2024-03-26 03:00:00,0,0,0,0
2024-03-26 03:10:00,0,0,0,0
2024-03-26 03:20:00,0,0,0,0
2024-03-26 03:30:00,0,0,0,0
2024-03-26 03:40:00,0,0,0,0
2024-03-26 03:50:00,0,0,0,0
2024-03-26 04:00:00,0,0,0,0
2024-03-26 04:10:00,0,0,0,0
2024-03-26 04:20:00,0,0,0,0
2024-03-26 04:30:00,0,0,0,0
2024-03-26 04:40:00,0,0,0,0
2024-03-26 04:50:00,0,0,0,0
2024-03-26 05:00:00,0,0,0,0
2024-03-26 05:10:00,0,0,0,0
2024-03-26 05:20:00,0,0,0,0
2024-03-26 05:30:00,0,0,0,0
2024-03-26 05:40:00,0,0,0,0
2024-03-26 05:50:00,0,0,0,0
2024-03-26 06:00:00,0,0,0,0
2024-03-26 06:10:00,0,0,0,0
2024-03-26 06:20:00,0,0,0,0
2024-03-26 06:30:00,0,0,0,0
2024-03-26 06:40:00,0,0,0,0
2024-03-26 06:50:00,0,0,0,0
2024-03-26 07:00:00,0,0,0,0
2024-03-26 07:10:00,0,0,0,0
2024-03-26 07:20:00,0,0,0,0
2024-03-26 07:30:00,0,0,0,0
2024-03-26 07:40:00,0,0,0,0
2024-03-26 07:50:00,0,0,0,0
2024-03-26 08:00:00,0,0,0,0
2024-03-26 08:10:00,0,0,0,0
2024-03-26 08:20:00,0,0,0,0
2024-03-26 08:30:00,0,0,0,0
2024-03-26 08:40:00,0,0,0,0
2024-03-26 08:50:00,0,0,0,0
2024-03-26 09:00:00,0,0,0,0
2024-03-26 09:10:00,0,0,0,0
2024-03-26 09:20:00,0,0,0,0
2024-03-26 09:30:00,0,0,0,0
2024-03-26 09:40:00,0,0,0,0
2024-03-26 09:50:00,0,0,0,0
2024-03-26 10:00:00,0,0,0,0
2024-03-26 10:10:00,0,0,0,0
2024-03-26 10:20:00,0,0,0,0
2024-03-26 10:30:00,0,0,0,0
2024-03-26 10:40:00,0,0,0,0
2024-03-26 10:50:00,0,0,0,0
2024-03-26 11:00:00,0,0,0,0
2024-03-26 11:10:00,0,0,0,0
2024-03-26 11:20:00,0,0,0,0
2024-03-26 11:30:00,0,0,0,0
2024-03-26 11:40:00,0,0,0,0
2024-03-26 11:50:00,0,0,0,0
2024-03-26 12:00:00,0,0,0,0
2024-03-26 12:10:00,0,0,0,0
2024-03-26 12:20:00,0,0,0,0
2024-03-26 12:30:00,0,0,0,0
2024-03-26 12:40:00,0,0,0,0
2024-03-26 12:50:00,0,0,0,0
2024-03-26 13:00:00,0,0,0,0
2024-03-26 13:10:00,0,0,0,0
2024-03-26 13:20:00,0,0,0,0
2024-03-26 13:30:00,0,0,0,0
2024-03-26 13:40:00,0,0,0,0
2024-03-26 13:50:00,0,0,0,0
2024-03-26 14:00:00,0,0,0,0
2024-03-26 14:10:00,0,0,0,0
2024-03-26 14:20:00,0,0,0,0
2024-03-26 14:30:00,0,0,0,0
2024-03-26 14:40:00,0,0,0,0
2024-03-26 14:50:00,0,0,0,0
2024-03-26 15:00:00,0,0,0,0
2024-03-26 15:10:00,0,0,0,0
2024-03-26 15:20:00,0,0,0,0
2024-03-26 15:30:00,0,0,0,0
2024-03-26 15:40:00,0,0,0,0
2024-03-26 15:50:00,0,0,0,0
2024-03-26 16:00:00,0,0,0,0
2024-03-26 16:10:00,0,0,0,0
2024-03-26 16:20:00,0,0,0,0
2024-03-26 16:30:00,0,0,0,0
2024-03-26 16:40:00,0,0,0,0
2024-03-26 16:50:00,0,0,0,0
2024-03-26 17:00:00,0,0,0,0
2024-03-26 17:10:00,0,0,0,0
2024-03-26 17:20:00,0,0,0,0
2024-03-26 17:30:00,0,0,0,0
2024-03-26 17:40:00,0,0,0,0
2024-03-26 17:50:00,0,0,0,0
2024-03-26 18:00:00,0,0,0,0
2024-03-26 18:10:00,0,0,0,0
2024-03-26 18:20:00,0,0,0,0
2024-03-26 18:30:00,0,0,0,0
2024-03-26 18:40:00,0,0,0,0
2024-03-26 18:50:00,0,0,0,0
2024-03-26 19:00:00,0,0,0,0
2024-03-26 19:10:00,0,0,0,0
2024-03-26 19:20:00,0,0,0,0
2024-03-26 19:30:00,0,0,0,0
2024-03-26 19:40:00,0,0,0,0
2024-03-26 19:50:00,0,0,0,0
2024-03-26 20:00:00,0,0,0,0
2024-03-26 20:10:00,0,0,0,0
2024-03-26 20:20:00,0,0,0,0
2024-03-26 20:30:00,0,0,0,0
2024-03-26 20:40:00,0,0,0,0
2024-03-26 20:50:00,0,0,0,0
2024-03-26 21:00:00,0,0,0,0
2024-03-26 21:10:00,0,0,0,0
2024-03-26 21:20:00,0,0,0,0
2024-03-26 21:30:00,0,0,0,0
2024-03-26 21:40:00,0,0,0,0
2024-03-26 21:50:00,0,0,0,0
2024-03-26 22:00:00,0,0,0,0
2024-03-26 22:10:00,0,0,0,0
2024-03-26 22:20:00,0,0,0,0
2024-03-26 22:30:00,0,0,0,0
2024-03-26 22:40:00,0,0,0,0
2024-03-26 22:50:00,0,0,0,0
2024-03-26 23:00:00,0,0,0,0
2024-03-26 23:10:00,0,0,0,0
2024-03-26 23:20:00,0,0,0,0
2024-03-26 23:30:00,0,0,0,0
2024-03-26 23:40:00,0,0,0,0
2024-03-26 23:50:00,0,0,0,0
2024-03-27 00:00:00,0,0,0,0
2024-03-27 00:10:00,0,0,0,0
2024-03-27 00:20:00,0,0,0,0
2024-03-27 00:30:00,0,0,0,0
2024-03-27 00:40:00,0,0,0,0
2024-03-27 00:50:00,0,0,0,0
2024-03-27 01:00:00,0,0,0,0
2024-03-27 01:10:00,0,0,0,0
2024-03-27 01:20:00,0,0,0,0
2024-03-27 01:30:00,0,0,0,0
2024-03-27 01:40:00,0,0,0,0
2024-03-27 01:50:00,0,0,0,0
2024-03-27 02:00:00,0,0,0,0
2024-03-27 02:10:00,0,0,0,0
2024-03-27 02:20:00,0,0,0,0
2024-03-27 02:30:00,0,0,0,0
2024-03-27 02:40:00,0,0,0,0
2024-03-27 02:50:00,0,0,0,0
2024-03-27 03:00:00,0,0,0,0
2024-03-27 03:10:00,0,0,0,0
2024-03-27 03:20:00,0,0,0,0
2024-03-27 03:30:00,0,0,0,0
2024-03-27 03:40:00,0,0,0,0
2024-03-27 03:50:00,0,0,0,0
2024-03-27 04:00:00,0,0,0,0
2024-03-27 04:10:00,0,0,0,0
2024-03-27 04:20:00,0,0,0,0
2024-03-27 04:30:00,0,0,0,0
2024-03-27 04:40:00,0,0,0,0
2024-03-27 04:50:00,0,0,0,0
2024-03-27 05:00:00,0,0,0,0
2024-03-27 05:10:00,0,0,0,0
2024-03-27 05:20:00,0,0,0,0
2024-03-27 05:30:00,0,0,0,0
2024-03-27 05:40:00,0,0,0,0
2024-03-27 05:50:00,0,0,0,0
2024-03-27 06:00:00,0,0,0,0
2024-03-27 06:10:00,0,0,0,0
2024-03-27 06:20:00,0,0,0,0
2024-03-27 06:30:00,0,0,0,0
2024-03-27 06:40:00,0,0,0,0
2024-03-27 06:50:00,0,0,0,0
2024-03-27 07:00:00,0,0,0,0
2024-03-27 07:10:00,0,0,0,0
2024-03-27 07:20:00,17,5,43,65
2024-03-27 07:30:00,30,10,82,122
2024-03-27 07:40:00,21,9,69,99
2024-03-27 07:50:00,35,14,83,132
2024-03-27 08:00:00,22,7,58,87
2024-03-27 08:10:00,22,1,44,67
2024-03-27 08:20:00,22,3,60,85
2024-03-27 08:30:00,30,3,53,86
2024-03-27 08:40:00,21,7,68,96
2024-03-27 08:50:00,27,4,55,86
2024-03-27 09:00:00,21,23,65,109
2024-03-27 09:10:00,25,19,63,107
2024-03-27 09:20:00,28,3,59,90
2024-03-27 09:30:00,33,5,72,110
2024-03-27 09:40:00,29,4,61,94
2024-03-27 09:50:00,32,7,79,118
2024-03-27 10:00:00,22,6,65,93
2024-03-27 10:10:00,27,5,96,128
2024-03-27 10:20:00,20,10,77,107
2024-03-27 10:30:00,35,6,72,113
2024-03-27 10:40:00,28,4,73,105
2024-03-27 10:50:00,36,4,70,110
2024-03-27 11:00:00,35,8,65,108
2024-03-27 11:10:00,38,6,65,109
2024-03-27 11:20:00,31,8,87,126
2024-03-27 11:30:00,37,4,62,103
2024-03-27 11:40:00,37,9,65,111
2024-03-27 11:50:00,52,7,66,125
2024-03-27 12:00:00,34,10,70,114
2024-03-27 12:10:00,37,8,91,136
2024-03-27 12:20:00,37,4,89,130
2024-03-27 12:30:00,43,2,73,118
2024-03-27 12:40:00,38,9,84,131
2024-03-27 12:50:00,28,12,80,120
2024-03-27 13:00:00,32,6,52,90
2024-03-27 13:10:00,29,3,65,97
2024-03-27 13:20:00,54,3,68,125
2024-03-27 13:30:00,37,9,80,126
2024-03-27 13:40:00,29,4,55,88
2024-03-27 13:50:00,42,7,92,141
2024-03-27 14:00:00,41,5,54,100
2024-03-27 14:10:00,30,9,79,118
2024-03-27 14:20:00,45,7,79,131
2024-03-27 14:30:00,52,2,77,131
2024-03-27 14:40:00,41,7,75,123
2024-03-27 14:50:00,49,13,92,154
2024-03-27 15:00:00,27,18,84,129
2024-03-27 15:10:00,45,16,85,146
2024-03-27 15:20:00,37,12,95,144
2024-03-27 15:30:00,33,7,87,127
2024-03-27 15:40:00,46,8,91,145
2024-03-27 15:50:00,55,8,108,171
2024-03-27 16:00:00,51,6,82,139
2024-03-27 16:10:00,52,8,90,150
2024-03-27 16:20:00,46,9,93,148
2024-03-27 16:30:00,46,7,96,149
2024-03-27 16:40:00,52,8,88,148
2024-03-27 16:50:00,45,8,97,150
2024-03-27 17:00:00,52,7,87,146
2024-03-27 17:10:00,44,11,85,140
2024-03-27 17:20:00,42,14,82,138
2024-03-27 17:30:00,28,18,80,126
2024-03-27 17:40:00,45,9,76,130
2024-03-27 17:50:00,40,5,96,141
2024-03-27 18:00:00,56,5,95,156
2024-03-27 18:10:00,46,11,84,141
2024-03-27 18:20:00,30,7,80,117
2024-03-27 18:30:00,40,10,88,138
2024-03-27 18:40:00,37,5,68,110
2024-03-27 18:50:00,33,6,51,90
2024-03-27 19:00:00,31,4,57,92
2024-03-27 19:10:00,19,0,52,71
2024-03-27 19:20:00,27,5,46,78
2024-03-27 19:30:00,24,8,49,81
2024-03-27 19:40:00,20,7,43,70
2024-03-27 19:50:00,17,2,50,69
2024-03-27 20:00:00,20,2,25,47
2024-03-27 20:10:00,23,2,46,71
2024-03-27 20:20:00,20,1,18,39
2024-03-27 20:30:00,14,4,32,50
2024-03-27 20:40:00,17,1,29,47
2024-03-27 20:50:00,11,4,30,45
2024-03-27 21:00:00,16,0,27,43
2024-03-27 21:10:00,14,0,26,40
2024-03-27 21:20:00,28,2,20,50
2024-03-27 21:30:00,7,4,24,35
2024-03-27 21:40:00,11,2,16,29
2024-03-27 21:50:00,9,0,21,30
2024-03-27 22:00:00,11,3,38,52
2024-03-27 22:10:00,11,3,27,41
2024-03-27 22:20:00,10,2,21,33
2024-03-27 22:30:00,13,3,16,32
2024-03-27 22:40:00,7,1,9,17
2024-03-27 22:50:00,11,3,20,34
2024-03-27 23:00:00,4,1,20,25
2024-03-27 23:10:00,5,1,13,19
2024-03-27 23:20:00,10,0,13,23
2024-03-27 23:30:00,10,0,8,18
2024-03-27 23:40:00,4,1,7,12
2024-03-27 23:50:00,3,0,6,9
2024-03-28 00:00:00,2,2,6,10
2024-03-28 00:10:00,3,0,6,9
2024-03-28 00:20:00,3,3,8,14
2024-03-28 00:30:00,3,2,4,9
2024-03-28 00:40:00,0,1,3,4
2024-03-28 00:50:00,1,0,2,3
2024-03-28 01:00:00,0,0,2,2
2024-03-28 01:10:00,1,0,5,6
2024-03-28 01:20:00,1,0,2,3
2024-03-28 01:30:00,2,0,4,6
2024-03-28 01:40:00,1,1,4,6
2024-03-28 01:50:00,0,0,0,0
2024-03-28 02:00:00,0,3,4,7
2024-03-28 02:10:00,5,0,2,7
2024-03-28 02:20:00,2,1,4,7
2024-03-28 02:30:00,1,0,2,3
2024-03-28 02:40:00,3,0,4,7
2024-03-28 02:50:00,2,0,1,3
2024-03-28 03:00:00,3,0,3,6
2024-03-28 03:10:00,2,0,3,5
2024-03-28 03:20:00,0,0,1,1
2024-03-28 03:30:00,1,0,4,5
2024-03-28 03:40:00,0,1,5,6
2024-03-28 03:50:00,0,2,3,5
2024-03-28 04:00:00,1,0,1,2
2024-03-28 04:10:00,1,1,3,5
2024-03-28 04:20:00,0,0,3,3
2024-03-28 04:30:00,1,1,8,10
2024-03-28 04:40:00,3,2,6,11
2024-03-28 04:50:00,2,0,2,4
2024-03-28 05:00:00,1,0,8,9
2024-03-28 05:10:00,6,2,5,13
2024-03-28 05:20:00,4,1,12,17
2024-03-28 05:30:00,2,0,8,10
2024-03-28 05:40:00,9,3,22,34
2024-03-28 05:50:00,4,1,20,25
2024-03-28 06:00:00,5,1,17,23
2024-03-28 06:10:00,3,5,26,34
2024-03-28 06:20:00,8,8,32,48
2024-03-28 06:30:00,11,4,32,47
2024-03-28 06:40:00,9,6,35,50
2024-03-28 06:50:00,15,6,35,56
2024-03-28 07:00:00,14,8,53,75
2024-03-28 07:10:00,14,2,47,63
2024-03-28 07:20:00,29,6,54,89
2024-03-28 07:30:00,20,3,63,86
2024-03-28 07:40:00,26,8,67,101
2024-03-28 07:50:00,24,8,63,95
2024-03-28 08:00:00,24,6,60,90
2024-03-28 08:10:00,20,4,54,78
2024-03-28 08:20:00,23,19,49,91
2024-03-28 08:30:00,22,34,66,122
2024-03-28 08:40:00,24,30,62,116
2024-03-28 08:50:00,17,2,68,87
2024-03-28 09:00:00,30,3,50,83
2024-03-28 09:10:00,31,6,58,95
2024-03-28 09:20:00,35,3,52,90
2024-03-28 09:30:00,28,4,80,112
2024-03-28 09:40:00,29,5,72,106
2024-03-28 09:50:00,20,8,71,99
2024-03-28 10:00:00,24,5,72,101
2024-03-28 10:10:00,33,4,74,111
2024-03-28 10:20:00,29,1,72,102
2024-03-28 10:30:00,28,12,82,122
2024-03-28 10:40:00,26,4,73,103
2024-03-28 10:50:00,31,6,91,128
2024-03-28 11:00:00,46,8,71,125
2024-03-28 11:10:00,30,7,75,112
2024-03-28 11:20:00,29,2,74,105
2024-03-28 11:30:00,30,5,79,114
2024-03-28 11:40:00,41,7,85,133
2024-03-28 11:50:00,37,6,76,119
2024-03-28 12:00:00,33,7,88,128
2024-03-28 12:10:00,44,10,79,133
2024-03-28 12:20:00,36,4,95,135
2024-03-28 12:30:00,45,8,86,139
2024-03-28 12:40:00,53,9,81,143
2024-03-28 12:50:00,42,8,65,115
2024-03-28 13:00:00,34,8,66,108
2024-03-28 13:10:00,41,4,65,110
2024-03-28 13:20:00,43,7,88,138
2024-03-28 13:30:00,29,4,90,123
2024-03-28 13:40:00,55,7,84,146
2024-03-28 13:50:00,41,5,93,139
2024-03-28 14:00:00,37,3,74,114
2024-03-28 14:10:00,46,4,100,150
2024-03-28 14:20:00,48,13,78,139
2024-03-28 14:30:00,54,17,79,150
2024-03-28 14:40:00,51,16,90,157
2024-03-28 14:50:00,51,8,93,152
2024-03-28 15:00:00,43,5,77,125
2024-03-28 15:10:00,40,20,95,155
2024-03-28 15:20:00,51,15,105,171
2024-03-28 15:30:00,40,10,88,138
2024-03-28 15:40:00,44,15,92,151
2024-03-28 15:50:00,43,10,82,135
2024-03-28 16:00:00,67,9,88,164
2024-03-28 16:10:00,42,12,92,146
2024-03-28 16:20:00,45,11,80,136
2024-03-28 16:30:00,39,17,96,152
2024-03-28 16:40:00,56,5,91,152
2024-03-28 16:50:00,40,8,90,138
2024-03-28 17:00:00,40,7,97,144
2024-03-28 17:10:00,48,6,83,137
2024-03-28 17:20:00,56,2,84,142
2024-03-28 17:30:00,39,6,103,148
2024-03-28 17:40:00,42,8,83,133
2024-03-28 17:50:00,42,3,73,118
2024-03-28 18:00:00,39,2,66,107
2024-03-28 18:10:00,46,9,84,139
2024-03-28 18:20:00,48,4,67,119
2024-03-28 18:30:00,41,7,75,123
2024-03-28 18:40:00,34,11,77,122
2024-03-28 18:50:00,40,4,57,101
2024-03-28 19:00:00,30,3,68,101
2024-03-28 19:10:00,24,6,73,103
2024-03-28 19:20:00,26,3,50,79
2024-03-28 19:30:00,21,3,45,69
2024-03-28 19:40:00,24,1,45,70
2024-03-28 19:50:00,16,5,50,71
2024-03-28 20:00:00,19,2,55,76
2024-03-28 20:10:00,24,0,47,71
2024-03-28 20:20:00,23,0,43,66
2024-03-28 20:30:00,20,2,27,49
2024-03-28 20:40:00,22,2,37,61
2024-03-28 20:50:00,11,3,28,42
2024-03-28 21:00:00,29,3,29,61
2024-03-28 21:10:00,36,2,29,67
2024-03-28 21:20:00,19,2,29,50
2024-03-28 21:30:00,18,6,36,60
2024-03-28 21:40:00,16,3,18,37
2024-03-28 21:50:00,12,4,29,45
2024-03-28 22:00:00,27,6,42,75
2024-03-28 22:10:00,9,5,37,51
2024-03-28 22:20:00,8,5,32,45
2024-03-28 22:30:00,13,2,23,38
2024-03-28 22:40:00,14,2,26,42
2024-03-28 22:50:00,18,2,23,43
2024-03-28 23:00:00,10,0,25,35
2024-03-28 23:10:00,6,5,16,27
2024-03-28 23:20:00,7,3,24,34
2024-03-28 23:30:00,4,3,21,28
2024-03-28 23:40:00,14,1,12,27
2024-03-28 23:50:00,7,2,20,29
2024-03-29 00:00:00,6,3,12,21
2024-03-29 00:10:00,10,2,16,28
2024-03-29 00:20:00,3,1,9,13
2024-03-29 00:30:00,6,2,12,20
2024-03-29 00:40:00,4,1,9,14
2024-03-29 00:50:00,3,2,9,14
2024-03-29 01:00:00,4,4,21,29
2024-03-29 01:10:00,4,2,15,21
2024-03-29 01:20:00,4,2,10,16
2024-03-29 01:30:00,6,2,4,12
2024-03-29 01:40:00,4,0,8,12
2024-03-29 01:50:00,1,2,9,12
2024-03-29 02:00:00,3,0,3,6
2024-03-29 02:10:00,4,1,6,11
2024-03-29 02:20:00,2,0,2,4
2024-03-29 02:30:00,5,2,5,12
2024-03-29 02:40:00,3,2,7,12
2024-03-29 02:50:00,4,2,8,14
2024-03-29 03:00:00,3,0,8,11
2024-03-29 03:10:00,2,0,6,8
2024-03-29 03:20:00,3,0,4,7
2024-03-29 03:30:00,2,2,5,9
2024-03-29 03:40:00,0,0,9,9
2024-03-29 03:50:00,0,0,4,4
2024-03-29 04:00:00,2,2,3,7
2024-03-29 04:10:00,2,0,2,4
2024-03-29 04:20:00,1,0,1,2
2024-03-29 04:30:00,2,1,5,8
2024-03-29 04:40:00,1,1,5,7
2024-03-29 04:50:00,3,0,1,4
2024-03-29 05:00:00,2,1,3,6
2024-03-29 05:10:00,2,3,7,12
2024-03-29 05:20:00,4,1,9,14
2024-03-29 05:30:00,5,2,7,14
2024-03-29 05:40:00,5,0,7,12
2024-03-29 05:50:00,4,3,10,17
2024-03-29 06:00:00,2,0,5,7
2024-03-29 06:10:00,4,0,5,9
2024-03-29 06:20:00,5,1,6,12
2024-03-29 06:30:00,2,2,11,15
2024-03-29 06:40:00,4,2,5,11
2024-03-29 06:50:00,3,1,6,10
2024-03-29 07:00:00,0,3,5,8
2024-03-29 07:10:00,6,2,6,14
2024-03-29 07:20:00,3,0,6,9
2024-03-29 07:30:00,0,0,3,3
2024-03-29 07:40:00,3,4,11,18
2024-03-29 07:50:00,1,5,9,15
2024-03-29 08:00:00,3,2,8,13
2024-03-29 08:10:00,3,5,11,19
2024-03-29 08:20:00,1,1,10,12
2024-03-29 08:30:00,1,4,10,15
2024-03-29 08:40:00,4,2,9,15
2024-03-29 08:50:00,5,3,14,22
2024-03-29 09:00:00,8,2,11,21
2024-03-29 09:10:00,3,2,12,17
2024-03-29 09:20:00,8,0,10,18
2024-03-29 09:30:00,9,1,26,36
2024-03-29 09:40:00,8,2,31,41
2024-03-29 09:50:00,13,4,29,46
2024-03-29 10:00:00,9,1,19,29
2024-03-29 10:10:00,6,2,26,34
2024-03-29 10:20:00,8,2,32,42
2024-03-29 10:30:00,9,2,23,34
2024-03-29 10:40:00,13,4,41,58
2024-03-29 10:50:00,16,4,28,48
2024-03-29 11:00:00,12,2,25,39
2024-03-29 11:10:00,15,4,31,50
2024-03-29 11:20:00,16,3,34,53
2024-03-29 11:30:00,15,5,31,51
2024-03-29 11:40:00,15,5,42,62
2024-03-29 11:50:00,22,5,36,63
2024-03-29 12:00:00,13,0,37,50
2024-03-29 12:10:00,10,6,37,53
2024-03-29 12:20:00,14,2,36,52
2024-03-29 12:30:00,11,3,33,47
2024-03-29 12:40:00,18,5,30,53
2024-03-29 12:50:00,18,4,40,62
2024-03-29 13:00:00,11,1,27,39
2024-03-29 13:10:00,17,4,37,58
2024-03-29 13:20:00,16,2,31,49
2024-03-29 13:30:00,17,5,32,54
2024-03-29 13:40:00,19,5,33,57
2024-03-29 13:50:00,14,7,46,67
2024-03-29 14:00:00,20,6,45,71
2024-03-29 14:10:00,21,8,59,88
2024-03-29 14:20:00,24,3,53,80
2024-03-29 14:30:00,14,5,47,66
2024-03-29 14:40:00,16,4,34,54
2024-03-29 14:50:00,17,4,48,69
2024-03-29 15:00:00,19,4,38,61
2024-03-29 15:10:00,18,5,32,55
2024-03-29 15:20:00,13,3,31,47
2024-03-29 15:30:00,17,3,38,58
2024-03-29 15:40:00,18,5,29,52
2024-03-29 15:50:00,11,6,36,53
2024-03-29 16:00:00,15,4,45,64
2024-03-29 16:10:00,17,6,60,83
2024-03-29 16:20:00,18,8,51,77
2024-03-29 16:30:00,14,4,47,65
2024-03-29 16:40:00,12,2,44,58
2024-03-29 16:50:00,23,2,33,58
2024-03-29 17:00:00,21,7,37,65
2024-03-29 17:10:00,21,5,57,83
2024-03-29 17:20:00,17,4,47,68
2024-03-29 17:30:00,13,1,39,53
2024-03-29 17:40:00,18,1,40,59
2024-03-29 17:50:00,25,2,42,69
2024-03-29 18:00:00,20,2,44,66
2024-03-29 18:10:00,14,2,40,56
2024-03-29 18:20:00,27,3,40,70
2024-03-29 18:30:00,21,9,54,84
2024-03-29 18:40:00,16,1,37,54
2024-03-29 18:50:00,15,4,40,59
2024-03-29 19:00:00,22,4,40,66
2024-03-29 19:10:00,27,0,31,58
2024-03-29 19:20:00,20,4,35,59
2024-03-29 19:30:00,15,2,33,50
2024-03-29 19:40:00,6,0,34,40
2024-03-29 19:50:00,17,1,37,55
2024-03-29 20:00:00,12,2,31,45
2024-03-29 20:10:00,15,1,43,59
2024-03-29 20:20:00,14,0,34,48
2024-03-29 20:30:00,14,11,36,61
2024-03-29 20:40:00,9,4,23,36
2024-03-29 20:50:00,19,1,25,45
2024-03-29 21:00:00,9,3,33,45
2024-03-29 21:10:00,24,2,30,56
2024-03-29 21:20:00,7,1,22,30
2024-03-29 21:30:00,13,1,26,40
2024-03-29 21:40:00,9,5,24,38
2024-03-29 21:50:00,26,3,28,57
2024-03-29 22:00:00,20,4,29,53
2024-03-29 22:10:00,15,0,23,38
2024-03-29 22:20:00,22,1,28,51
2024-03-29 22:30:00,13,2,25,40
2024-03-29 22:40:00,7,0,13,20
2024-03-29 22:50:00,9,2,24,35
2024-03-29 23:00:00,8,3,22,33
2024-03-29 23:10:00,9,3,19,31
2024-03-29 23:20:00,7,2,14,23
2024-03-29 23:30:00,6,2,16,24
2024-03-29 23:40:00,3,3,14,20
2024-03-29 23:50:00,2,0,20,22
2024-03-30 00:00:00,9,1,16,26
2024-03-30 00:10:00,2,1,7,10
2024-03-30 00:20:00,2,0,17,19
2024-03-30 00:30:00,2,0,9,11
2024-03-30 00:40:00,3,2,8,13
2024-03-30 00:50:00,0,2,9,11
2024-03-30 01:00:00,2,1,15,18
2024-03-30 01:10:00,3,0,11,14
2024-03-30 01:20:00,3,2,4,9
2024-03-30 01:30:00,3,2,9,14
2024-03-30 01:40:00,1,1,6,8
2024-03-30 01:50:00,6,1,6,13
2024-03-30 02:00:00,0,1,7,8
2024-03-30 02:10:00,3,1,5,9
2024-03-30 02:20:00,3,0,4,7
2024-03-30 02:30:00,2,1,2,5
2024-03-30 02:40:00,1,1,4,6
2024-03-30 02:50:00,1,2,8,11
2024-03-30 03:00:00,1,1,2,4
2024-03-30 03:10:00,3,1,4,8
2024-03-30 03:20:00,2,1,4,7
2024-03-30 03:30:00,1,1,4,6
2024-03-30 03:40:00,2,0,4,6
2024-03-30 03:50:00,0,2,6,8
2024-03-30 04:00:00,0,1,2,3
2024-03-30 04:10:00,1,0,5,6
2024-03-30 04:20:00,0,1,5,6
2024-03-30 04:30:00,1,1,2,4
2024-03-30 04:40:00,4,0,2,6
2024-03-30 04:50:00,2,0,3,5
2024-03-30 05:00:00,1,0,8,9
2024-03-30 05:10:00,3,0,4,7
2024-03-30 05:20:00,5,1,10,16
2024-03-30 05:30:00,1,2,9,12
2024-03-30 05:40:00,5,3,10,18
2024-03-30 05:50:00,4,3,10,17
2024-03-30 06:00:00,1,2,12,15
2024-03-30 06:10:00,2,4,12,18
2024-03-30 06:20:00,4,1,9,14
2024-03-30 06:30:00,0,0,16,16
2024-03-30 06:40:00,5,1,10,16
2024-03-30 06:50:00,4,2,11,17
2024-03-30 07:00:00,4,0,9,13
2024-03-30 07:10:00,5,0,7,12
2024-03-30 07:20:00,5,4,16,25
2024-03-30 07:30:00,3,2,12,17
2024-03-30 07:40:00,4,2,14,20
2024-03-30 07:50:00,4,3,10,17
2024-03-30 08:00:00,5,3,14,22
2024-03-30 08:10:00,8,4,19,31
2024-03-30 08:20:00,9,5,17,31
2024-03-30 08:30:00,5,5,25,35
2024-03-30 08:40:00,7,5,28,40
2024-03-30 08:50:00,7,5,33,45
2024-03-30 09:00:00,10,7,20,37
2024-03-30 09:10:00,8,6,32,46
2024-03-30 09:20:00,11,4,38,53
2024-03-30 09:30:00,16,3,43,62
2024-03-30 09:40:00,11,2,39,52
2024-03-30 09:50:00,18,6,45,69
2024-03-30 10:00:00,13,6,52,71
2024-03-30 10:10:00,20,3,58,81
2024-03-30 10:20:00,26,6,42,74
2024-03-30 10:30:00,14,5,52,71
2024-03-30 10:40:00,27,3,66,96
2024-03-30 10:50:00,23,7,62,92
2024-03-30 11:00:00,22,5,63,90
2024-03-30 11:10:00,23,3,42,68
2024-03-30 11:20:00,24,6,66,96
2024-03-30 11:30:00,33,4,72,109
2024-03-30 11:40:00,30,2,63,95
2024-03-30 11:50:00,24,5,63,92
2024-03-30 12:00:00,27,6,56,89
2024-03-30 12:10:00,40,6,64,110
2024-03-30 12:20:00,30,2,63,95
2024-03-30 12:30:00,39,2,62,103
2024-03-30 12:40:00,42,6,65,113
2024-03-30 12:50:00,33,6,72,111
2024-03-30 13:00:00,29,8,56,93
2024-03-30 13:10:00,25,4,83,112
2024-03-30 13:20:00,32,4,65,101
2024-03-30 13:30:00,37,2,64,103
2024-03-30 13:40:00,28,5,63,96
2024-03-30 13:50:00,25,0,66,91
2024-03-30 14:00:00,22,5,70,97
2024-03-30 14:10:00,37,2,64,103
2024-03-30 14:20:00,44,6,64,114
2024-03-30 14:30:00,24,2,65,91
2024-03-30 14:40:00,34,3,65,102
2024-03-30 14:50:00,47,2,64,113
2024-03-30 15:00:00,37,3,62,102
2024-03-30 15:10:00,32,5,55,92
2024-03-30 15:20:00,33,2,57,92
2024-03-30 15:30:00,39,4,53,96
2024-03-30 15:40:00,39,4,54,97
2024-03-30 15:50:00,32,3,64,99
2024-03-30 16:00:00,24,2,47,73
2024-03-30 16:10:00,31,4,54,89
2024-03-30 16:20:00,24,5,47,76
2024-03-30 16:30:00,29,5,55,89
2024-03-30 16:40:00,42,4,58,104
2024-03-30 16:50:00,21,8,64,93
2024-03-30 17:00:00,32,4,48,84
2024-03-30 17:10:00,30,6,67,103
2024-03-30 17:20:00,33,3,46,82
2024-03-30 17:30:00,35,1,42,78
2024-03-30 17:40:00,32,3,55,90
2024-03-30 17:50:00,39,3,60,102
2024-03-30 18:00:00,34,2,51,87
2024-03-30 18:10:00,29,5,61,95
2024-03-30 18:20:00,40,0,65,105
2024-03-30 18:30:00,33,7,70,110
2024-03-30 18:40:00,23,7,74,104
2024-03-30 18:50:00,26,6,59,91
2024-03-30 19:00:00,18,4,52,74
2024-03-30 19:10:00,13,5,50,68
2024-03-30 19:20:00,15,2,45,62
2024-03-30 19:30:00,16,7,43,66
2024-03-30 19:40:00,17,3,32,52
2024-03-30 19:50:00,15,2,44,61
2024-03-30 20:00:00,17,1,46,64
2024-03-30 20:10:00,16,0,40,56
2024-03-30 20:20:00,22,4,29,55
2024-03-30 20:30:00,10,2,34,46
2024-03-30 20:40:00,23,6,31,60
2024-03-30 20:50:00,16,1,23,40
2024-03-30 21:00:00,13,6,33,52
2024-03-30 21:10:00,8,6,34,48
2024-03-30 21:20:00,13,3,28,44
2024-03-30 21:30:00,15,1,29,45
2024-03-30 21:40:00,25,3,41,69
2024-03-30 21:50:00,19,2,34,55
2024-03-30 22:00:00,16,4,28,48
2024-03-30 22:10:00,13,1,29,43
2024-03-30 22:20:00,7,6,31,44
2024-03-30 22:30:00,27,2,17,46
2024-03-30 22:40:00,67,14,24,105
2024-03-30 22:50:00,28,2,35,65
2024-03-30 23:00:00,12,3,21,36
2024-03-30 23:10:00,12,3,18,33
2024-03-30 23:20:00,9,2,18,29
2024-03-30 23:30:00,12,1,14,27
2024-03-30 23:40:00,11,2,13,26
2024-03-30 23:50:00,11,3,15,29
2024-03-31 00:00:00,4,2,9,15
2024-03-31 00:10:00,6,1,12,19
2024-03-31 00:20:00,8,1,7,16
2024-03-31 00:30:00,6,2,17,25
2024-03-31 00:40:00,4,1,14,19
2024-03-31 00:50:00,5,2,14,21
2024-03-31 01:00:00,6,0,12,18
2024-03-31 01:10:00,10,1,11,22
2024-03-31 01:20:00,6,1,14,21
2024-03-31 01:30:00,6,0,6,12
2024-03-31 01:40:00,3,2,10,15
2024-03-31 01:50:00,5,1,8,14
2024-03-31 02:00:00,0,0,0,0
2024-03-31 02:10:00,0,0,0,0
2024-03-31 02:20:00,0,0,0,0
2024-03-31 02:30:00,0,0,0,0
2024-03-31 02:40:00,0,0,0,0
2024-03-31 02:50:00,0,0,0,0
2024-03-31 03:00:00,5,1,4,10
2024-03-31 03:10:00,7,2,9,18
2024-03-31 03:20:00,8,1,9,18
2024-03-31 03:30:00,4,1,9,14
2024-03-31 03:40:00,3,1,10,14
2024-03-31 03:50:00,2,1,8,11
2024-03-31 04:00:00,4,2,8,14
2024-03-31 04:10:00,5,1,2,8
2024-03-31 04:20:00,1,0,4,5
2024-03-31 04:30:00,2,0,0,2
2024-03-31 04:40:00,5,1,5,11
2024-03-31 04:50:00,5,2,3,10
2024-03-31 05:00:00,10,0,4,14
2024-03-31 05:10:00,2,3,7,12
2024-03-31 05:20:00,0,0,4,4
2024-03-31 05:30:00,5,0,6,11
2024-03-31 05:40:00,3,1,10,14
2024-03-31 05:50:00,3,3,4,10
2024-03-31 06:00:00,5,1,1,7
2024-03-31 06:10:00,3,1,7,11
2024-03-31 06:20:00,0,1,10,11
2024-03-31 06:30:00,1,2,5,8
2024-03-31 06:40:00,1,0,9,10
2024-03-31 06:50:00,2,0,5,7
2024-03-31 07:00:00,0,1,2,3
2024-03-31 07:10:00,1,0,2,3
2024-03-31 07:20:00,2,1,7,10
2024-03-31 07:30:00,1,1,9,11
2024-03-31 07:40:00,1,0,10,11
2024-03-31 07:50:00,4,2,7,13
2024-03-31 08:00:00,0,0,4,4
2024-03-31 08:10:00,3,2,10,15
2024-03-31 08:20:00,7,0,14,21
2024-03-31 08:30:00,6,2,8,16
2024-03-31 08:40:00,5,1,6,12
2024-03-31 08:50:00,6,1,9,16
2024-03-31 09:00:00,2,4,17,23
2024-03-31 09:10:00,5,0,19,24
2024-03-31 09:20:00,2,2,12,16
2024-03-31 09:30:00,9,4,23,36
2024-03-31 09:40:00,9,1,33,43
2024-03-31 09:50:00,8,3,26,37
2024-03-31 10:00:00,9,2,28,39
2024-03-31 10:10:00,7,1,17,25
2024-03-31 10:20:00,3,3,25,31
2024-03-31 10:30:00,9,1,22,32
2024-03-31 10:40:00,12,1,33,46
2024-03-31 10:50:00,15,2,36,53
2024-03-31 11:00:00,10,3,30,43
2024-03-31 11:10:00,7,0,34,41
2024-03-31 11:20:00,16,6,36,58
2024-03-31 11:30:00,19,1,33,53
2024-03-31 11:40:00,22,1,24,47
2024-03-31 11:50:00,14,4,46,64
2024-03-31 12:00:00,22,1,38,61
2024-03-31 12:10:00,17,3,33,53
2024-03-31 12:20:00,8,3,44,55
2024-03-31 12:30:00,20,4,56,80
2024-03-31 12:40:00,18,3,42,63
2024-03-31 12:50:00,16,5,38,59
2024-03-31 13:00:00,13,0,44,57
2024-03-31 13:10:00,20,4,55,79
2024-03-31 13:20:00,16,3,37,56
2024-03-31 13:30:00,14,4,37,55
2024-03-31 13:40:00,17,5,46,68
2024-03-31 13:50:00,11,2,43,56
2024-03-31 14:00:00,14,4,38,56
2024-03-31 14:10:00,23,5,51,79
2024-03-31 14:20:00,10,1,45,56
2024-03-31 14:30:00,21,5,32,58
2024-03-31 14:40:00,27,4,52,83
2024-03-31 14:50:00,26,3,42,71
2024-03-31 15:00:00,23,2,43,68
2024-03-31 15:10:00,15,2,42,59
2024-03-31 15:20:00,17,4,42,63
2024-03-31 15:30:00,15,2,31,48
2024-03-31 15:40:00,22,0,40,62
2024-03-31 15:50:00,24,1,42,67
2024-03-31 16:00:00,19,1,30,50
2024-03-31 16:10:00,15,2,33,50
2024-03-31 16:20:00,15,3,51,69
2024-03-31 16:30:00,14,2,42,58
2024-03-31 16:40:00,26,2,42,70
2024-03-31 16:50:00,19,4,47,70
2024-03-31 17:00:00,13,4,58,75
2024-03-31 17:10:00,19,5,53,77
2024-03-31 17:20:00,20,7,61,88
2024-03-31 17:30:00,17,8,58,83
2024-03-31 17:40:00,19,4,48,71
2024-03-31 17:50:00,17,3,44,64
2024-03-31 18:00:00,18,3,43,64
2024-03-31 18:10:00,22,5,60,87
2024-03-31 18:20:00,16,0,48,64
2024-03-31 18:30:00,14,2,38,54
2024-03-31 18:40:00,15,4,36,55
2024-03-31 18:50:00,17,2,31,50
2024-03-31 19:00:00,16,3,48,67
2024-03-31 19:10:00,22,4,34,60
2024-03-31 19:20:00,16,1,49,66
2024-03-31 19:30:00,17,1,42,60
2024-03-31 19:40:00,20,0,34,54
2024-03-31 19:50:00,25,3,38,66
2024-03-31 20:00:00,12,1,46,59
2024-03-31 20:10:00,13,2,26,41
2024-03-31 20:20:00,22,1,32,55
2024-03-31 20:30:00,12,4,28,44
2024-03-31 20:40:00,16,1,19,36
2024-03-31 20:50:00,15,1,32,48
2024-03-31 21:00:00,12,2,25,39
2024-03-31 21:10:00,17,3,40,60
2024-03-31 21:20:00,42,15,32,89
2024-03-31 21:30:00,57,52,33,142
2024-03-31 21:40:00,21,1,36,58
2024-03-31 21:50:00,12,1,20,33
2024-03-31 22:00:00,11,1,17,29
2024-03-31 22:10:00,9,3,22,34
2024-03-31 22:20:00,11,3,24,38
2024-03-31 22:30:00,10,2,16,28
2024-03-31 22:40:00,10,2,26,38
2024-03-31 22:50:00,7,5,28,40
2024-03-31 23:00:00,9,4,28,41
2024-03-31 23:10:00,11,2,20,33
2024-03-31 23:20:00,12,1,13,26
2024-03-31 23:30:00,3,1,18,22
2024-03-31 23:40:00,6,0,9,15
2024-03-31 23:50:00,6,0,15,21
2024-04-01 00:00:00,12,1,10,23
2024-04-01 00:10:00,3,2,17,22
2024-04-01 00:20:00,9,1,12,22
2024-04-01 00:30:00,6,4,14,24
2024-04-01 00:40:00,3,1,13,17
2024-04-01 00:50:00,4,0,8,12
2024-04-01 01:00:00,3,1,7,11
2024-04-01 01:10:00,8,0,11,19
2024-04-01 01:20:00,5,1,7,13
2024-04-01 01:30:00,0,0,9,9
2024-04-01 01:40:00,3,0,4,7
2024-04-01 01:50:00,4,4,10,18
2024-04-01 02:00:00,7,5,9,21
2024-04-01 02:10:00,1,0,5,6
2024-04-01 02:20:00,2,3,11,16
2024-04-01 02:30:00,3,2,5,10
2024-04-01 02:40:00,2,1,9,12
2024-04-01 02:50:00,1,0,8,9
2024-04-01 03:00:00,4,2,4,10
2024-04-01 03:10:00,3,2,8,13
2024-04-01 03:20:00,2,0,3,5
2024-04-01 03:30:00,2,0,4,6
2024-04-01 03:40:00,1,2,3,6
2024-04-01 03:50:00,2,1,3,6
2024-04-01 04:00:00,2,1,7,10
2024-04-01 04:10:00,2,2,4,8
2024-04-01 04:20:00,1,0,4,5
2024-04-01 04:30:00,1,1,1,3
2024-04-01 04:40:00,2,1,1,4
2024-04-01 04:50:00,1,1,3,5
2024-04-01 05:00:00,0,0,2,2
2024-04-01 05:10:00,3,3,5,11
2024-04-01 05:20:00,6,3,1,10
2024-04-01 05:30:00,3,2,16,21
2024-04-01 05:40:00,2,1,9,12
2024-04-01 05:50:00,1,2,5,8
2024-04-01 06:00:00,0,1,3,4
2024-04-01 06:10:00,4,3,5,12
2024-04-01 06:20:00,3,2,8,13
2024-04-01 06:30:00,5,4,13,22
2024-04-01 06:40:00,4,1,4,9
2024-04-01 06:50:00,4,3,10,17
2024-04-01 07:00:00,3,1,4,8
2024-04-01 07:10:00,2,2,5,9
2024-04-01 07:20:00,2,1,1,4
2024-04-01 07:30:00,3,2,5,10
2024-04-01 07:40:00,1,0,8,9
2024-04-01 07:50:00,1,3,5,9
2024-04-01 08:00:00,1,1,5,7
2024-04-01 08:10:00,1,0,2,3
2024-04-01 08:20:00,4,0,5,9
2024-04-01 08:30:00,3,1,8,12
2024-04-01 08:40:00,5,2,7,14
2024-04-01 08:50:00,4,0,6,10
2024-04-01 09:00:00,1,3,12,16
2024-04-01 09:10:00,4,0,9,13
2024-04-01 09:20:00,4,1,12,17
2024-04-01 09:30:00,6,3,15,24
2024-04-01 09:40:00,9,2,23,34
2024-04-01 09:50:00,4,4,23,31
2024-04-01 10:00:00,11,5,21,37
2024-04-01 10:10:00,6,3,24,33
2024-04-01 10:20:00,10,1,25,36
2024-04-01 10:30:00,7,1,14,22
2024-04-01 10:40:00,11,4,23,38
2024-04-01 10:50:00,11,4,36,51
2024-04-01 11:00:00,6,3,18,27
2024-04-01 11:10:00,12,5,26,43
2024-04-01 11:20:00,7,2,31,40
2024-04-01 11:30:00,10,5,34,49
2024-04-01 11:40:00,13,4,31,48
2024-04-01 11:50:00,10,3,36,49
2024-04-01 12:00:00,18,4,31,53
2024-04-01 12:10:00,20,7,35,62
2024-04-01 12:20:00,15,4,36,55
2024-04-01 12:30:00,13,2,30,45
2024-04-01 12:40:00,14,3,36,53
2024-04-01 12:50:00,11,2,37,50
2024-04-01 13:00:00,12,2,28,42
2024-04-01 13:10:00,14,3,30,47
2024-04-01 13:20:00,17,1,32,50
2024-04-01 13:30:00,13,2,38,53
2024-04-01 13:40:00,12,4,35,51
2024-04-01 13:50:00,23,1,40,64
2024-04-01 14:00:00,20,3,38,61
2024-04-01 14:10:00,20,3,45,68
2024-04-01 14:20:00,18,3,52,73
2024-04-01 14:30:00,17,3,46,66
2024-04-01 14:40:00,24,3,50,77
2024-04-01 14:50:00,18,2,52,72
2024-04-01 15:00:00,24,3,50,77
2024-04-01 15:10:00,29,2,49,80
2024-04-01 15:20:00,12,1,59,72
2024-04-01 15:30:00,19,3,44,66
2024-04-01 15:40:00,18,1,41,60
2024-04-01 15:50:00,19,1,40,60
2024-04-01 16:00:00,22,3,28,53
2024-04-01 16:10:00,19,2,39,60
2024-04-01 16:20:00,25,4,56,85
2024-04-01 16:30:00,36,3,42,81
2024-04-01 16:40:00,16,2,33,51
2024-04-01 16:50:00,20,1,47,68
2024-04-01 17:00:00,19,3,40,62
2024-04-01 17:10:00,20,1,42,63
2024-04-01 17:20:00,21,3,39,63
2024-04-01 17:30:00,19,1,40,60
2024-04-01 17:40:00,17,3,56,76
2024-04-01 17:50:00,23,3,56,82
2024-04-01 18:00:00,21,3,55,79
2024-04-01 18:10:00,13,3,42,58
2024-04-01 18:20:00,28,2,34,64
2024-04-01 18:30:00,6,6,51,63
2024-04-01 18:40:00,13,5,44,62
2024-04-01 18:50:00,22,4,32,58
2024-04-01 19:00:00,19,5,50,74
2024-04-01 19:10:00,43,6,40,89
2024-04-01 19:20:00,32,1,47,80
2024-04-01 19:30:00,22,4,48,74
2024-04-01 19:40:00,29,4,40,73
2024-04-01 19:50:00,21,1,44,66
2024-04-01 20:00:00,24,7,46,77
2024-04-01 20:10:00,15,1,23,39
2024-04-01 20:20:00,9,3,22,34
2024-04-01 20:30:00,16,5,33,54
2024-04-01 20:40:00,12,1,30,43
2024-04-01 20:50:00,18,1,24,43
2024-04-01 21:00:00,18,2,18,38
2024-04-01 21:10:00,17,3,35,55
2024-04-01 21:20:00,14,3,27,44
2024-04-01 21:30:00,21,1,18,40
2024-04-01 21:40:00,8,0,28,36
2024-04-01 21:50:00,7,3,22,32
2024-04-01 22:00:00,10,2,19,31
2024-04-01 22:10:00,8,1,24,33
2024-04-01 22:20:00,8,1,19,28
2024-04-01 22:30:00,10,1,17,28
2024-04-01 22:40:00,7,3,10,20
2024-04-01 22:50:00,12,1,18,31
2024-04-01 23:00:00,6,1,15,22
2024-04-01 23:10:00,8,2,10,20
2024-04-01 23:20:00,4,2,13,19
2024-04-01 23:30:00,3,3,15,21
2024-04-01 23:40:00,8,6,16,30
2024-04-01 23:50:00,3,0,9,12
2024-04-02 00:00:00,4,1,9,14
2024-04-02 00:10:00,2,1,3,6
2024-04-02 00:20:00,1,3,11,15
2024-04-02 00:30:00,2,0,4,6
2024-04-02 00:40:00,2,0,6,8
2024-04-02 00:50:00,1,1,8,10
2024-04-02 01:00:00,3,0,2,5
2024-04-02 01:10:00,0,0,2,2
2024-04-02 01:20:00,1,1,4,6
2024-04-02 01:30:00,0,0,1,1
2024-04-02 01:40:00,1,2,3,6
2024-04-02 01:50:00,2,2,2,6
2024-04-02 02:00:00,2,0,2,4
2024-04-02 02:10:00,1,2,9,12
2024-04-02 02:20:00,3,1,6,10
2024-04-02 02:30:00,2,0,2,4
2024-04-02 02:40:00,2,1,2,5
2024-04-02 02:50:00,3,1,3,7
2024-04-02 03:00:00,0,0,3,3
2024-04-02 03:10:00,2,0,2,4
2024-04-02 03:20:00,0,0,2,2
2024-04-02 03:30:00,1,1,0,2
2024-04-02 03:40:00,1,1,2,4
2024-04-02 03:50:00,0,0,2,2
2024-04-02 04:00:00,0,1,3,4
2024-04-02 04:10:00,0,1,3,4
2024-04-02 04:20:00,0,0,8,8
2024-04-02 04:30:00,1,0,6,7
2024-04-02 04:40:00,0,0,2,2
2024-04-02 04:50:00,3,1,1,5
2024-04-02 05:00:00,0,0,4,4
2024-04-02 05:10:00,4,1,10,15
2024-04-02 05:20:00,6,1,15,22
2024-04-02 05:30:00,0,4,13,17
2024-04-02 05:40:00,1,2,17,20
2024-04-02 05:50:00,6,2,19,27
2024-04-02 06:00:00,8,1,20,29
2024-04-02 06:10:00,6,4,31,41
2024-04-02 06:20:00,10,4,35,49
2024-04-02 06:30:00,12,3,26,41
2024-04-02 06:40:00,9,1,37,47
2024-04-02 06:50:00,12,3,41,56
2024-04-02 07:00:00,10,7,45,62
2024-04-02 07:10:00,13,3,45,61
2024-04-02 07:20:00,14,2,66,82
2024-04-02 07:30:00,33,3,58,94
2024-04-02 07:40:00,26,3,67,96
2024-04-02 07:50:00,14,7,58,79
2024-04-02 08:00:00,16,3,67,86
2024-04-02 08:10:00,32,3,44,79
2024-04-02 08:20:00,25,3,52,80
2024-04-02 08:30:00,28,8,61,97
2024-04-02 08:40:00,26,5,57,88
2024-04-02 08:50:00,26,5,64,95
2024-04-02 09:00:00,27,4,60,91
2024-04-02 09:10:00,25,5,66,96
2024-04-02 09:20:00,20,3,65,88
2024-04-02 09:30:00,21,34,69,124
2024-04-02 09:40:00,25,7,62,94
2024-04-02 09:50:00,33,7,58,98
2024-04-02 10:00:00,24,7,60,91
2024-04-02 10:10:00,20,6,59,85
2024-04-02 10:20:00,24,4,78,106
2024-04-02 10:30:00,34,4,61,99
2024-04-02 10:40:00,25,5,71,101
2024-04-02 10:50:00,31,7,84,122
2024-04-02 11:00:00,30,10,63,103
2024-04-02 11:10:00,25,13,69,107
2024-04-02 11:20:00,25,2,66,93
2024-04-02 11:30:00,25,7,70,102
2024-04-02 11:40:00,36,7,79,122
2024-04-02 11:50:00,29,4,64,97
2024-04-02 12:00:00,33,9,61,103
2024-04-02 12:10:00,33,4,67,104
2024-04-02 12:20:00,26,8,50,84
2024-04-02 12:30:00,39,7,82,128
2024-04-02 12:40:00,36,3,74,113
2024-04-02 12:50:00,27,6,64,97
2024-04-02 13:00:00,42,1,68,111
2024-04-02 13:10:00,37,4,64,105
2024-04-02 13:20:00,39,1,58,98
2024-04-02 13:30:00,32,2,81,115
2024-04-02 13:40:00,44,2,70,116
2024-04-02 13:50:00,36,8,76,120
2024-04-02 14:00:00,45,2,60,107
2024-04-02 14:10:00,37,6,68,111
2024-04-02 14:20:00,42,7,81,130
2024-04-02 14:30:00,39,7,63,109
2024-04-02 14:40:00,50,11,73,134
2024-04-02 14:50:00,39,8,61,108
2024-04-02 15:00:00,53,11,76,140
2024-04-02 15:10:00,41,7,93,141
2024-04-02 15:20:00,29,11,95,135
2024-04-02 15:30:00,45,6,92,143
2024-04-02 15:40:00,59,9,90,158
2024-04-02 15:50:00,50,5,74,129
2024-04-02 16:00:00,51,8,80,139
2024-04-02 16:10:00,42,5,81,128
2024-04-02 16:20:00,51,9,70,130
2024-04-02 16:30:00,37,14,89,140
2024-04-02 16:40:00,45,12,95,152
2024-04-02 16:50:00,48,8,87,143
2024-04-02 17:00:00,48,5,86,139
2024-04-02 17:10:00,54,7,75,136
2024-04-02 17:20:00,41,5,88,134
2024-04-02 17:30:00,53,4,82,139
2024-04-02 17:40:00,44,5,80,129
2024-04-02 17:50:00,42,4,71,117
2024-04-02 18:00:00,33,9,62,104
2024-04-02 18:10:00,36,6,83,125
2024-04-02 18:20:00,37,2,60,99
2024-04-02 18:30:00,44,3,55,102
2024-04-02 18:40:00,28,3,53,84
2024-04-02 18:50:00,24,5,48,77
2024-04-02 19:00:00,34,6,59,99
2024-04-02 19:10:00,29,2,47,78
2024-04-02 19:20:00,16,5,47,68
2024-04-02 19:30:00,19,6,66,91
2024-04-02 19:40:00,22,2,27,51
2024-04-02 19:50:00,14,3,47,64
2024-04-02 20:00:00,10,7,47,64
2024-04-02 20:10:00,14,4,30,48
2024-04-02 20:20:00,12,4,24,40
2024-04-02 20:30:00,8,5,26,39
2024-04-02 20:40:00,6,3,29,38
2024-04-02 20:50:00,14,0,17,31
2024-04-02 21:00:00,14,2,25,41
2024-04-02 21:10:00,14,0,19,33
2024-04-02 21:20:00,14,4,26,44
2024-04-02 21:30:00,7,2,14,23
2024-04-02 21:40:00,13,4,21,38
2024-04-02 21:50:00,14,1,12,27
2024-04-02 22:00:00,11,1,26,38
2024-04-02 22:10:00,11,1,16,28
2024-04-02 22:20:00,5,3,14,22
2024-04-02 22:30:00,11,3,21,35
2024-04-02 22:40:00,9,2,12,23
2024-04-02 22:50:00,5,0,10,15
2024-04-02 23:00:00,4,2,22,28
2024-04-02 23:10:00,8,2,10,20
2024-04-02 23:20:00,3,1,8,12
2024-04-02 23:30:00,2,1,7,10
2024-04-02 23:40:00,6,2,17,25
2024-04-02 23:50:00,0,6,14,20
2024-04-03 00:00:00,8,1,3,12
2024-04-03 00:10:00,3,2,8,13
2024-04-03 00:20:00,1,0,8,9
2024-04-03 00:30:00,2,0,7,9
2024-04-03 00:40:00,1,0,4,5
2024-04-03 00:50:00,0,2,5,7
2024-04-03 01:00:00,2,0,5,7
2024-04-03 01:10:00,0,1,4,5
2024-04-03 01:20:00,2,0,2,4
2024-04-03 01:30:00,1,0,3,4
2024-04-03 01:40:00,1,0,2,3
2024-04-03 01:50:00,1,0,3,4
2024-04-03 02:00:00,0,1,5,6
2024-04-03 02:10:00,1,0,2,3
2024-04-03 02:20:00,4,0,0,4
2024-04-03 02:30:00,1,2,2,5
2024-04-03 02:40:00,0,1,4,5
2024-04-03 02:50:00,0,1,2,3
2024-04-03 03:00:00,1,1,6,8
2024-04-03 03:10:00,0,0,4,4
2024-04-03 03:20:00,0,1,3,4
2024-04-03 03:30:00,0,1,1,2
2024-04-03 03:40:00,1,0,1,2
2024-04-03 03:50:00,0,0,1,1
2024-04-03 04:00:00,1,0,3,4
2024-04-03 04:10:00,2,1,4,7
2024-04-03 04:20:00,0,0,5,5
2024-04-03 04:30:00,1,2,4,7
2024-04-03 04:40:00,1,0,4,5
2024-04-03 04:50:00,0,1,1,2
2024-04-03 05:00:00,3,0,1,4
2024-04-03 05:10:00,2,4,10,16
2024-04-03 05:20:00,4,2,17,23
2024-04-03 05:30:00,1,3,10,14
2024-04-03 05:40:00,6,1,21,28
2024-04-03 05:50:00,7,1,16,24
2024-04-03 06:00:00,5,3,31,39
2024-04-03 06:10:00,8,4,26,38
2024-04-03 06:20:00,8,6,28,42
2024-04-03 06:30:00,13,4,29,46
2024-04-03 06:40:00,13,6,38,57
2024-04-03 06:50:00,13,10,48,71
2024-04-03 07:00:00,16,6,35,57
2024-04-03 07:10:00,18,5,39,62
2024-04-03 07:20:00,18,2,42,62
2024-04-03 07:30:00,25,10,74,109
2024-04-03 07:40:00,22,3,67,92
2024-04-03 07:50:00,26,6,56,88
2024-04-03 08:00:00,32,7,52,91
2024-04-03 08:10:00,31,8,46,85
2024-04-03 08:20:00,25,8,47,80
2024-04-03 08:30:00,23,10,69,102
2024-04-03 08:40:00,23,16,82,121
2024-04-03 08:50:00,23,9,53,85
2024-04-03 09:00:00,27,6,61,94
2024-04-03 09:10:00,24,6,55,85
2024-04-03 09:20:00,21,4,71,96
2024-04-03 09:30:00,26,7,71,104
2024-04-03 09:40:00,20,7,61,88
2024-04-03 09:50:00,31,4,58,93
2024-04-03 10:00:00,21,5,60,86
2024-04-03 10:10:00,21,13,68,102
2024-04-03 10:20:00,22,12,60,94
2024-04-03 10:30:00,26,4,60,90
2024-04-03 10:40:00,20,13,60,93
2024-04-03 10:50:00,31,9,78,118
2024-04-03 11:00:00,23,5,67,95
2024-04-03 11:10:00,31,17,66,114
2024-04-03 11:20:00,32,10,56,98
2024-04-03 11:30:00,32,9,62,103
2024-04-03 11:40:00,36,4,58,98
2024-04-03 11:50:00,41,4,66,111
2024-04-03 12:00:00,43,7,60,110
2024-04-03 12:10:00,39,6,47,92
2024-04-03 12:20:00,37,13,73,123
2024-04-03 12:30:00,30,8,75,113
2024-04-03 12:40:00,33,7,55,95
2024-04-03 12:50:00,37,9,63,109
2024-04-03 13:00:00,32,8,62,102
2024-04-03 13:10:00,22,8,63,93
2024-04-03 13:20:00,25,5,61,91
2024-04-03 13:30:00,37,10,66,113
2024-04-03 13:40:00,38,9,75,122
2024-04-03 13:50:00,41,5,65,111
2024-04-03 14:00:00,42,8,76,126
2024-04-03 14:10:00,35,5,59,99
2024-04-03 14:20:00,31,9,59,99
2024-04-03 14:30:00,37,5,53,95
2024-04-03 14:40:00,38,7,72,117
2024-04-03 14:50:00,31,7,72,110
2024-04-03 15:00:00,39,9,63,111
2024-04-03 15:10:00,42,5,74,121
2024-04-03 15:20:00,43,7,66,116
2024-04-03 15:30:00,42,7,63,112
2024-04-03 15:40:00,47,9,77,133
2024-04-03 15:50:00,52,6,84,142
2024-04-03 16:00:00,43,8,90,141
2024-04-03 16:10:00,49,10,78,137
2024-04-03 16:20:00,40,12,79,131
2024-04-03 16:30:00,51,11,81,143
2024-04-03 16:40:00,44,7,108,159
2024-04-03 16:50:00,44,5,89,138
2024-04-03 17:00:00,39,9,91,139
2024-04-03 17:10:00,60,8,94,162
2024-04-03 17:20:00,34,4,94,132
2024-04-03 17:30:00,35,10,73,118
2024-04-03 17:40:00,44,12,91,147
2024-04-03 17:50:00,42,8,65,115
2024-04-03 18:00:00,41,5,83,129
2024-04-03 18:10:00,44,4,87,135
2024-04-03 18:20:00,33,5,75,113
2024-04-03 18:30:00,43,8,62,113
2024-04-03 18:40:00,31,10,68,109
2024-04-03 18:50:00,36,6,53,95
2024-04-03 19:00:00,30,4,52,86
2024-04-03 19:10:00,25,8,63,96
2024-04-03 19:20:00,26,12,52,90
2024-04-03 19:30:00,19,5,36,60
2024-04-03 19:40:00,20,4,53,77
2024-04-03 19:50:00,18,2,31,51
2024-04-03 20:00:00,23,5,24,52
2024-04-03 20:10:00,16,1,29,46
2024-04-03 20:20:00,10,3,30,43
2024-04-03 20:30:00,17,5,28,50
2024-04-03 20:40:00,15,2,32,49
2024-04-03 20:50:00,9,4,39,52
2024-04-03 21:00:00,13,1,30,44
2024-04-03 21:10:00,17,5,21,43
2024-04-03 21:20:00,12,1,26,39
2024-04-03 21:30:00,11,1,15,27
2024-04-03 21:40:00,11,2,21,34
2024-04-03 21:50:00,11,5,17,33
2024-04-03 22:00:00,17,3,17,37
2024-04-03 22:10:00,16,6,17,39
2024-04-03 22:20:00,15,7,26,48
2024-04-03 22:30:00,8,5,21,34
2024-04-03 22:40:00,7,3,15,25
2024-04-03 22:50:00,8,1,16,25
2024-04-03 23:00:00,3,2,13,18
2024-04-03 23:10:00,8,1,14,23
2024-04-03 23:20:00,7,2,12,21
2024-04-03 23:30:00,5,1,4,10
2024-04-03 23:40:00,4,1,14,19
2024-04-03 23:50:00,7,3,9,19
2024-04-04 00:00:00,5,1,6,12
2024-04-04 00:10:00,2,2,14,18
2024-04-04 00:20:00,1,2,7,10
2024-04-04 00:30:00,2,1,8,11
2024-04-04 00:40:00,1,1,3,5
2024-04-04 00:50:00,2,1,3,6
2024-04-04 01:00:00,3,1,6,10
2024-04-04 01:10:00,1,1,2,4
2024-04-04 01:20:00,0,1,7,8
2024-04-04 01:30:00,3,0,3,6
2024-04-04 01:40:00,0,2,5,7
2024-04-04 01:50:00,1,0,1,2
2024-04-04 02:00:00,4,1,4,9
2024-04-04 02:10:00,0,1,3,4
2024-04-04 02:20:00,2,2,3,7
2024-04-04 02:30:00,1,2,5,8
2024-04-04 02:40:00,1,1,4,6
2024-04-04 02:50:00,2,0,2,4
2024-04-04 03:00:00,1,1,1,3
2024-04-04 03:10:00,0,1,5,6
2024-04-04 03:20:00,0,1,2,3
2024-04-04 03:30:00,1,0,0,1
2024-04-04 03:40:00,4,1,1,6
2024-04-04 03:50:00,0,0,4,4
2024-04-04 04:00:00,0,0,2,2
2024-04-04 04:10:00,2,0,4,6
2024-04-04 04:20:00,1,0,4,5
2024-04-04 04:30:00,0,3,3,6
2024-04-04 04:40:00,1,2,5,8
2024-04-04 04:50:00,1,1,2,4
2024-04-04 05:00:00,1,3,6,10
2024-04-04 05:10:00,6,2,5,13
2024-04-04 05:20:00,2,3,10,15
2024-04-04 05:30:00,4,6,17,27
2024-04-04 05:40:00,4,2,24,30
2024-04-04 05:50:00,5,2,23,30
2024-04-04 06:00:00,7,1,24,32
2024-04-04 06:10:00,7,5,21,33
2024-04-04 06:20:00,13,7,24,44
2024-04-04 06:30:00,12,2,31,45
2024-04-04 06:40:00,10,6,43,59
2024-04-04 06:50:00,8,8,38,54
2024-04-04 07:00:00,10,3,32,45
2024-04-04 07:10:00,16,4,48,68
2024-04-04 07:20:00,21,3,48,72
2024-04-04 07:30:00,22,7,54,83
2024-04-04 07:40:00,27,7,55,89
2024-04-04 07:50:00,17,6,68,91
2024-04-04 08:00:00,18,12,62,92
2024-04-04 08:10:00,26,16,56,98
2024-04-04 08:20:00,20,29,51,100
2024-04-04 08:30:00,26,26,60,112
2024-04-04 08:40:00,24,31,69,124
2024-04-04 08:50:00,24,10,69,103
2024-04-04 09:00:00,24,12,75,111
2024-04-04 09:10:00,12,14,68,94
2024-04-04 09:20:00,27,7,44,78
2024-04-04 09:30:00,16,8,62,86
2024-04-04 09:40:00,35,4,66,105
2024-04-04 09:50:00,18,6,60,84
2024-04-04 10:00:00,20,6,55,81
2024-04-04 10:10:00,24,8,70,102
2024-04-04 10:20:00,28,2,52,82
2024-04-04 10:30:00,22,13,70,105
2024-04-04 10:40:00,42,5,59,106
2024-04-04 10:50:00,29,10,70,109
2024-04-04 11:00:00,29,11,76,116
2024-04-04 11:10:00,32,9,62,103
2024-04-04 11:20:00,35,5,63,103
2024-04-04 11:30:00,25,5,56,86
2024-04-04 11:40:00,30,8,53,91
2024-04-04 11:50:00,28,6,69,103
2024-04-04 12:00:00,46,16,64,126
2024-04-04 12:10:00,31,5,62,98
2024-04-04 12:20:00,41,17,65,123
2024-04-04 12:30:00,32,8,62,102
2024-04-04 12:40:00,43,10,59,112
2024-04-04 12:50:00,42,13,62,117
2024-04-04 13:00:00,27,10,66,103
2024-04-04 13:10:00,35,13,57,105
2024-04-04 13:20:00,26,5,67,98
2024-04-04 13:30:00,33,15,69,117
2024-04-04 13:40:00,45,3,71,119
2024-04-04 13:50:00,30,4,76,110
2024-04-04 14:00:00,30,17,71,118
2024-04-04 14:10:00,45,8,68,121
2024-04-04 14:20:00,44,9,83,136
2024-04-04 14:30:00,43,7,67,117
2024-04-04 14:40:00,44,7,78,129
2024-04-04 14:50:00,37,11,81,129
2024-04-04 15:00:00,50,4,71,125
2024-04-04 15:10:00,50,14,99,163
2024-04-04 15:20:00,37,14,95,146
2024-04-04 15:30:00,39,7,79,125
2024-04-04 15:40:00,41,10,87,138
2024-04-04 15:50:00,40,8,79,127
2024-04-04 16:00:00,44,6,75,125
2024-04-04 16:10:00,53,18,74,145
2024-04-04 16:20:00,42,10,69,121
2024-04-04 16:30:00,39,6,95,140
2024-04-04 16:40:00,28,0,75,103
2024-04-04 16:50:00,43,6,77,126
2024-04-04 17:00:00,36,4,89,129
2024-04-04 17:10:00,52,5,85,142
2024-04-04 17:20:00,41,7,93,141
2024-04-04 17:30:00,48,5,64,117
2024-04-04 17:40:00,42,7,74,123
2024-04-04 17:50:00,42,10,72,124
2024-04-04 18:00:00,46,11,83,140
2024-04-04 18:10:00,45,13,76,134
2024-04-04 18:20:00,39,3,83,125
2024-04-04 18:30:00,34,4,67,105
2024-04-04 18:40:00,40,5,54,99
2024-04-04 18:50:00,32,9,68,109
2024-04-04 19:00:00,29,6,61,96
2024-04-04 19:10:00,35,4,54,93
2024-04-04 19:20:00,18,6,59,83
2024-04-04 19:30:00,25,3,42,70
2024-04-04 19:40:00,25,5,50,80
2024-04-04 19:50:00,18,7,32,57
2024-04-04 20:00:00,18,5,38,61
2024-04-04 20:10:00,16,1,30,47
2024-04-04 20:20:00,16,3,16,35
2024-04-04 20:30:00,9,2,23,34
2024-04-04 20:40:00,11,1,25,37
2024-04-04 20:50:00,11,6,18,35
2024-04-04 21:00:00,21,5,20,46
2024-04-04 21:10:00,9,1,20,30
2024-04-04 21:20:00,24,5,26,55
2024-04-04 21:30:00,12,3,24,39
2024-04-04 21:40:00,13,3,17,33
2024-04-04 21:50:00,15,5,22,42
2024-04-04 22:00:00,10,8,22,40
2024-04-04 22:10:00,13,6,28,47
2024-04-04 22:20:00,19,2,21,42
2024-04-04 22:30:00,14,1,25,40
2024-04-04 22:40:00,14,5,21,40
2024-04-04 22:50:00,3,5,18,26
2024-04-04 23:00:00,6,5,17,28
2024-04-04 23:10:00,9,2,12,23
2024-04-04 23:20:00,4,2,17,23
2024-04-04 23:30:00,4,1,7,12
2024-04-04 23:40:00,6,5,10,21
2024-04-04 23:50:00,3,3,13,19
2024-04-05 00:00:00,2,2,11,15
2024-04-05 00:10:00,5,1,10,16
2024-04-05 00:20:00,4,0,5,9
2024-04-05 00:30:00,1,0,7,8
2024-04-05 00:40:00,2,2,5,9
2024-04-05 00:50:00,4,1,5,10
2024-04-05 01:00:00,1,1,4,6
2024-04-05 01:10:00,1,1,3,5
2024-04-05 01:20:00,1,1,1,3
2024-04-05 01:30:00,1,3,8,12
2024-04-05 01:40:00,1,2,6,9
2024-04-05 01:50:00,2,0,3,5
2024-04-05 02:00:00,0,0,0,0
