datetime,D11Z,D12Z,D21Z,Total
2024-03-01 01:00:00,0,0,2,2
2024-03-01 01:10:00,0,1,7,8
2024-03-01 01:20:00,0,1,4,5
2024-03-01 01:30:00,0,0,2,2
2024-03-01 01:40:00,1,2,5,8
2024-03-01 01:50:00,0,1,4,5
2024-03-01 02:00:00,1,2,3,6
2024-03-01 02:10:00,0,1,1,2
2024-03-01 02:20:00,3,2,4,9
2024-03-01 02:30:00,0,1,2,3
2024-03-01 02:40:00,0,1,0,1
2024-03-01 02:50:00,0,0,4,4
2024-03-01 03:00:00,0,1,3,4
2024-03-01 03:10:00,1,0,0,1
2024-03-01 03:20:00,1,2,1,4
2024-03-01 03:30:00,0,1,1,2
2024-03-01 03:40:00,1,1,6,8
2024-03-01 03:50:00,0,1,1,2
2024-03-01 04:00:00,0,3,1,4
2024-03-01 04:10:00,0,1,4,5
2024-03-01 04:20:00,1,0,1,2
2024-03-01 04:30:00,0,0,2,2
2024-03-01 04:40:00,0,0,4,4
2024-03-01 04:50:00,0,0,3,3
2024-03-01 05:00:00,0,0,3,3
2024-03-01 05:10:00,1,2,6,9
2024-03-01 05:20:00,1,3,10,14
2024-03-01 05:30:00,1,1,9,11
2024-03-01 05:40:00,7,6,15,28
2024-03-01 05:50:00,5,4,11,20
2024-03-01 06:00:00,0,6,19,25
2024-03-01 06:10:00,4,8,16,28
2024-03-01 06:20:00,6,6,18,30
2024-03-01 06:30:00,5,6,24,35
2024-03-01 06:40:00,5,7,20,32
2024-03-01 06:50:00,5,8,26,39
2024-03-01 07:00:00,5,12,16,33
2024-03-01 07:10:00,4,6,24,34
2024-03-01 07:20:00,7,16,33,56
2024-03-01 07:30:00,12,19,33,64
2024-03-01 07:40:00,11,21,48,80
2024-03-01 07:50:00,22,22,39,83
2024-03-01 08:00:00,11,19,44,74
2024-03-01 08:10:00,12,22,37,71
2024-03-01 08:20:00,16,20,44,80
2024-03-01 08:30:00,18,36,39,93
2024-03-01 08:40:00,7,32,45,84
2024-03-01 08:50:00,13,23,45,81
2024-03-01 09:00:00,11,22,49,82
2024-03-01 09:10:00,13,31,42,86
2024-03-01 09:20:00,11,24,45,80
2024-03-01 09:30:00,8,28,54,90
2024-03-01 09:40:00,24,35,50,109
2024-03-01 09:50:00,13,31,52,96
2024-03-01 10:00:00,8,16,46,70
2024-03-01 10:10:00,16,31,45,92
2024-03-01 10:20:00,7,26,46,79
2024-03-01 10:30:00,13,35,58,106
2024-03-01 10:40:00,12,17,51,80
2024-03-01 10:50:00,15,30,58,103
2024-03-01 11:00:00,16,27,45,88
2024-03-01 11:10:00,8,19,56,83
2024-03-01 11:20:00,11,20,56,87
2024-03-01 11:30:00,9,25,42,76
2024-03-01 11:40:00,12,27,46,85
2024-03-01 11:50:00,20,37,64,121
2024-03-01 12:00:00,10,30,57,97
2024-03-01 12:10:00,20,34,40,94
2024-03-01 12:20:00,6,27,59,92
2024-03-01 12:30:00,13,26,56,95
2024-03-01 12:40:00,15,28,51,94
2024-03-01 12:50:00,9,21,58,88
2024-03-01 13:00:00,6,20,60,86
2024-03-01 13:10:00,16,21,58,95
2024-03-01 13:20:00,10,35,46,91
2024-03-01 13:30:00,8,17,48,73
2024-03-01 13:40:00,15,29,60,104
2024-03-01 13:50:00,5,26,64,95
2024-03-01 14:00:00,6,25,60,91
2024-03-01 14:10:00,12,37,49,98
2024-03-01 14:20:00,5,33,70,108
2024-03-01 14:30:00,9,27,70,106
2024-03-01 14:40:00,14,31,54,99
2024-03-01 14:50:00,10,25,58,93
2024-03-01 15:00:00,13,18,61,92
2024-03-01 15:10:00,12,25,49,86
2024-03-01 15:20:00,9,20,67,96
2024-03-01 15:30:00,10,26,52,88
2024-03-01 15:40:00,12,32,49,93
2024-03-01 15:50:00,11,23,57,91
2024-03-01 16:00:00,10,29,55,94
2024-03-01 16:10:00,12,25,48,85
2024-03-01 16:20:00,10,27,42,79
2024-03-01 16:30:00,8,25,61,94
2024-03-01 16:40:00,10,26,43,79
2024-03-01 16:50:00,5,20,57,82
2024-03-01 17:00:00,14,34,53,101
2024-03-01 17:10:00,9,35,52,96
2024-03-01 17:20:00,10,30,58,98
2024-03-01 17:30:00,12,28,47,87
2024-03-01 17:40:00,8,25,56,89
2024-03-01 17:50:00,15,24,49,88
2024-03-01 18:00:00,13,21,40,74
2024-03-01 18:10:00,6,16,43,65
2024-03-01 18:20:00,9,26,45,80
2024-03-01 18:30:00,7,17,54,78
2024-03-01 18:40:00,0,28,47,75
2024-03-01 18:50:00,9,31,44,84
2024-03-01 19:00:00,3,27,41,71
2024-03-01 19:10:00,6,20,42,68
2024-03-01 19:20:00,8,32,29,69
2024-03-01 19:30:00,7,16,40,63
2024-03-01 19:40:00,4,16,42,62
2024-03-01 19:50:00,2,15,37,54
2024-03-01 20:00:00,7,11,30,48
2024-03-01 20:10:00,7,18,33,58
2024-03-01 20:20:00,4,9,21,34
2024-03-01 20:30:00,5,17,36,58
2024-03-01 20:40:00,4,13,30,47
2024-03-01 20:50:00,1,6,13,20
2024-03-01 21:00:00,2,11,19,32
2024-03-01 21:10:00,1,10,13,24
2024-03-01 21:20:00,6,6,21,33
2024-03-01 21:30:00,4,10,12,26
2024-03-01 21:40:00,3,10,22,35
2024-03-01 21:50:00,1,7,20,28
2024-03-01 22:00:00,2,11,33,46
2024-03-01 22:10:00,3,4,17,24
2024-03-01 22:20:00,2,5,21,28
2024-03-01 22:30:00,5,10,21,36
2024-03-01 22:40:00,3,3,16,22
2024-03-01 22:50:00,5,5,12,22
2024-03-01 23:00:00,0,4,11,15
2024-03-01 23:10:00,5,10,14,29
2024-03-01 23:20:00,3,8,17,28
2024-03-01 23:30:00,5,7,15,27
2024-03-01 23:40:00,1,4,12,17
2024-03-01 23:50:00,0,3,12,15
2024-03-02 00:00:00,1,4,7,12
2024-03-02 00:10:00,5,4,15,24
2024-03-02 00:20:00,1,5,13,19
2024-03-02 00:30:00,0,2,8,10
2024-03-02 00:40:00,1,2,12,15
2024-03-02 00:50:00,1,1,4,6
2024-03-02 01:00:00,0,5,12,17
2024-03-02 01:10:00,1,1,4,6
2024-03-02 01:20:00,3,2,7,12
2024-03-02 01:30:00,2,1,7,10
2024-03-02 01:40:00,1,3,9,13
2024-03-02 01:50:00,1,2,5,8
2024-03-02 02:00:00,0,1,2,3
2024-03-02 02:10:00,0,2,10,12
2024-03-02 02:20:00,0,2,7,9
2024-03-02 02:30:00,1,1,1,3
2024-03-02 02:40:00,0,1,4,5
2024-03-02 02:50:00,2,2,4,8
2024-03-02 03:00:00,2,3,6,11
2024-03-02 03:10:00,0,1,5,6
2024-03-02 03:20:00,1,2,1,4
2024-03-02 03:30:00,1,3,6,10
2024-03-02 03:40:00,1,2,6,9
2024-03-02 03:50:00,0,4,3,7
2024-03-02 04:00:00,2,3,2,7
2024-03-02 04:10:00,5,2,2,9
2024-03-02 04:20:00,0,1,5,6
2024-03-02 04:30:00,1,3,3,7
2024-03-02 04:40:00,0,2,2,4
2024-03-02 04:50:00,2,1,6,9
2024-03-02 05:00:00,0,1,5,6
2024-03-02 05:10:00,1,3,4,8
2024-03-02 05:20:00,1,3,4,8
2024-03-02 05:30:00,2,1,12,15
2024-03-02 05:40:00,3,1,5,9
2024-03-02 05:50:00,2,1,5,8
2024-03-02 06:00:00,3,3,6,12
2024-03-02 06:10:00,1,1,4,6
2024-03-02 06:20:00,0,1,15,16
2024-03-02 06:30:00,2,2,14,18
2024-03-02 06:40:00,5,5,7,17
2024-03-02 06:50:00,0,0,11,11
2024-03-02 07:00:00,4,0,8,12
2024-03-02 07:10:00,2,1,7,10
2024-03-02 07:20:00,1,5,4,10
2024-03-02 07:30:00,5,3,11,19
2024-03-02 07:40:00,4,7,9,20
2024-03-02 07:50:00,4,3,17,24
2024-03-02 08:00:00,3,5,7,15
2024-03-02 08:10:00,3,2,9,14
2024-03-02 08:20:00,1,5,6,12
2024-03-02 08:30:00,4,5,14,23
2024-03-02 08:40:00,11,6,17,34
2024-03-02 08:50:00,6,14,28,48
2024-03-02 09:00:00,8,14,21,43
2024-03-02 09:10:00,2,12,22,36
2024-03-02 09:20:00,6,12,24,42
2024-03-02 09:30:00,6,11,21,38
2024-03-02 09:40:00,8,21,29,58
2024-03-02 09:50:00,7,20,33,60
2024-03-02 10:00:00,2,21,33,56
2024-03-02 10:10:00,9,22,36,67
2024-03-02 10:20:00,6,16,41,63
2024-03-02 10:30:00,10,25,32,67
2024-03-02 10:40:00,13,32,39,84
2024-03-02 10:50:00,6,17,33,56
2024-03-02 11:00:00,3,25,47,75
2024-03-02 11:10:00,7,25,39,71
2024-03-02 11:20:00,8,27,31,66
2024-03-02 11:30:00,7,22,36,65
2024-03-02 11:40:00,11,17,32,60
2024-03-02 11:50:00,5,27,29,61
2024-03-02 12:00:00,6,14,42,62
2024-03-02 12:10:00,12,25,44,81
2024-03-02 12:20:00,13,27,44,84
2024-03-02 12:30:00,10,24,44,78
2024-03-02 12:40:00,11,20,51,82
2024-03-02 12:50:00,12,26,40,78
2024-03-02 13:00:00,10,25,42,77
2024-03-02 13:10:00,12,28,39,79
2024-03-02 13:20:00,7,15,38,60
2024-03-02 13:30:00,6,28,41,75
2024-03-02 13:40:00,10,29,57,96
2024-03-02 13:50:00,6,33,38,77
2024-03-02 14:00:00,8,25,44,77
2024-03-02 14:10:00,10,30,48,88
2024-03-02 14:20:00,12,28,57,97
2024-03-02 14:30:00,11,29,36,76
2024-03-02 14:40:00,6,26,53,85
2024-03-02 14:50:00,8,34,56,98
2024-03-02 15:00:00,5,26,53,84
2024-03-02 15:10:00,13,33,51,97
2024-03-02 15:20:00,6,21,56,83
2024-03-02 15:30:00,8,22,47,77
2024-03-02 15:40:00,7,16,50,73
2024-03-02 15:50:00,12,18,46,76
2024-03-02 16:00:00,5,17,45,67
2024-03-02 16:10:00,12,27,53,92
2024-03-02 16:20:00,7,15,40,62
2024-03-02 16:30:00,12,16,51,79
2024-03-02 16:40:00,6,15,43,64
2024-03-02 16:50:00,4,24,42,70
2024-03-02 17:00:00,10,21,37,68
2024-03-02 17:10:00,6,19,38,63
2024-03-02 17:20:00,6,14,38,58
2024-03-02 17:30:00,10,12,59,81
2024-03-02 17:40:00,4,22,46,72
2024-03-02 17:50:00,8,14,39,61
2024-03-02 18:00:00,10,23,49,82
2024-03-02 18:10:00,2,11,35,48
2024-03-02 18:20:00,3,17,49,69
2024-03-02 18:30:00,7,13,34,54
2024-03-02 18:40:00,7,23,48,78
2024-03-02 18:50:00,6,16,48,70
2024-03-02 19:00:00,12,22,49,83
2024-03-02 19:10:00,4,21,31,56
2024-03-02 19:20:00,3,11,32,46
2024-03-02 19:30:00,8,15,30,53
2024-03-02 19:40:00,6,13,32,51
2024-03-02 19:50:00,0,11,33,44
2024-03-02 20:00:00,4,15,27,46
2024-03-02 20:10:00,5,11,24,40
2024-03-02 20:20:00,4,13,29,46
2024-03-02 20:30:00,6,11,31,48
2024-03-02 20:40:00,6,8,37,51
2024-03-02 20:50:00,5,11,21,37
2024-03-02 21:00:00,2,10,27,39
2024-03-02 21:10:00,1,8,15,24
2024-03-02 21:20:00,4,6,16,26
2024-03-02 21:30:00,3,9,23,35
2024-03-02 21:40:00,2,5,20,27
2024-03-02 21:50:00,3,7,23,33
2024-03-02 22:00:00,2,8,20,30
2024-03-02 22:10:00,2,5,19,26
2024-03-02 22:20:00,2,11,18,31
2024-03-02 22:30:00,0,1,24,25
2024-03-02 22:40:00,2,8,14,24
2024-03-02 22:50:00,2,9,20,31
2024-03-02 23:00:00,3,9,18,30
2024-03-02 23:10:00,4,6,7,17
2024-03-02 23:20:00,3,3,15,21
2024-03-02 23:30:00,3,5,18,26
2024-03-02 23:40:00,3,7,8,18
2024-03-02 23:50:00,3,3,15,21
2024-03-03 00:00:00,3,3,13,19
2024-03-03 00:10:00,1,5,13,19
2024-03-03 00:20:00,0,3,13,16
2024-03-03 00:30:00,1,3,13,17
2024-03-03 00:40:00,0,4,12,16
2024-03-03 00:50:00,1,2,14,17
2024-03-03 01:00:00,1,2,12,15
2024-03-03 01:10:00,2,1,12,15
2024-03-03 01:20:00,0,3,14,17
2024-03-03 01:30:00,0,6,6,12
2024-03-03 01:40:00,1,2,10,13
2024-03-03 01:50:00,1,2,9,12
2024-03-03 02:00:00,1,3,4,8
2024-03-03 02:10:00,0,2,5,7
2024-03-03 02:20:00,1,0,4,5
2024-03-03 02:30:00,0,2,10,12
2024-03-03 02:40:00,0,0,5,5
2024-03-03 02:50:00,2,4,3,9
2024-03-03 03:00:00,1,1,5,7
2024-03-03 03:10:00,0,2,5,7
2024-03-03 03:20:00,0,0,7,7
2024-03-03 03:30:00,0,0,9,9
2024-03-03 03:40:00,3,3,4,10
2024-03-03 03:50:00,2,4,2,8
2024-03-03 04:00:00,0,2,2,4
2024-03-03 04:10:00,1,0,3,4
2024-03-03 04:20:00,1,2,4,7
2024-03-03 04:30:00,1,3,4,8
2024-03-03 04:40:00,0,1,3,4
2024-03-03 04:50:00,0,1,9,10
2024-03-03 05:00:00,1,0,5,6
2024-03-03 05:10:00,1,2,4,7
2024-03-03 05:20:00,2,1,4,7
2024-03-03 05:30:00,1,3,3,7
2024-03-03 05:40:00,3,3,6,12
2024-03-03 05:50:00,1,0,10,11
2024-03-03 06:00:00,0,0,6,6
2024-03-03 06:10:00,3,3,9,15
2024-03-03 06:20:00,2,1,6,9
2024-03-03 06:30:00,0,2,11,13
2024-03-03 06:40:00,0,2,4,6
2024-03-03 06:50:00,0,4,5,9
2024-03-03 07:00:00,0,2,6,8
2024-03-03 07:10:00,2,0,7,9
2024-03-03 07:20:00,0,1,6,7
2024-03-03 07:30:00,3,4,6,13
2024-03-03 07:40:00,1,2,7,10
2024-03-03 07:50:00,2,2,3,7
2024-03-03 08:00:00,2,2,5,9
2024-03-03 08:10:00,1,1,5,7
2024-03-03 08:20:00,0,2,8,10
2024-03-03 08:30:00,4,6,12,22
2024-03-03 08:40:00,2,4,11,17
2024-03-03 08:50:00,1,2,11,14
2024-03-03 09:00:00,2,3,18,23
2024-03-03 09:10:00,1,9,14,24
2024-03-03 09:20:00,1,12,17,30
2024-03-03 09:30:00,6,7,14,27
2024-03-03 09:40:00,4,6,18,28
2024-03-03 09:50:00,7,12,24,43
2024-03-03 10:00:00,4,13,27,44
2024-03-03 10:10:00,4,11,12,27
2024-03-03 10:20:00,1,6,23,30
2024-03-03 10:30:00,5,9,11,25
2024-03-03 10:40:00,0,11,23,34
2024-03-03 10:50:00,6,11,28,45
2024-03-03 11:00:00,5,17,14,36
2024-03-03 11:10:00,4,10,26,40
2024-03-03 11:20:00,9,11,26,46
2024-03-03 11:30:00,4,12,25,41
2024-03-03 11:40:00,3,9,21,33
2024-03-03 11:50:00,2,8,34,44
2024-03-03 12:00:00,6,7,33,46
2024-03-03 12:10:00,7,15,27,49
2024-03-03 12:20:00,5,14,31,50
2024-03-03 12:30:00,6,8,30,44
2024-03-03 12:40:00,6,13,24,43
2024-03-03 12:50:00,9,14,28,51
2024-03-03 13:00:00,6,11,35,52
2024-03-03 13:10:00,8,8,39,55
2024-03-03 13:20:00,4,18,37,59
2024-03-03 13:30:00,6,14,24,44
2024-03-03 13:40:00,5,10,32,47
2024-03-03 13:50:00,6,17,32,55
2024-03-03 14:00:00,5,13,36,54
2024-03-03 14:10:00,6,20,36,62
2024-03-03 14:20:00,6,17,32,55
2024-03-03 14:30:00,9,20,48,77
2024-03-03 14:40:00,7,17,36,60
2024-03-03 14:50:00,10,25,41,76
2024-03-03 15:00:00,4,16,38,58
2024-03-03 15:10:00,6,17,34,57
2024-03-03 15:20:00,6,11,50,67
2024-03-03 15:30:00,8,11,37,56
2024-03-03 15:40:00,10,16,40,66
2024-03-03 15:50:00,4,17,34,55
2024-03-03 16:00:00,6,11,31,48
2024-03-03 16:10:00,3,17,22,42
2024-03-03 16:20:00,6,15,49,70
2024-03-03 16:30:00,7,15,43,65
2024-03-03 16:40:00,9,13,39,61
2024-03-03 16:50:00,6,17,42,65
2024-03-03 17:00:00,7,12,27,46
2024-03-03 17:10:00,5,19,34,58
2024-03-03 17:20:00,7,18,37,62
2024-03-03 17:30:00,13,17,43,73
2024-03-03 17:40:00,10,16,42,68
2024-03-03 17:50:00,8,15,47,70
2024-03-03 18:00:00,7,18,35,60
2024-03-03 18:10:00,6,12,36,54
2024-03-03 18:20:00,1,13,36,50
2024-03-03 18:30:00,6,13,30,49
2024-03-03 18:40:00,5,18,31,54
2024-03-03 18:50:00,8,14,27,49
2024-03-03 19:00:00,2,13,27,42
2024-03-03 19:10:00,2,11,19,32
2024-03-03 19:20:00,6,11,25,42
2024-03-03 19:30:00,4,11,31,46
2024-03-03 19:40:00,6,12,24,42
2024-03-03 19:50:00,4,11,21,36
2024-03-03 20:00:00,3,9,28,40
2024-03-03 20:10:00,3,10,24,37
2024-03-03 20:20:00,4,12,14,30
2024-03-03 20:30:00,5,8,17,30
2024-03-03 20:40:00,2,6,23,31
2024-03-03 20:50:00,2,9,14,25
2024-03-03 21:00:00,7,11,16,34
2024-03-03 21:10:00,1,5,18,24
2024-03-03 21:20:00,1,4,15,20
2024-03-03 21:30:00,2,2,10,14
2024-03-03 21:40:00,3,7,12,22
2024-03-03 21:50:00,0,5,11,16
2024-03-03 22:00:00,3,5,9,17
2024-03-03 22:10:00,0,6,8,14
2024-03-03 22:20:00,1,6,13,20
2024-03-03 22:30:00,2,3,12,17
2024-03-03 22:40:00,0,1,8,9
2024-03-03 22:50:00,3,7,10,20
2024-03-03 23:00:00,1,3,6,10
2024-03-03 23:10:00,2,4,10,16
2024-03-03 23:20:00,1,3,7,11
2024-03-03 23:30:00,0,1,7,8
2024-03-03 23:40:00,0,1,9,10
2024-03-03 23:50:00,1,1,7,9
2024-03-04 00:00:00,0,2,5,7
2024-03-04 00:10:00,1,3,5,9
2024-03-04 00:20:00,0,2,2,4
2024-03-04 00:30:00,0,3,4,7
2024-03-04 00:40:00,0,2,6,8
2024-03-04 00:50:00,1,2,4,7
2024-03-04 01:00:00,1,0,2,3
2024-03-04 01:10:00,1,2,4,7
2024-03-04 01:20:00,0,0,8,8
2024-03-04 01:30:00,1,1,3,5
2024-03-04 01:40:00,0,0,6,6
2024-03-04 01:50:00,0,1,3,4
2024-03-04 02:00:00,0,0,2,2
2024-03-04 02:10:00,0,1,1,2
2024-03-04 02:20:00,0,0,2,2
2024-03-04 02:30:00,0,0,0,0
2024-03-04 02:40:00,0,0,1,1
2024-03-04 02:50:00,0,1,2,3
2024-03-04 03:00:00,0,0,2,2
2024-03-04 03:10:00,0,0,0,0
2024-03-04 03:20:00,1,1,3,5
2024-03-04 03:30:00,2,3,5,10
2024-03-04 03:40:00,0,0,1,1
2024-03-04 03:50:00,0,0,3,3
2024-03-04 04:00:00,0,1,2,3
2024-03-04 04:10:00,0,0,5,5
2024-03-04 04:20:00,0,1,1,2
2024-03-04 04:30:00,0,0,3,3
2024-03-04 04:40:00,0,0,3,3
2024-03-04 04:50:00,0,0,5,5
2024-03-04 05:00:00,0,0,2,2
2024-03-04 05:10:00,2,4,8,14
2024-03-04 05:20:00,1,3,9,13
2024-03-04 05:30:00,0,4,6,10
2024-03-04 05:40:00,5,5,10,20
2024-03-04 05:50:00,4,4,17,25
2024-03-04 06:00:00,1,5,21,27
2024-03-04 06:10:00,4,6,21,31
2024-03-04 06:20:00,6,9,13,28
2024-03-04 06:30:00,3,5,18,26
2024-03-04 06:40:00,5,7,17,29
2024-03-04 06:50:00,4,9,34,47
2024-03-04 07:00:00,7,8,19,34
2024-03-04 07:10:00,12,7,25,44
2024-03-04 07:20:00,4,14,38,56
2024-03-04 07:30:00,11,31,36,78
2024-03-04 07:40:00,13,19,48,80
2024-03-04 07:50:00,14,22,62,98
2024-03-04 08:00:00,11,23,36,70
2024-03-04 08:10:00,7,24,35,66
2024-03-04 08:20:00,10,28,39,77
2024-03-04 08:30:00,12,25,44,81
2024-03-04 08:40:00,17,24,38,79
2024-03-04 08:50:00,17,28,47,92
2024-03-04 09:00:00,8,23,62,93
2024-03-04 09:10:00,12,24,46,82
2024-03-04 09:20:00,15,19,51,85
2024-03-04 09:30:00,13,19,57,89
2024-03-04 09:40:00,16,24,50,90
2024-03-04 09:50:00,11,23,53,87
2024-03-04 10:00:00,13,34,56,103
2024-03-04 10:10:00,11,22,42,75
2024-03-04 10:20:00,7,27,49,83
2024-03-04 10:30:00,15,27,53,95
2024-03-04 10:40:00,11,28,54,93
2024-03-04 10:50:00,16,29,46,91
2024-03-04 11:00:00,14,27,47,88
2024-03-04 11:10:00,10,21,47,78
2024-03-04 11:20:00,19,31,56,106
2024-03-04 11:30:00,15,33,51,99
2024-03-04 11:40:00,7,16,55,78
2024-03-04 11:50:00,17,17,44,78
2024-03-04 12:00:00,10,22,50,82
2024-03-04 12:10:00,14,27,48,89
2024-03-04 12:20:00,14,19,47,80
2024-03-04 12:30:00,14,27,55,96
2024-03-04 12:40:00,8,19,55,82
2024-03-04 12:50:00,8,25,46,79
2024-03-04 13:00:00,11,21,51,83
2024-03-04 13:10:00,6,23,48,77
2024-03-04 13:20:00,19,22,44,85
2024-03-04 13:30:00,7,15,55,77
2024-03-04 13:40:00,9,26,61,96
2024-03-04 13:50:00,9,26,43,78
2024-03-04 14:00:00,10,24,57,91
2024-03-04 14:10:00,11,19,58,88
2024-03-04 14:20:00,6,27,51,84
2024-03-04 14:30:00,10,25,59,94
2024-03-04 14:40:00,10,30,67,107
2024-03-04 14:50:00,17,23,48,88
2024-03-04 15:00:00,12,39,43,94
2024-03-04 15:10:00,10,27,59,96
2024-03-04 15:20:00,14,19,57,90
2024-03-04 15:30:00,19,26,59,104
2024-03-04 15:40:00,11,19,72,102
2024-03-04 15:50:00,24,28,67,119
2024-03-04 16:00:00,9,27,73,109
2024-03-04 16:10:00,8,23,66,97
2024-03-04 16:20:00,13,26,46,85
2024-03-04 16:30:00,11,27,58,96
2024-03-04 16:40:00,9,17,66,92
2024-03-04 16:50:00,16,24,76,116
2024-03-04 17:00:00,12,25,63,100
2024-03-04 17:10:00,5,27,58,90
2024-03-04 17:20:00,7,21,46,74
2024-03-04 17:30:00,12,21,53,86
2024-03-04 17:40:00,9,26,59,94
2024-03-04 17:50:00,5,21,61,87
2024-03-04 18:00:00,8,14,63,85
2024-03-04 18:10:00,7,25,50,82
2024-03-04 18:20:00,6,18,54,78
2024-03-04 18:30:00,8,23,42,73
2024-03-04 18:40:00,6,20,53,79
2024-03-04 18:50:00,10,21,42,73
2024-03-04 19:00:00,8,28,46,82
2024-03-04 19:10:00,6,19,37,62
2024-03-04 19:20:00,7,14,41,62
2024-03-04 19:30:00,2,13,27,42
2024-03-04 19:40:00,4,24,37,65
2024-03-04 19:50:00,3,14,37,54
2024-03-04 20:00:00,2,9,26,37
2024-03-04 20:10:00,3,9,29,41
2024-03-04 20:20:00,4,6,27,37
2024-03-04 20:30:00,6,9,16,31
2024-03-04 20:40:00,9,11,28,48
2024-03-04 20:50:00,3,8,33,44
2024-03-04 21:00:00,6,12,20,38
2024-03-04 21:10:00,3,10,19,32
2024-03-04 21:20:00,3,4,29,36
2024-03-04 21:30:00,4,8,16,28
2024-03-04 21:40:00,2,4,19,25
2024-03-04 21:50:00,2,6,14,22
2024-03-04 22:00:00,4,11,23,38
2024-03-04 22:10:00,1,9,20,30
2024-03-04 22:20:00,2,5,18,25
2024-03-04 22:30:00,1,4,11,16
2024-03-04 22:40:00,2,6,16,24
2024-03-04 22:50:00,2,4,6,12
2024-03-04 23:00:00,1,2,11,14
2024-03-04 23:10:00,3,4,9,16
2024-03-04 23:20:00,0,1,5,6
2024-03-04 23:30:00,1,1,4,6
2024-03-04 23:40:00,1,1,5,7
2024-03-04 23:50:00,1,1,6,8
2024-03-05 00:00:00,4,5,8,17
2024-03-05 00:10:00,1,1,6,8
2024-03-05 00:20:00,1,0,3,4
2024-03-05 00:30:00,0,0,5,5
2024-03-05 00:40:00,1,1,1,3
2024-03-05 00:50:00,0,0,2,2
2024-03-05 01:00:00,0,0,6,6
2024-03-05 01:10:00,1,1,6,8
2024-03-05 01:20:00,0,1,3,4
2024-03-05 01:30:00,0,0,5,5
2024-03-05 01:40:00,1,0,2,3
2024-03-05 01:50:00,1,0,3,4
2024-03-05 02:00:00,0,0,1,1
2024-03-05 02:10:00,0,0,4,4
2024-03-05 02:20:00,0,1,0,1
2024-03-05 02:30:00,0,0,0,0
2024-03-05 02:40:00,0,0,4,4
2024-03-05 02:50:00,0,0,2,2
2024-03-05 03:00:00,0,0,3,3
2024-03-05 03:10:00,0,0,0,0
2024-03-05 03:20:00,0,0,6,6
2024-03-05 03:30:00,0,1,2,3
2024-03-05 03:40:00,1,2,2,5
2024-03-05 03:50:00,0,0,2,2
2024-03-05 04:00:00,1,1,2,4
2024-03-05 04:10:00,1,0,1,2
2024-03-05 04:20:00,0,0,3,3
2024-03-05 04:30:00,0,1,6,7
2024-03-05 04:40:00,0,0,1,1
2024-03-05 04:50:00,0,0,2,2
2024-03-05 05:00:00,0,1,4,5
2024-03-05 05:10:00,2,5,5,12
2024-03-05 05:20:00,2,1,4,7
2024-03-05 05:30:00,2,6,8,16
2024-03-05 05:40:00,5,7,16,28
2024-03-05 05:50:00,4,6,15,25
2024-03-05 06:00:00,3,4,19,26
2024-03-05 06:10:00,1,6,19,26
2024-03-05 06:20:00,6,7,17,30
2024-03-05 06:30:00,7,11,22,40
2024-03-05 06:40:00,7,9,19,35
2024-03-05 06:50:00,4,7,29,40
2024-03-05 07:00:00,6,14,23,43
2024-03-05 07:10:00,10,15,32,57
2024-03-05 07:20:00,4,17,28,49
2024-03-05 07:30:00,13,23,46,82
2024-03-05 07:40:00,15,28,45,88
2024-03-05 07:50:00,17,23,43,83
2024-03-05 08:00:00,14,23,44,81
2024-03-05 08:10:00,10,24,49,83
2024-03-05 08:20:00,10,29,42,81
2024-03-05 08:30:00,22,23,42,87
2024-03-05 08:40:00,19,32,48,99
2024-03-05 08:50:00,17,23,43,83
2024-03-05 09:00:00,12,34,34,80
2024-03-05 09:10:00,13,18,47,78
2024-03-05 09:20:00,5,32,54,91
2024-03-05 09:30:00,15,24,34,73
2024-03-05 09:40:00,12,16,49,77
2024-03-05 09:50:00,7,18,53,78
2024-03-05 10:00:00,12,20,50,82
2024-03-05 10:10:00,11,29,52,92
2024-03-05 10:20:00,13,22,56,91
2024-03-05 10:30:00,6,25,43,74
2024-03-05 10:40:00,13,31,58,102
2024-03-05 10:50:00,14,21,50,85
2024-03-05 11:00:00,15,32,47,94
2024-03-05 11:10:00,12,19,55,86
2024-03-05 11:20:00,10,24,48,82
2024-03-05 11:30:00,16,25,56,97
2024-03-05 11:40:00,15,26,51,92
2024-03-05 11:50:00,10,20,44,74
2024-03-05 12:00:00,15,30,42,87
2024-03-05 12:10:00,5,15,50,70
2024-03-05 12:20:00,17,29,49,95
2024-03-05 12:30:00,5,17,52,74
2024-03-05 12:40:00,17,26,45,88
2024-03-05 12:50:00,15,25,47,87
2024-03-05 13:00:00,15,18,49,82
2024-03-05 13:10:00,13,17,50,80
2024-03-05 13:20:00,13,20,48,81
2024-03-05 13:30:00,17,24,58,99
2024-03-05 13:40:00,13,19,45,77
2024-03-05 13:50:00,14,20,52,86
2024-03-05 14:00:00,10,19,46,75
2024-03-05 14:10:00,11,17,60,88
2024-03-05 14:20:00,6,20,54,80
2024-03-05 14:30:00,11,21,46,78
2024-03-05 14:40:00,11,22,61,94
2024-03-05 14:50:00,10,38,55,103
2024-03-05 15:00:00,12,35,43,90
2024-03-05 15:10:00,10,29,41,80
2024-03-05 15:20:00,9,32,50,91
2024-03-05 15:30:00,14,29,59,102
2024-03-05 15:40:00,13,32,62,107
2024-03-05 15:50:00,6,24,45,75
2024-03-05 16:00:00,14,28,67,109
2024-03-05 16:10:00,7,31,49,87
2024-03-05 16:20:00,10,39,48,97
2024-03-05 16:30:00,11,21,67,99
2024-03-05 16:40:00,18,32,65,115
2024-03-05 16:50:00,10,25,82,117
2024-03-05 17:00:00,12,26,62,100
2024-03-05 17:10:00,14,19,46,79
2024-03-05 17:20:00,13,11,66,90
2024-03-05 17:30:00,15,30,64,109
2024-03-05 17:40:00,12,21,56,89
2024-03-05 17:50:00,7,21,54,82
2024-03-05 18:00:00,8,15,52,75
2024-03-05 18:10:00,11,20,74,105
2024-03-05 18:20:00,12,28,42,82
2024-03-05 18:30:00,10,19,47,76
2024-03-05 18:40:00,12,25,50,87
2024-03-05 18:50:00,9,23,40,72
2024-03-05 19:00:00,6,14,55,75
2024-03-05 19:10:00,8,16,37,61
2024-03-05 19:20:00,7,11,38,56
2024-03-05 19:30:00,8,10,39,57
2024-03-05 19:40:00,5,10,31,46
2024-03-05 19:50:00,3,11,35,49
2024-03-05 20:00:00,5,12,26,43
2024-03-05 20:10:00,6,8,31,45
2024-03-05 20:20:00,4,11,37,52
2024-03-05 20:30:00,6,8,28,42
2024-03-05 20:40:00,6,8,38,52
2024-03-05 20:50:00,3,5,28,36
2024-03-05 21:00:00,5,9,32,46
2024-03-05 21:10:00,1,11,21,33
2024-03-05 21:20:00,3,12,30,45
2024-03-05 21:30:00,3,7,17,27
2024-03-05 21:40:00,2,10,22,34
2024-03-05 21:50:00,6,11,16,33
2024-03-05 22:00:00,5,13,14,32
2024-03-05 22:10:00,5,8,16,29
2024-03-05 22:20:00,0,2,15,17
2024-03-05 22:30:00,2,9,8,19
2024-03-05 22:40:00,4,7,15,26
2024-03-05 22:50:00,5,9,12,26
2024-03-05 23:00:00,3,2,12,17
2024-03-05 23:10:00,3,5,10,18
2024-03-05 23:20:00,1,3,8,12
2024-03-05 23:30:00,1,0,8,9
2024-03-05 23:40:00,2,5,7,14
2024-03-05 23:50:00,2,3,8,13
2024-03-06 00:00:00,1,1,6,8
2024-03-06 00:10:00,2,2,2,6
2024-03-06 00:20:00,0,0,3,3
2024-03-06 00:30:00,0,1,3,4
2024-03-06 00:40:00,0,0,7,7
2024-03-06 00:50:00,1,0,3,4
2024-03-06 01:00:00,2,2,1,5
2024-03-06 01:10:00,0,0,6,6
2024-03-06 01:20:00,0,0,1,1
2024-03-06 01:30:00,0,0,0,0
2024-03-06 01:40:00,0,0,1,1
2024-03-06 01:50:00,0,0,1,1
2024-03-06 02:00:00,0,1,0,1
2024-03-06 02:10:00,0,0,3,3
2024-03-06 02:20:00,0,1,3,4
2024-03-06 02:30:00,0,0,2,2
2024-03-06 02:40:00,0,0,1,1
2024-03-06 02:50:00,1,0,0,1
2024-03-06 03:00:00,0,0,2,2
2024-03-06 03:10:00,1,1,3,5
2024-03-06 03:20:00,0,0,3,3
2024-03-06 03:30:00,0,1,2,3
2024-03-06 03:40:00,0,1,3,4
2024-03-06 03:50:00,3,3,4,10
2024-03-06 04:00:00,2,2,2,6
2024-03-06 04:10:00,0,1,3,4
2024-03-06 04:20:00,0,0,5,5
2024-03-06 04:30:00,0,0,3,3
2024-03-06 04:40:00,1,1,2,4
2024-03-06 04:50:00,1,2,6,9
2024-03-06 05:00:00,0,1,1,2
2024-03-06 05:10:00,3,6,4,13
2024-03-06 05:20:00,2,3,7,12
2024-03-06 05:30:00,4,5,8,17
2024-03-06 05:40:00,1,1,8,10
2024-03-06 05:50:00,2,3,14,19
2024-03-06 06:00:00,2,3,19,24
2024-03-06 06:10:00,3,5,24,32
2024-03-06 06:20:00,6,9,20,35
2024-03-06 06:30:00,3,8,32,43
2024-03-06 06:40:00,10,8,23,41
2024-03-06 06:50:00,4,7,38,49
2024-03-06 07:00:00,6,10,23,39
2024-03-06 07:10:00,9,17,30,56
2024-03-06 07:20:00,8,23,32,63
2024-03-06 07:30:00,10,29,38,77
2024-03-06 07:40:00,12,33,46,91
2024-03-06 07:50:00,15,22,40,77
2024-03-06 08:00:00,13,21,38,72
2024-03-06 08:10:00,12,30,50,92
2024-03-06 08:20:00,11,20,40,71
2024-03-06 08:30:00,19,32,43,94
2024-03-06 08:40:00,12,22,40,74
2024-03-06 08:50:00,15,31,43,89
2024-03-06 09:00:00,16,29,39,84
2024-03-06 09:10:00,9,27,46,82
2024-03-06 09:20:00,5,16,47,68
2024-03-06 09:30:00,13,37,47,97
2024-03-06 09:40:00,17,18,45,80
2024-03-06 09:50:00,11,15,37,63
2024-03-06 10:00:00,15,24,56,95
2024-03-06 10:10:00,10,25,46,81
2024-03-06 10:20:00,14,23,49,86
2024-03-06 10:30:00,9,23,43,75
2024-03-06 10:40:00,10,22,66,98
2024-03-06 10:50:00,12,31,47,90
2024-03-06 11:00:00,12,29,58,99
2024-03-06 11:10:00,11,24,47,82
2024-03-06 11:20:00,11,25,52,88
2024-03-06 11:30:00,10,26,53,89
2024-03-06 11:40:00,12,29,42,83
2024-03-06 11:50:00,5,20,46,71
2024-03-06 12:00:00,13,18,56,87
2024-03-06 12:10:00,11,24,47,82
2024-03-06 12:20:00,7,26,41,74
2024-03-06 12:30:00,11,18,59,88
2024-03-06 12:40:00,11,18,53,82
2024-03-06 12:50:00,7,16,49,72
2024-03-06 13:00:00,8,23,59,90
2024-03-06 13:10:00,14,15,60,89
2024-03-06 13:20:00,11,19,30,60
2024-03-06 13:30:00,13,17,55,85
2024-03-06 13:40:00,13,24,54,91
2024-03-06 13:50:00,6,22,46,74
2024-03-06 14:00:00,11,16,50,77
2024-03-06 14:10:00,9,22,43,74
2024-03-06 14:20:00,9,26,51,86
2024-03-06 14:30:00,14,27,49,90
2024-03-06 14:40:00,8,24,50,82
2024-03-06 14:50:00,10,18,47,75
2024-03-06 15:00:00,8,22,57,87
2024-03-06 15:10:00,10,22,63,95
2024-03-06 15:20:00,12,28,62,102
2024-03-06 15:30:00,15,24,60,99
2024-03-06 15:40:00,11,25,50,86
2024-03-06 15:50:00,12,20,57,89
2024-03-06 16:00:00,10,23,57,90
2024-03-06 16:10:00,8,24,66,98
2024-03-06 16:20:00,9,27,53,89
2024-03-06 16:30:00,15,29,63,107
2024-03-06 16:40:00,7,23,64,94
2024-03-06 16:50:00,10,19,56,85
2024-03-06 17:00:00,6,29,45,80
2024-03-06 17:10:00,10,26,58,94
2024-03-06 17:20:00,17,28,54,99
2024-03-06 17:30:00,8,25,64,97
2024-03-06 17:40:00,11,18,45,74
2024-03-06 17:50:00,10,28,43,81
2024-03-06 18:00:00,15,27,46,88
2024-03-06 18:10:00,12,36,70,118
2024-03-06 18:20:00,12,18,43,73
2024-03-06 18:30:00,7,18,61,86
2024-03-06 18:40:00,10,19,52,81
2024-03-06 18:50:00,8,26,55,89
2024-03-06 19:00:00,9,24,39,72
2024-03-06 19:10:00,4,16,43,63
2024-03-06 19:20:00,6,18,44,68
2024-03-06 19:30:00,2,15,28,45
2024-03-06 19:40:00,8,12,31,51
2024-03-06 19:50:00,8,16,45,69
2024-03-06 20:00:00,6,13,33,52
2024-03-06 20:10:00,2,11,34,47
2024-03-06 20:20:00,2,8,38,48
2024-03-06 20:30:00,4,8,34,46
2024-03-06 20:40:00,2,8,36,46
2024-03-06 20:50:00,2,8,22,32
2024-03-06 21:00:00,2,6,23,31
2024-03-06 21:10:00,3,9,17,29
2024-03-06 21:20:00,3,7,25,35
2024-03-06 21:30:00,4,4,19,27
2024-03-06 21:40:00,4,11,20,35
2024-03-06 21:50:00,8,6,17,31
2024-03-06 22:00:00,2,10,16,28
2024-03-06 22:10:00,5,11,12,28
2024-03-06 22:20:00,4,8,12,24
2024-03-06 22:30:00,1,5,16,22
2024-03-06 22:40:00,0,3,15,18
2024-03-06 22:50:00,2,3,11,16
2024-03-06 23:00:00,1,0,20,21
2024-03-06 23:10:00,2,3,14,19
2024-03-06 23:20:00,2,0,6,8
2024-03-06 23:30:00,3,3,9,15
2024-03-06 23:40:00,2,5,14,21
2024-03-06 23:50:00,1,1,4,6
2024-03-07 00:00:00,0,0,6,6
2024-03-07 00:10:00,1,1,2,4
2024-03-07 00:20:00,0,0,4,4
2024-03-07 00:30:00,3,1,5,9
2024-03-07 00:40:00,1,1,0,2
2024-03-07 00:50:00,1,2,3,6
2024-03-07 01:00:00,0,0,5,5
2024-03-07 01:10:00,2,2,3,7
2024-03-07 01:20:00,0,0,3,3
2024-03-07 01:30:00,1,2,4,7
2024-03-07 01:40:00,1,1,2,4
2024-03-07 01:50:00,2,2,3,7
2024-03-07 02:00:00,1,2,2,5
2024-03-07 02:10:00,1,0,1,2
2024-03-07 02:20:00,0,0,1,1
2024-03-07 02:30:00,0,0,3,3
2024-03-07 02:40:00,0,2,2,4
2024-03-07 02:50:00,0,0,4,4
2024-03-07 03:00:00,0,1,1,2
2024-03-07 03:10:00,0,1,0,1
2024-03-07 03:20:00,0,1,1,2
2024-03-07 03:30:00,1,1,1,3
2024-03-07 03:40:00,1,1,0,2
2024-03-07 03:50:00,0,0,3,3
2024-03-07 04:00:00,1,1,5,7
2024-03-07 04:10:00,0,0,0,0
2024-03-07 04:20:00,0,0,2,2
2024-03-07 04:30:00,0,1,5,6
2024-03-07 04:40:00,1,0,1,2
2024-03-07 04:50:00,0,1,5,6
2024-03-07 05:00:00,0,0,2,2
2024-03-07 05:10:00,2,4,8,14
2024-03-07 05:20:00,1,4,4,9
2024-03-07 05:30:00,3,3,9,15
2024-03-07 05:40:00,1,5,14,20
2024-03-07 05:50:00,2,3,16,21
2024-03-07 06:00:00,3,5,22,30
2024-03-07 06:10:00,3,2,17,22
2024-03-07 06:20:00,5,5,21,31
2024-03-07 06:30:00,6,4,15,25
2024-03-07 06:40:00,4,9,28,41
2024-03-07 06:50:00,7,8,30,45
2024-03-07 07:00:00,2,11,30,43
2024-03-07 07:10:00,3,8,25,36
2024-03-07 07:20:00,12,12,37,61
2024-03-07 07:30:00,9,30,37,76
2024-03-07 07:40:00,17,25,43,85
2024-03-07 07:50:00,18,28,52,98
2024-03-07 08:00:00,21,33,47,101
2024-03-07 08:10:00,12,26,40,78
2024-03-07 08:20:00,11,25,39,75
2024-03-07 08:30:00,17,27,57,101
2024-03-07 08:40:00,17,26,46,89
2024-03-07 08:50:00,19,29,42,90
2024-03-07 09:00:00,14,32,32,78
2024-03-07 09:10:00,13,19,53,85
2024-03-07 09:20:00,13,24,40,77
2024-03-07 09:30:00,14,18,51,83
2024-03-07 09:40:00,18,29,44,91
2024-03-07 09:50:00,11,21,54,86
2024-03-07 10:00:00,16,23,47,86
2024-03-07 10:10:00,13,18,53,84
2024-03-07 10:20:00,10,19,45,74
2024-03-07 10:30:00,9,22,49,80
2024-03-07 10:40:00,12,24,44,80
2024-03-07 10:50:00,11,21,48,80
2024-03-07 11:00:00,9,18,48,75
2024-03-07 11:10:00,10,27,52,89
2024-03-07 11:20:00,19,25,44,88
2024-03-07 11:30:00,18,20,46,84
2024-03-07 11:40:00,13,26,49,88
2024-03-07 11:50:00,15,28,51,94
2024-03-07 12:00:00,8,13,51,72
2024-03-07 12:10:00,12,23,40,75
2024-03-07 12:20:00,6,15,40,61
2024-03-07 12:30:00,12,29,54,95
2024-03-07 12:40:00,11,24,49,84
2024-03-07 12:50:00,8,38,53,99
2024-03-07 13:00:00,15,22,37,74
2024-03-07 13:10:00,12,30,58,100
2024-03-07 13:20:00,16,30,46,92
2024-03-07 13:30:00,10,25,32,67
2024-03-07 13:40:00,8,25,59,92
2024-03-07 13:50:00,14,22,54,90
2024-03-07 14:00:00,8,21,48,77
2024-03-07 14:10:00,10,30,51,91
2024-03-07 14:20:00,14,22,45,81
2024-03-07 14:30:00,14,34,55,103
2024-03-07 14:40:00,17,28,56,101
2024-03-07 14:50:00,18,35,54,107
2024-03-07 15:00:00,13,29,50,92
2024-03-07 15:10:00,14,30,59,103
2024-03-07 15:20:00,15,28,72,115
2024-03-07 15:30:00,8,28,61,97
2024-03-07 15:40:00,16,30,62,108
2024-03-07 15:50:00,16,24,53,93
2024-03-07 16:00:00,13,34,52,99
2024-03-07 16:10:00,12,22,68,102
2024-03-07 16:20:00,13,32,64,109
2024-03-07 16:30:00,17,23,57,97
2024-03-07 16:40:00,16,28,62,106
2024-03-07 16:50:00,9,28,62,99
2024-03-07 17:00:00,7,27,62,96
2024-03-07 17:10:00,11,27,73,111
2024-03-07 17:20:00,6,33,53,92
2024-03-07 17:30:00,7,36,69,112
2024-03-07 17:40:00,13,42,62,117
2024-03-07 17:50:00,7,22,56,85
2024-03-07 18:00:00,12,22,42,76
2024-03-07 18:10:00,10,22,66,98
2024-03-07 18:20:00,4,23,61,88
2024-03-07 18:30:00,11,20,42,73
2024-03-07 18:40:00,10,19,28,57
2024-03-07 18:50:00,9,25,48,82
2024-03-07 19:00:00,14,19,34,67
2024-03-07 19:10:00,7,15,41,63
2024-03-07 19:20:00,6,15,48,69
2024-03-07 19:30:00,4,15,30,49
2024-03-07 19:40:00,5,15,31,51
2024-03-07 19:50:00,4,10,36,50
2024-03-07 20:00:00,6,5,39,50
2024-03-07 20:10:00,4,15,28,47
2024-03-07 20:20:00,2,8,40,50
2024-03-07 20:30:00,5,12,31,48
2024-03-07 20:40:00,4,7,34,45
2024-03-07 20:50:00,4,10,30,44
2024-03-07 21:00:00,3,7,20,30
2024-03-07 21:10:00,3,11,22,36
2024-03-07 21:20:00,4,8,14,26
2024-03-07 21:30:00,3,6,21,30
2024-03-07 21:40:00,6,12,23,41
2024-03-07 21:50:00,3,8,21,32
2024-03-07 22:00:00,2,3,17,22
2024-03-07 22:10:00,3,7,13,23
2024-03-07 22:20:00,5,3,10,18
2024-03-07 22:30:00,1,4,8,13
2024-03-07 22:40:00,3,6,9,18
2024-03-07 22:50:00,5,9,12,26
2024-03-07 23:00:00,0,3,11,14
2024-03-07 23:10:00,4,4,11,19
2024-03-07 23:20:00,2,6,10,18
2024-03-07 23:30:00,5,3,7,15
2024-03-07 23:40:00,3,0,7,10
2024-03-07 23:50:00,0,2,7,9
2024-03-08 00:00:00,2,4,5,11
2024-03-08 00:10:00,1,2,12,15
2024-03-08 00:20:00,1,0,5,6
2024-03-08 00:30:00,0,0,5,5
2024-03-08 00:40:00,0,0,6,6
2024-03-08 00:50:00,0,1,0,1
2024-03-08 01:00:00,0,1,2,3
2024-03-08 01:10:00,0,0,4,4
2024-03-08 01:20:00,0,0,4,4
2024-03-08 01:30:00,0,0,2,2
2024-03-08 01:40:00,1,2,1,4
2024-03-08 01:50:00,0,1,1,2
2024-03-08 02:00:00,0,0,1,1
2024-03-08 02:10:00,0,3,3,6
2024-03-08 02:20:00,0,0,2,2
2024-03-08 02:30:00,1,1,1,3
2024-03-08 02:40:00,0,1,5,6
2024-03-08 02:50:00,0,1,4,5
2024-03-08 03:00:00,0,0,1,1
2024-03-08 03:10:00,1,1,1,3
2024-03-08 03:20:00,0,0,2,2
2024-03-08 03:30:00,1,1,4,6
2024-03-08 03:40:00,1,2,3,6
2024-03-08 03:50:00,1,1,0,2
2024-03-08 04:00:00,1,2,1,4
2024-03-08 04:10:00,1,1,6,8
2024-03-08 04:20:00,2,1,3,6
2024-03-08 04:30:00,0,0,4,4
2024-03-08 04:40:00,0,1,2,3
2024-03-08 04:50:00,0,2,3,5
2024-03-08 05:00:00,0,0,3,3
2024-03-08 05:10:00,2,2,5,9
2024-03-08 05:20:00,2,3,1,6
2024-03-08 05:30:00,1,4,9,14
2024-03-08 05:40:00,2,5,11,18
2024-03-08 05:50:00,6,5,16,27
2024-03-08 06:00:00,4,7,22,33
2024-03-08 06:10:00,4,6,17,27
2024-03-08 06:20:00,2,0,21,23
2024-03-08 06:30:00,1,2,23,26
2024-03-08 06:40:00,7,7,18,32
2024-03-08 06:50:00,6,6,29,41
2024-03-08 07:00:00,6,12,26,44
2024-03-08 07:10:00,3,7,25,35
2024-03-08 07:20:00,5,12,43,60
2024-03-08 07:30:00,9,26,45,80
2024-03-08 07:40:00,13,29,49,91
2024-03-08 07:50:00,14,20,44,78
2024-03-08 08:00:00,17,27,32,76
2024-03-08 08:10:00,12,18,42,72
2024-03-08 08:20:00,10,22,51,83
2024-03-08 08:30:00,14,18,47,79
2024-03-08 08:40:00,10,30,38,78
2024-03-08 08:50:00,12,29,42,83
2024-03-08 09:00:00,17,18,38,73
2024-03-08 09:10:00,12,21,39,72
2024-03-08 09:20:00,14,14,41,69
2024-03-08 09:30:00,7,20,44,71
2024-03-08 09:40:00,10,20,42,72
2024-03-08 09:50:00,13,24,64,101
2024-03-08 10:00:00,10,23,42,75
2024-03-08 10:10:00,11,22,43,76
2024-03-08 10:20:00,12,23,34,69
2024-03-08 10:30:00,18,27,49,94
2024-03-08 10:40:00,19,24,38,81
2024-03-08 10:50:00,9,21,52,82
2024-03-08 11:00:00,8,20,55,83
2024-03-08 11:10:00,16,29,60,105
2024-03-08 11:20:00,12,15,47,74
2024-03-08 11:30:00,21,26,54,101
2024-03-08 11:40:00,7,20,56,83
2024-03-08 11:50:00,8,29,48,85
2024-03-08 12:00:00,19,28,40,87
2024-03-08 12:10:00,13,22,50,85
2024-03-08 12:20:00,10,17,47,74
2024-03-08 12:30:00,17,31,51,99
2024-03-08 12:40:00,15,28,54,97
2024-03-08 12:50:00,5,24,60,89
2024-03-08 13:00:00,16,21,45,82
2024-03-08 13:10:00,9,21,46,76
2024-03-08 13:20:00,18,37,50,105
2024-03-08 13:30:00,11,18,53,82
2024-03-08 13:40:00,10,26,49,85
2024-03-08 13:50:00,7,24,59,90
2024-03-08 14:00:00,5,15,44,64
2024-03-08 14:10:00,14,29,61,104
2024-03-08 14:20:00,11,41,55,107
2024-03-08 14:30:00,10,26,58,94
2024-03-08 14:40:00,8,33,62,103
2024-03-08 14:50:00,16,23,52,91
2024-03-08 15:00:00,14,29,61,104
2024-03-08 15:10:00,15,16,49,80
2024-03-08 15:20:00,12,29,54,95
2024-03-08 15:30:00,12,30,55,97
2024-03-08 15:40:00,12,22,71,105
2024-03-08 15:50:00,6,21,59,86
2024-03-08 16:00:00,11,28,57,96
2024-03-08 16:10:00,14,31,49,94
2024-03-08 16:20:00,9,27,53,89
2024-03-08 16:30:00,8,29,56,93
2024-03-08 16:40:00,17,17,58,92
2024-03-08 16:50:00,10,25,48,83
2024-03-08 17:00:00,7,22,66,95
2024-03-08 17:10:00,10,30,45,85
2024-03-08 17:20:00,9,36,56,101
2024-03-08 17:30:00,8,35,69,112
2024-03-08 17:40:00,10,22,62,94
2024-03-08 17:50:00,13,26,56,95
2024-03-08 18:00:00,15,39,59,113
2024-03-08 18:10:00,9,30,59,98
2024-03-08 18:20:00,13,33,63,109
2024-03-08 18:30:00,8,23,58,89
2024-03-08 18:40:00,4,21,47,72
2024-03-08 18:50:00,6,18,56,80
2024-03-08 19:00:00,7,26,51,84
2024-03-08 19:10:00,5,21,42,68
2024-03-08 19:20:00,10,23,33,66
2024-03-08 19:30:00,0,22,38,60
2024-03-08 19:40:00,3,12,42,57
2024-03-08 19:50:00,4,19,37,60
2024-03-08 20:00:00,6,11,49,66
2024-03-08 20:10:00,1,12,43,56
2024-03-08 20:20:00,2,13,29,44
2024-03-08 20:30:00,6,11,31,48
2024-03-08 20:40:00,8,10,36,54
2024-03-08 20:50:00,5,10,29,44
2024-03-08 21:00:00,5,7,35,47
2024-03-08 21:10:00,2,7,24,33
2024-03-08 21:20:00,3,11,24,38
2024-03-08 21:30:00,3,9,25,37
2024-03-08 21:40:00,3,3,28,34
2024-03-08 21:50:00,4,12,27,43
2024-03-08 22:00:00,3,10,25,38
2024-03-08 22:10:00,3,10,18,31
2024-03-08 22:20:00,3,5,17,25
2024-03-08 22:30:00,4,11,30,45
2024-03-08 22:40:00,6,9,20,35
2024-03-08 22:50:00,2,7,16,25
2024-03-08 23:00:00,2,1,17,20
2024-03-08 23:10:00,6,8,13,27
2024-03-08 23:20:00,0,5,17,22
2024-03-08 23:30:00,5,6,12,23
2024-03-08 23:40:00,0,6,18,24
2024-03-08 23:50:00,1,4,11,16
2024-03-09 00:00:00,3,8,18,29
2024-03-09 00:10:00,6,8,17,31
2024-03-09 00:20:00,1,2,18,21
2024-03-09 00:30:00,1,7,11,19
2024-03-09 00:40:00,2,1,11,14
2024-03-09 00:50:00,2,3,12,17
2024-03-09 01:00:00,2,4,7,13
2024-03-09 01:10:00,3,1,7,11
2024-03-09 01:20:00,2,2,5,9
2024-03-09 01:30:00,2,2,11,15
2024-03-09 01:40:00,1,3,5,9
2024-03-09 01:50:00,0,1,3,4
2024-03-09 02:00:00,0,1,9,10
2024-03-09 02:10:00,0,1,7,8
2024-03-09 02:20:00,1,5,3,9
2024-03-09 02:30:00,2,2,9,13
2024-03-09 02:40:00,3,2,5,10
2024-03-09 02:50:00,1,3,3,7
2024-03-09 03:00:00,1,1,8,10
2024-03-09 03:10:00,0,3,3,6
2024-03-09 03:20:00,0,0,4,4
2024-03-09 03:30:00,0,1,1,2
2024-03-09 03:40:00,2,2,4,8
2024-03-09 03:50:00,0,3,3,6
2024-03-09 04:00:00,0,0,2,2
2024-03-09 04:10:00,1,0,3,4
2024-03-09 04:20:00,1,2,4,7
2024-03-09 04:30:00,1,2,4,7
2024-03-09 04:40:00,0,3,3,6
2024-03-09 04:50:00,0,2,4,6
2024-03-09 05:00:00,1,1,5,7
2024-03-09 05:10:00,2,3,4,9
2024-03-09 05:20:00,1,4,6,11
2024-03-09 05:30:00,0,1,5,6
2024-03-09 05:40:00,2,4,6,12
2024-03-09 05:50:00,4,2,10,16
2024-03-09 06:00:00,4,2,9,15
2024-03-09 06:10:00,0,3,9,12
2024-03-09 06:20:00,2,1,9,12
2024-03-09 06:30:00,2,3,9,14
2024-03-09 06:40:00,3,1,5,9
2024-03-09 06:50:00,1,3,8,12
2024-03-09 07:00:00,1,4,4,9
2024-03-09 07:10:00,1,1,5,7
2024-03-09 07:20:00,1,3,8,12
2024-03-09 07:30:00,2,7,5,14
2024-03-09 07:40:00,3,6,8,17
2024-03-09 07:50:00,0,2,13,15
2024-03-09 08:00:00,0,6,11,17
2024-03-09 08:10:00,2,3,18,23
2024-03-09 08:20:00,3,3,9,15
2024-03-09 08:30:00,6,17,19,42
2024-03-09 08:40:00,5,13,12,30
2024-03-09 08:50:00,7,9,24,40
2024-03-09 09:00:00,5,12,19,36
2024-03-09 09:10:00,4,12,23,39
2024-03-09 09:20:00,7,14,20,41
2024-03-09 09:30:00,6,14,21,41
2024-03-09 09:40:00,6,17,29,52
2024-03-09 09:50:00,5,20,40,65
2024-03-09 10:00:00,8,20,34,62
2024-03-09 10:10:00,11,12,47,70
2024-03-09 10:20:00,10,23,49,82
2024-03-09 10:30:00,7,26,34,67
2024-03-09 10:40:00,11,24,40,75
2024-03-09 10:50:00,8,23,30,61
2024-03-09 11:00:00,6,22,43,71
2024-03-09 11:10:00,9,25,36,70
2024-03-09 11:20:00,8,24,34,66
2024-03-09 11:30:00,7,25,37,69
2024-03-09 11:40:00,10,23,41,74
2024-03-09 11:50:00,6,15,47,68
2024-03-09 12:00:00,9,25,26,60
2024-03-09 12:10:00,8,25,50,83
2024-03-09 12:20:00,5,18,45,68
2024-03-09 12:30:00,4,20,53,77
2024-03-09 12:40:00,14,30,34,78
2024-03-09 12:50:00,13,28,49,90
2024-03-09 13:00:00,12,26,58,96
2024-03-09 13:10:00,13,31,47,91
2024-03-09 13:20:00,13,33,55,101
2024-03-09 13:30:00,6,29,55,90
2024-03-09 13:40:00,9,20,47,76
2024-03-09 13:50:00,16,28,50,94
2024-03-09 14:00:00,13,26,42,81
2024-03-09 14:10:00,12,23,50,85
2024-03-09 14:20:00,6,22,48,76
2024-03-09 14:30:00,9,34,66,109
2024-03-09 14:40:00,10,31,43,84
2024-03-09 14:50:00,11,19,52,82
2024-03-09 15:00:00,15,19,62,96
2024-03-09 15:10:00,9,28,45,82
2024-03-09 15:20:00,7,21,57,85
2024-03-09 15:30:00,9,18,63,90
2024-03-09 15:40:00,6,27,44,77
2024-03-09 15:50:00,8,25,41,74
2024-03-09 16:00:00,9,15,43,67
2024-03-09 16:10:00,4,27,52,83
2024-03-09 16:20:00,8,20,42,70
2024-03-09 16:30:00,6,21,43,70
2024-03-09 16:40:00,9,24,53,86
2024-03-09 16:50:00,3,16,31,50
2024-03-09 17:00:00,7,18,41,66
2024-03-09 17:10:00,8,19,43,70
2024-03-09 17:20:00,11,20,47,78
2024-03-09 17:30:00,17,26,37,80
2024-03-09 17:40:00,5,24,45,74
2024-03-09 17:50:00,5,18,52,75
2024-03-09 18:00:00,3,13,34,50
2024-03-09 18:10:00,8,16,44,68
2024-03-09 18:20:00,4,22,42,68
2024-03-09 18:30:00,9,29,46,84
2024-03-09 18:40:00,4,23,51,78
2024-03-09 18:50:00,9,28,38,75
2024-03-09 19:00:00,6,22,41,69
2024-03-09 19:10:00,4,26,39,69
2024-03-09 19:20:00,12,15,38,65
2024-03-09 19:30:00,3,19,29,51
2024-03-09 19:40:00,5,16,40,61
2024-03-09 19:50:00,4,11,33,48
2024-03-09 20:00:00,4,16,38,58
2024-03-09 20:10:00,8,17,26,51
2024-03-09 20:20:00,5,13,26,44
2024-03-09 20:30:00,7,21,16,44
2024-03-09 20:40:00,3,15,23,41
2024-03-09 20:50:00,3,8,17,28
2024-03-09 21:00:00,1,6,27,34
2024-03-09 21:10:00,2,10,27,39
2024-03-09 21:20:00,3,8,22,33
2024-03-09 21:30:00,5,14,19,38
2024-03-09 21:40:00,5,6,25,36
2024-03-09 21:50:00,6,7,15,28
2024-03-09 22:00:00,4,10,14,28
2024-03-09 22:10:00,0,9,20,29
2024-03-09 22:20:00,5,8,18,31
2024-03-09 22:30:00,7,10,15,32
2024-03-09 22:40:00,3,12,17,32
2024-03-09 22:50:00,1,6,16,23
2024-03-09 23:00:00,2,5,24,31
2024-03-09 23:10:00,4,9,15,28
2024-03-09 23:20:00,4,9,14,27
2024-03-09 23:30:00,2,5,15,22
2024-03-09 23:40:00,1,9,19,29
2024-03-09 23:50:00,1,3,20,24
2024-03-10 00:00:00,4,8,16,28
2024-03-10 00:10:00,2,7,9,18
2024-03-10 00:20:00,3,10,9,22
2024-03-10 00:30:00,2,4,14,20
2024-03-10 00:40:00,1,1,13,15
2024-03-10 00:50:00,0,1,8,9
2024-03-10 01:00:00,2,2,19,23
2024-03-10 01:10:00,1,3,11,15
2024-03-10 01:20:00,1,1,9,11
2024-03-10 01:30:00,2,3,4,9
2024-03-10 01:40:00,2,1,8,11
2024-03-10 01:50:00,0,0,9,9
2024-03-10 02:00:00,1,1,3,5
2024-03-10 02:10:00,0,4,9,13
2024-03-10 02:20:00,1,1,10,12
2024-03-10 02:30:00,0,2,8,10
2024-03-10 02:40:00,3,4,7,14
2024-03-10 02:50:00,3,1,4,8
2024-03-10 03:00:00,0,2,7,9
2024-03-10 03:10:00,2,2,5,9
2024-03-10 03:20:00,2,5,2,9
2024-03-10 03:30:00,3,4,9,16
2024-03-10 03:40:00,2,2,3,7
2024-03-10 03:50:00,0,1,9,10
2024-03-10 04:00:00,1,1,5,7
2024-03-10 04:10:00,0,0,9,9
2024-03-10 04:20:00,1,1,7,9
2024-03-10 04:30:00,0,1,7,8
2024-03-10 04:40:00,2,4,2,8
2024-03-10 04:50:00,0,0,2,2
2024-03-10 05:00:00,0,0,4,4
2024-03-10 05:10:00,0,0,3,3
2024-03-10 05:20:00,1,0,3,4
2024-03-10 05:30:00,0,3,5,8
2024-03-10 05:40:00,3,0,10,13
2024-03-10 05:50:00,3,4,7,14
2024-03-10 06:00:00,2,1,7,10
2024-03-10 06:10:00,0,3,5,8
2024-03-10 06:20:00,1,0,6,7
2024-03-10 06:30:00,0,0,8,8
2024-03-10 06:40:00,1,2,12,15
2024-03-10 06:50:00,1,0,6,7
2024-03-10 07:00:00,0,0,5,5
2024-03-10 07:10:00,0,0,4,4
2024-03-10 07:20:00,2,8,4,14
2024-03-10 07:30:00,2,2,7,11
2024-03-10 07:40:00,0,0,5,5
2024-03-10 07:50:00,2,4,1,7
2024-03-10 08:00:00,0,1,7,8
2024-03-10 08:10:00,1,0,6,7
2024-03-10 08:20:00,2,3,3,8
2024-03-10 08:30:00,2,2,6,10
2024-03-10 08:40:00,1,5,9,15
2024-03-10 08:50:00,2,2,11,15
2024-03-10 09:00:00,0,2,6,8
2024-03-10 09:10:00,2,5,15,22
2024-03-10 09:20:00,3,3,11,17
2024-03-10 09:30:00,5,9,12,26
2024-03-10 09:40:00,4,7,19,30
2024-03-10 09:50:00,5,7,18,30
2024-03-10 10:00:00,4,8,19,31
2024-03-10 10:10:00,4,8,19,31
2024-03-10 10:20:00,2,9,24,35
2024-03-10 10:30:00,8,9,11,28
2024-03-10 10:40:00,5,11,21,37
2024-03-10 10:50:00,3,9,18,30
2024-03-10 11:00:00,5,13,21,39
2024-03-10 11:10:00,3,8,16,27
2024-03-10 11:20:00,3,12,22,37
2024-03-10 11:30:00,12,14,34,60
2024-03-10 11:40:00,7,13,26,46
2024-03-10 11:50:00,4,20,34,58
2024-03-10 12:00:00,4,16,29,49
2024-03-10 12:10:00,6,12,27,45
2024-03-10 12:20:00,7,16,34,57
2024-03-10 12:30:00,6,18,22,46
2024-03-10 12:40:00,8,15,26,49
2024-03-10 12:50:00,7,10,36,53
2024-03-10 13:00:00,2,13,34,49
2024-03-10 13:10:00,9,17,31,57
2024-03-10 13:20:00,4,10,26,40
2024-03-10 13:30:00,5,12,29,46
2024-03-10 13:40:00,2,9,29,40
2024-03-10 13:50:00,4,12,35,51
2024-03-10 14:00:00,10,17,39,66
2024-03-10 14:10:00,7,22,44,73
2024-03-10 14:20:00,5,13,35,53
2024-03-10 14:30:00,1,19,33,53
2024-03-10 14:40:00,9,14,29,52
2024-03-10 14:50:00,5,17,28,50
2024-03-10 15:00:00,7,9,29,45
2024-03-10 15:10:00,7,12,26,45
2024-03-10 15:20:00,5,16,33,54
2024-03-10 15:30:00,7,16,41,64
2024-03-10 15:40:00,7,18,32,57
2024-03-10 15:50:00,6,20,35,61
2024-03-10 16:00:00,8,14,41,63
2024-03-10 16:10:00,3,11,23,37
2024-03-10 16:20:00,8,16,34,58
2024-03-10 16:30:00,6,16,30,52
2024-03-10 16:40:00,5,13,31,49
2024-03-10 16:50:00,5,17,37,59
2024-03-10 17:00:00,4,16,29,49
2024-03-10 17:10:00,8,20,30,58
2024-03-10 17:20:00,11,26,34,71
2024-03-10 17:30:00,4,18,34,56
2024-03-10 17:40:00,10,17,29,56
2024-03-10 17:50:00,9,22,39,70
2024-03-10 18:00:00,4,12,27,43
2024-03-10 18:10:00,3,13,44,60
2024-03-10 18:20:00,5,14,36,55
2024-03-10 18:30:00,1,10,36,47
2024-03-10 18:40:00,6,9,34,49
2024-03-10 18:50:00,3,19,28,50
2024-03-10 19:00:00,5,15,35,55
2024-03-10 19:10:00,5,5,31,41
2024-03-10 19:20:00,2,10,24,36
2024-03-10 19:30:00,3,6,27,36
2024-03-10 19:40:00,5,11,23,39
2024-03-10 19:50:00,1,11,27,39
2024-03-10 20:00:00,7,7,23,37
2024-03-10 20:10:00,3,11,21,35
2024-03-10 20:20:00,5,12,24,41
2024-03-10 20:30:00,3,8,19,30
2024-03-10 20:40:00,3,8,14,25
2024-03-10 20:50:00,2,8,17,27
2024-03-10 21:00:00,1,2,19,22
2024-03-10 21:10:00,3,8,24,35
2024-03-10 21:20:00,3,7,27,37
2024-03-10 21:30:00,5,9,21,35
2024-03-10 21:40:00,7,8,20,35
2024-03-10 21:50:00,5,4,12,21
2024-03-10 22:00:00,3,6,19,28
2024-03-10 22:10:00,2,6,7,15
2024-03-10 22:20:00,0,0,12,12
2024-03-10 22:30:00,3,7,8,18
2024-03-10 22:40:00,0,1,9,10
2024-03-10 22:50:00,1,3,11,15
2024-03-10 23:00:00,1,0,7,8
2024-03-10 23:10:00,1,7,6,14
2024-03-10 23:20:00,0,1,6,7
2024-03-10 23:30:00,0,1,7,8
2024-03-10 23:40:00,0,3,7,10
2024-03-10 23:50:00,0,2,4,6
2024-03-11 00:00:00,3,3,5,11
2024-03-11 00:10:00,0,0,3,3
2024-03-11 00:20:00,0,0,8,8
2024-03-11 00:30:00,0,1,1,2
2024-03-11 00:40:00,0,0,2,2
2024-03-11 00:50:00,1,0,3,4
2024-03-11 01:00:00,0,1,1,2
2024-03-11 01:10:00,1,2,4,7
2024-03-11 01:20:00,1,1,0,2
2024-03-11 01:30:00,0,0,2,2
2024-03-11 01:40:00,1,0,1,2
2024-03-11 01:50:00,0,0,1,1
2024-03-11 02:00:00,0,0,1,1
2024-03-11 02:10:00,0,0,4,4
2024-03-11 02:20:00,1,1,2,4
2024-03-11 02:30:00,0,2,3,5
2024-03-11 02:40:00,0,0,1,1
2024-03-11 02:50:00,0,0,2,2
2024-03-11 03:00:00,0,0,1,1
2024-03-11 03:10:00,0,0,0,0
2024-03-11 03:20:00,0,0,0,0
2024-03-11 03:30:00,1,2,2,5
2024-03-11 03:40:00,0,0,2,2
2024-03-11 03:50:00,0,0,1,1
2024-03-11 04:00:00,1,2,4,7
2024-03-11 04:10:00,0,1,2,3
2024-03-11 04:20:00,1,0,3,4
2024-03-11 04:30:00,0,0,1,1
2024-03-11 04:40:00,0,0,0,0
2024-03-11 04:50:00,0,0,3,3
2024-03-11 05:00:00,1,1,3,5
2024-03-11 05:10:00,8,7,5,20
2024-03-11 05:20:00,3,3,11,17
2024-03-11 05:30:00,4,7,8,19
2024-03-11 05:40:00,3,5,14,22
2024-03-11 05:50:00,3,9,16,28
2024-03-11 06:00:00,1,7,20,28
2024-03-11 06:10:00,2,9,19,30
2024-03-11 06:20:00,4,4,20,28
2024-03-11 06:30:00,0,2,18,20
2024-03-11 06:40:00,1,5,19,25
2024-03-11 06:50:00,4,7,27,38
2024-03-11 07:00:00,4,9,19,32
2024-03-11 07:10:00,14,15,24,53
2024-03-11 07:20:00,5,8,32,45
2024-03-11 07:30:00,13,26,50,89
2024-03-11 07:40:00,20,30,32,82
2024-03-11 07:50:00,22,24,45,91
2024-03-11 08:00:00,17,20,32,69
2024-03-11 08:10:00,7,27,44,78
2024-03-11 08:20:00,12,26,37,75
2024-03-11 08:30:00,16,27,44,87
2024-03-11 08:40:00,13,24,41,78
2024-03-11 08:50:00,23,28,34,85
2024-03-11 09:00:00,9,19,55,83
2024-03-11 09:10:00,13,23,45,81
2024-03-11 09:20:00,8,23,47,78
2024-03-11 09:30:00,11,26,59,96
2024-03-11 09:40:00,10,20,41,71
2024-03-11 09:50:00,13,33,44,90
2024-03-11 10:00:00,11,28,52,91
2024-03-11 10:10:00,12,27,44,83
2024-03-11 10:20:00,10,28,47,85
2024-03-11 10:30:00,10,27,50,87
2024-03-11 10:40:00,10,21,69,100
2024-03-11 10:50:00,11,20,49,80
2024-03-11 11:00:00,16,29,35,80
2024-03-11 11:10:00,8,12,41,61
2024-03-11 11:20:00,8,26,38,72
2024-03-11 11:30:00,12,18,49,79
2024-03-11 11:40:00,13,24,37,74
2024-03-11 11:50:00,15,25,41,81
2024-03-11 12:00:00,10,18,51,79
2024-03-11 12:10:00,9,21,40,70
2024-03-11 12:20:00,16,36,46,98
2024-03-11 12:30:00,7,20,44,71
2024-03-11 12:40:00,12,19,45,76
2024-03-11 12:50:00,13,22,50,85
2024-03-11 13:00:00,6,27,40,73
2024-03-11 13:10:00,11,20,52,83
2024-03-11 13:20:00,13,24,35,72
2024-03-11 13:30:00,9,24,58,91
2024-03-11 13:40:00,7,26,61,94
2024-03-11 13:50:00,16,25,47,88
2024-03-11 14:00:00,8,28,38,74
2024-03-11 14:10:00,11,23,60,94
2024-03-11 14:20:00,12,21,40,73
2024-03-11 14:30:00,11,29,59,99
2024-03-11 14:40:00,11,21,52,84
2024-03-11 14:50:00,13,23,43,79
2024-03-11 15:00:00,17,23,55,95
2024-03-11 15:10:00,4,20,51,75
2024-03-11 15:20:00,12,23,58,93
2024-03-11 15:30:00,11,28,55,94
2024-03-11 15:40:00,13,28,69,110
2024-03-11 15:50:00,14,33,63,110
2024-03-11 16:00:00,7,31,66,104
2024-03-11 16:10:00,12,19,65,96
2024-03-11 16:20:00,10,29,58,97
2024-03-11 16:30:00,11,19,63,93
2024-03-11 16:40:00,10,25,66,101
2024-03-11 16:50:00,12,19,56,87
2024-03-11 17:00:00,13,16,56,85
2024-03-11 17:10:00,7,17,50,74
2024-03-11 17:20:00,12,19,45,76
2024-03-11 17:30:00,12,23,57,92
2024-03-11 17:40:00,10,19,58,87
2024-03-11 17:50:00,12,24,65,101
2024-03-11 18:00:00,12,18,57,87
2024-03-11 18:10:00,7,26,48,81
2024-03-11 18:20:00,6,22,42,70
2024-03-11 18:30:00,8,13,35,56
2024-03-11 18:40:00,4,21,40,65
2024-03-11 18:50:00,8,19,29,56
2024-03-11 19:00:00,8,17,38,63
2024-03-11 19:10:00,6,12,27,45
2024-03-11 19:20:00,7,20,26,53
2024-03-11 19:30:00,2,9,22,33
2024-03-11 19:40:00,5,13,30,48
2024-03-11 19:50:00,8,5,29,42
2024-03-11 20:00:00,7,11,22,40
2024-03-11 20:10:00,5,11,30,46
2024-03-11 20:20:00,4,9,15,28
2024-03-11 20:30:00,3,5,26,34
2024-03-11 20:40:00,9,12,23,44
2024-03-11 20:50:00,3,6,20,29
2024-03-11 21:00:00,2,3,17,22
2024-03-11 21:10:00,3,8,25,36
2024-03-11 21:20:00,1,10,24,35
2024-03-11 21:30:00,1,3,19,23
2024-03-11 21:40:00,6,6,20,32
2024-03-11 21:50:00,2,7,17,26
2024-03-11 22:00:00,3,6,19,28
2024-03-11 22:10:00,4,10,19,33
2024-03-11 22:20:00,1,6,14,21
2024-03-11 22:30:00,3,5,14,22
2024-03-11 22:40:00,3,7,12,22
2024-03-11 22:50:00,2,8,12,22
2024-03-11 23:00:00,1,3,9,13
2024-03-11 23:10:00,1,0,4,5
2024-03-11 23:20:00,1,1,3,5
2024-03-11 23:30:00,0,0,8,8
2024-03-11 23:40:00,2,3,4,9
2024-03-11 23:50:00,1,2,3,6
2024-03-12 00:00:00,1,4,3,8
2024-03-12 00:10:00,2,1,3,6
2024-03-12 00:20:00,0,1,4,5
2024-03-12 00:30:00,1,3,7,11
2024-03-12 00:40:00,0,0,4,4
2024-03-12 00:50:00,0,0,2,2
2024-03-12 01:00:00,0,0,7,7
2024-03-12 01:10:00,1,2,2,5
2024-03-12 01:20:00,1,1,1,3
2024-03-12 01:30:00,0,2,3,5
2024-03-12 01:40:00,0,0,4,4
2024-03-12 01:50:00,0,0,1,1
2024-03-12 02:00:00,0,0,1,1
2024-03-12 02:10:00,0,0,2,2
2024-03-12 02:20:00,1,2,2,5
2024-03-12 02:30:00,0,0,1,1
2024-03-12 02:40:00,0,0,1,1
2024-03-12 02:50:00,1,1,3,5
2024-03-12 03:00:00,0,0,1,1
2024-03-12 03:10:00,0,1,1,2
2024-03-12 03:20:00,0,0,1,1
2024-03-12 03:30:00,0,1,2,3
2024-03-12 03:40:00,0,0,1,1
2024-03-12 03:50:00,0,1,5,6
2024-03-12 04:00:00,1,1,3,5
2024-03-12 04:10:00,0,1,1,2
2024-03-12 04:20:00,1,0,1,2
2024-03-12 04:30:00,0,0,4,4
2024-03-12 04:40:00,1,1,1,3
2024-03-12 04:50:00,0,0,2,2
2024-03-12 05:00:00,2,2,5,9
2024-03-12 05:10:00,2,2,8,12
2024-03-12 05:20:00,2,3,7,12
2024-03-12 05:30:00,5,5,5,15
2024-03-12 05:40:00,3,6,18,27
2024-03-12 05:50:00,1,4,14,19
2024-03-12 06:00:00,4,11,18,33
2024-03-12 06:10:00,3,6,13,22
2024-03-12 06:20:00,0,3,19,22
2024-03-12 06:30:00,3,8,19,30
2024-03-12 06:40:00,6,5,27,38
2024-03-12 06:50:00,3,7,32,42
2024-03-12 07:00:00,10,11,25,46
2024-03-12 07:10:00,7,19,25,51
2024-03-12 07:20:00,6,14,33,53
2024-03-12 07:30:00,5,24,46,75
2024-03-12 07:40:00,25,26,41,92
2024-03-12 07:50:00,13,26,48,87
2024-03-12 08:00:00,14,23,36,73
2024-03-12 08:10:00,12,22,39,73
2024-03-12 08:20:00,11,22,39,72
2024-03-12 08:30:00,9,22,48,79
2024-03-12 08:40:00,23,31,41,95
2024-03-12 08:50:00,14,21,51,86
2024-03-12 09:00:00,14,24,40,78
2024-03-12 09:10:00,19,32,27,78
2024-03-12 09:20:00,9,29,36,74
2024-03-12 09:30:00,10,32,37,79
2024-03-12 09:40:00,12,31,54,97
2024-03-12 09:50:00,7,20,59,86
2024-03-12 10:00:00,9,22,39,70
2024-03-12 10:10:00,8,29,46,83
2024-03-12 10:20:00,11,20,69,100
2024-03-12 10:30:00,13,29,49,91
2024-03-12 10:40:00,10,20,52,82
2024-03-12 10:50:00,10,23,47,80
2024-03-12 11:00:00,9,25,46,80
2024-03-12 11:10:00,9,22,50,81
2024-03-12 11:20:00,11,13,58,82
2024-03-12 11:30:00,13,30,43,86
2024-03-12 11:40:00,10,22,48,80
2024-03-12 11:50:00,11,17,44,72
2024-03-12 12:00:00,9,20,35,64
2024-03-12 12:10:00,8,18,57,83
2024-03-12 12:20:00,9,21,52,82
2024-03-12 12:30:00,11,27,38,76
2024-03-12 12:40:00,13,25,31,69
2024-03-12 12:50:00,11,22,39,72
2024-03-12 13:00:00,7,21,35,63
2024-03-12 13:10:00,12,27,51,90
2024-03-12 13:20:00,5,10,53,68
2024-03-12 13:30:00,8,24,48,80
2024-03-12 13:40:00,9,20,50,79
2024-03-12 13:50:00,15,22,50,87
2024-03-12 14:00:00,7,19,58,84
2024-03-12 14:10:00,12,25,43,80
2024-03-12 14:20:00,11,22,48,81
2024-03-12 14:30:00,10,22,53,85
2024-03-12 14:40:00,12,24,65,101
2024-03-12 14:50:00,13,36,57,106
2024-03-12 15:00:00,10,24,46,80
2024-03-12 15:10:00,16,32,71,119
2024-03-12 15:20:00,9,30,81,120
2024-03-12 15:30:00,9,20,63,92
2024-03-12 15:40:00,19,29,68,116
2024-03-12 15:50:00,13,23,63,99
2024-03-12 16:00:00,13,30,72,115
2024-03-12 16:10:00,12,23,60,95
2024-03-12 16:20:00,11,28,56,95
2024-03-12 16:30:00,12,25,77,114
2024-03-12 16:40:00,11,23,69,103
2024-03-12 16:50:00,10,26,60,96
2024-03-12 17:00:00,11,23,69,103
2024-03-12 17:10:00,10,21,73,104
2024-03-12 17:20:00,15,30,46,91
2024-03-12 17:30:00,12,28,58,98
2024-03-12 17:40:00,9,23,63,95
2024-03-12 17:50:00,15,27,60,102
2024-03-12 18:00:00,9,17,56,82
2024-03-12 18:10:00,15,26,48,89
2024-03-12 18:20:00,2,15,48,65
2024-03-12 18:30:00,9,23,45,77
2024-03-12 18:40:00,3,26,31,60
2024-03-12 18:50:00,8,18,36,62
2024-03-12 19:00:00,5,12,46,63
2024-03-12 19:10:00,12,16,31,59
2024-03-12 19:20:00,9,18,36,63
2024-03-12 19:30:00,5,13,22,40
2024-03-12 19:40:00,6,12,24,42
2024-03-12 19:50:00,5,10,28,43
2024-03-12 20:00:00,2,10,22,34
2024-03-12 20:10:00,8,7,26,41
2024-03-12 20:20:00,3,10,26,39
2024-03-12 20:30:00,3,7,21,31
2024-03-12 20:40:00,5,9,19,33
2024-03-12 20:50:00,3,11,18,32
2024-03-12 21:00:00,5,4,13,22
2024-03-12 21:10:00,5,2,25,32
2024-03-12 21:20:00,7,10,27,44
2024-03-12 21:30:00,4,9,15,28
2024-03-12 21:40:00,4,10,19,33
2024-03-12 21:50:00,4,7,13,24
2024-03-12 22:00:00,2,8,20,30
2024-03-12 22:10:00,3,5,21,29
2024-03-12 22:20:00,2,6,15,23
2024-03-12 22:30:00,3,6,14,23
2024-03-12 22:40:00,2,5,10,17
2024-03-12 22:50:00,3,3,8,14
2024-03-12 23:00:00,1,2,15,18
2024-03-12 23:10:00,1,3,9,13
2024-03-12 23:20:00,0,0,7,7
2024-03-12 23:30:00,0,1,9,10
2024-03-12 23:40:00,1,3,7,11
2024-03-12 23:50:00,1,1,3,5
2024-03-13 00:00:00,0,1,4,5
2024-03-13 00:10:00,2,1,10,13
2024-03-13 00:20:00,0,1,3,4
2024-03-13 00:30:00,1,2,3,6
2024-03-13 00:40:00,0,1,3,4
2024-03-13 00:50:00,0,1,2,3
2024-03-13 01:00:00,1,0,5,6
2024-03-13 01:10:00,2,2,2,6
2024-03-13 01:20:00,0,0,1,1
2024-03-13 01:30:00,0,0,2,2
2024-03-13 01:40:00,0,0,2,2
2024-03-13 01:50:00,0,0,2,2
2024-03-13 02:00:00,0,0,2,2
2024-03-13 02:10:00,0,0,2,2
2024-03-13 02:20:00,0,2,2,4
2024-03-13 02:30:00,0,2,0,2
2024-03-13 02:40:00,0,0,2,2
2024-03-13 02:50:00,0,0,4,4
2024-03-13 03:00:00,0,0,2,2
2024-03-13 03:10:00,1,1,3,5
2024-03-13 03:20:00,0,1,3,4
2024-03-13 03:30:00,0,1,2,3
2024-03-13 03:40:00,0,0,3,3
2024-03-13 03:50:00,0,0,2,2
2024-03-13 04:00:00,1,3,7,11
2024-03-13 04:10:00,0,1,5,6
2024-03-13 04:20:00,1,0,0,1
2024-03-13 04:30:00,0,0,4,4
2024-03-13 04:40:00,0,0,2,2
2024-03-13 04:50:00,3,3,2,8
2024-03-13 05:00:00,0,0,4,4
2024-03-13 05:10:00,2,2,3,7
2024-03-13 05:20:00,1,3,8,12
2024-03-13 05:30:00,4,5,6,15
2024-03-13 05:40:00,2,8,11,21
2024-03-13 05:50:00,2,3,16,21
2024-03-13 06:00:00,1,5,14,20
2024-03-13 06:10:00,2,7,23,32
2024-03-13 06:20:00,1,1,23,25
2024-03-13 06:30:00,3,7,19,29
2024-03-13 06:40:00,4,4,25,33
2024-03-13 06:50:00,6,12,33,51
2024-03-13 07:00:00,10,18,21,49
2024-03-13 07:10:00,4,12,29,45
2024-03-13 07:20:00,14,13,31,58
2024-03-13 07:30:00,6,19,39,64
2024-03-13 07:40:00,17,20,45,82
2024-03-13 07:50:00,12,19,47,78
2024-03-13 08:00:00,11,20,37,68
2024-03-13 08:10:00,6,22,35,63
2024-03-13 08:20:00,24,24,50,98
2024-03-13 08:30:00,10,24,40,74
2024-03-13 08:40:00,8,35,38,81
2024-03-13 08:50:00,16,30,61,107
2024-03-13 09:00:00,20,28,46,94
2024-03-13 09:10:00,14,33,60,107
2024-03-13 09:20:00,9,15,37,61
2024-03-13 09:30:00,13,34,44,91
2024-03-13 09:40:00,8,28,59,95
2024-03-13 09:50:00,15,29,54,98
2024-03-13 10:00:00,11,22,52,85
2024-03-13 10:10:00,13,15,49,77
2024-03-13 10:20:00,14,28,46,88
2024-03-13 10:30:00,15,28,52,95
2024-03-13 10:40:00,16,31,42,89
2024-03-13 10:50:00,6,22,49,77
2024-03-13 11:00:00,10,28,44,82
2024-03-13 11:10:00,11,26,52,89
2024-03-13 11:20:00,10,32,47,89
2024-03-13 11:30:00,11,23,52,86
2024-03-13 11:40:00,20,40,43,103
2024-03-13 11:50:00,17,32,40,89
2024-03-13 12:00:00,15,23,47,85
2024-03-13 12:10:00,5,29,47,81
2024-03-13 12:20:00,8,28,49,85
2024-03-13 12:30:00,16,35,46,97
2024-03-13 12:40:00,10,22,44,76
2024-03-13 12:50:00,11,24,50,85
2024-03-13 13:00:00,13,23,38,74
2024-03-13 13:10:00,13,24,44,81
2024-03-13 13:20:00,12,23,42,77
2024-03-13 13:30:00,22,30,34,86
2024-03-13 13:40:00,9,14,41,64
2024-03-13 13:50:00,13,23,49,85
2024-03-13 14:00:00,15,25,47,87
2024-03-13 14:10:00,10,18,45,73
2024-03-13 14:20:00,5,24,56,85
2024-03-13 14:30:00,11,27,43,81
2024-03-13 14:40:00,11,27,46,84
2024-03-13 14:50:00,16,31,53,100
2024-03-13 15:00:00,8,28,52,88
2024-03-13 15:10:00,11,19,48,78
2024-03-13 15:20:00,15,22,65,102
2024-03-13 15:30:00,6,26,56,88
2024-03-13 15:40:00,12,24,51,87
2024-03-13 15:50:00,6,16,61,83
2024-03-13 16:00:00,16,21,57,94
2024-03-13 16:10:00,14,22,59,95
2024-03-13 16:20:00,12,29,54,95
2024-03-13 16:30:00,12,26,67,105
2024-03-13 16:40:00,11,22,61,94
2024-03-13 16:50:00,8,28,65,101
2024-03-13 17:00:00,15,25,62,102
2024-03-13 17:10:00,7,21,66,94
2024-03-13 17:20:00,9,24,58,91
2024-03-13 17:30:00,7,30,59,96
2024-03-13 17:40:00,11,32,54,97
2024-03-13 17:50:00,6,22,55,83
2024-03-13 18:00:00,12,27,56,95
2024-03-13 18:10:00,12,32,56,100
2024-03-13 18:20:00,5,27,49,81
2024-03-13 18:30:00,10,20,23,53
2024-03-13 18:40:00,4,21,45,70
2024-03-13 18:50:00,11,20,32,63
2024-03-13 19:00:00,9,27,41,77
2024-03-13 19:10:00,8,15,34,57
2024-03-13 19:20:00,6,15,36,57
2024-03-13 19:30:00,5,12,26,43
2024-03-13 19:40:00,6,10,29,45
2024-03-13 19:50:00,10,8,32,50
2024-03-13 20:00:00,6,11,25,42
2024-03-13 20:10:00,6,11,29,46
2024-03-13 20:20:00,8,12,18,38
2024-03-13 20:30:00,2,7,16,25
2024-03-13 20:40:00,3,3,17,23
2024-03-13 20:50:00,5,5,23,33
2024-03-13 21:00:00,4,10,20,34
2024-03-13 21:10:00,3,5,23,31
2024-03-13 21:20:00,2,4,25,31
2024-03-13 21:30:00,4,7,19,30
2024-03-13 21:40:00,5,5,19,29
2024-03-13 21:50:00,3,6,7,16
2024-03-13 22:00:00,4,5,20,29
2024-03-13 22:10:00,5,9,11,25
2024-03-13 22:20:00,1,8,22,31
2024-03-13 22:30:00,4,4,14,22
2024-03-13 22:40:00,3,8,15,26
2024-03-13 22:50:00,1,4,16,21
2024-03-13 23:00:00,3,3,13,19
2024-03-13 23:10:00,3,0,9,12
2024-03-13 23:20:00,0,4,11,15
2024-03-13 23:30:00,1,2,3,6
2024-03-13 23:40:00,1,3,7,11
2024-03-13 23:50:00,2,2,8,12
2024-03-14 00:00:00,1,1,7,9
2024-03-14 00:10:00,1,2,1,4
2024-03-14 00:20:00,1,2,5,8
2024-03-14 00:30:00,0,1,3,4
2024-03-14 00:40:00,0,0,2,2
2024-03-14 00:50:00,0,1,6,7
2024-03-14 01:00:00,1,1,4,6
2024-03-14 01:10:00,0,0,4,4
2024-03-14 01:20:00,0,1,5,6
2024-03-14 01:30:00,1,2,2,5
2024-03-14 01:40:00,0,0,4,4
2024-03-14 01:50:00,0,0,1,1
2024-03-14 02:00:00,0,0,0,0
2024-03-14 02:10:00,0,0,1,1
2024-03-14 02:20:00,0,2,1,3
2024-03-14 02:30:00,0,1,4,5
2024-03-14 02:40:00,0,0,0,0
2024-03-14 02:50:00,0,1,4,5
2024-03-14 03:00:00,0,0,2,2
2024-03-14 03:10:00,0,1,1,2
2024-03-14 03:20:00,0,0,4,4
2024-03-14 03:30:00,0,0,1,1
2024-03-14 03:40:00,0,1,2,3
2024-03-14 03:50:00,2,2,4,8
2024-03-14 04:00:00,0,1,6,7
2024-03-14 04:10:00,0,0,2,2
2024-03-14 04:20:00,0,2,2,4
2024-03-14 04:30:00,1,1,5,7
2024-03-14 04:40:00,0,0,1,1
2024-03-14 04:50:00,1,0,5,6
2024-03-14 05:00:00,1,2,1,4
2024-03-14 05:10:00,2,1,5,8
2024-03-14 05:20:00,1,7,5,13
2024-03-14 05:30:00,5,2,10,17
2024-03-14 05:40:00,0,3,16,19
2024-03-14 05:50:00,6,7,9,22
2024-03-14 06:00:00,8,6,18,32
2024-03-14 06:10:00,7,6,13,26
2024-03-14 06:20:00,3,6,22,31
2024-03-14 06:30:00,2,4,17,23
2024-03-14 06:40:00,2,6,19,27
2024-03-14 06:50:00,8,8,32,48
2024-03-14 07:00:00,13,16,21,50
2024-03-14 07:10:00,10,10,29,49
2024-03-14 07:20:00,10,28,31,69
2024-03-14 07:30:00,15,26,57,98
2024-03-14 07:40:00,17,30,55,102
2024-03-14 07:50:00,15,26,45,86
2024-03-14 08:00:00,9,18,48,75
2024-03-14 08:10:00,10,20,45,75
2024-03-14 08:20:00,16,25,50,91
2024-03-14 08:30:00,11,28,47,86
2024-03-14 08:40:00,12,26,46,84
2024-03-14 08:50:00,14,19,62,95
2024-03-14 09:00:00,10,24,38,72
2024-03-14 09:10:00,18,29,54,101
2024-03-14 09:20:00,9,32,49,90
2024-03-14 09:30:00,12,21,60,93
2024-03-14 09:40:00,12,28,40,80
2024-03-14 09:50:00,11,23,56,90
2024-03-14 10:00:00,17,34,55,106
2024-03-14 10:10:00,9,31,53,93
2024-03-14 10:20:00,15,22,48,85
2024-03-14 10:30:00,8,27,45,80
2024-03-14 10:40:00,15,14,52,81
2024-03-14 10:50:00,16,26,47,89
2024-03-14 11:00:00,10,20,39,69
2024-03-14 11:10:00,12,21,34,67
2024-03-14 11:20:00,17,28,50,95
2024-03-14 11:30:00,10,28,50,88
2024-03-14 11:40:00,15,17,57,89
2024-03-14 11:50:00,9,20,50,79
2024-03-14 12:00:00,14,24,46,84
2024-03-14 12:10:00,10,17,57,84
2024-03-14 12:20:00,10,22,49,81
2024-03-14 12:30:00,11,26,61,98
2024-03-14 12:40:00,12,29,43,84
2024-03-14 12:50:00,11,22,51,84
2024-03-14 13:00:00,12,19,42,73
2024-03-14 13:10:00,15,21,46,82
2024-03-14 13:20:00,11,27,50,88
2024-03-14 13:30:00,21,28,59,108
2024-03-14 13:40:00,10,24,42,76
2024-03-14 13:50:00,9,20,55,84
2024-03-14 14:00:00,14,34,39,87
2024-03-14 14:10:00,7,17,54,78
2024-03-14 14:20:00,14,27,68,109
2024-03-14 14:30:00,10,38,53,101
2024-03-14 14:40:00,13,27,53,93
2024-03-14 14:50:00,15,22,48,85
2024-03-14 15:00:00,15,23,50,88
2024-03-14 15:10:00,8,24,55,87
2024-03-14 15:20:00,18,31,60,109
2024-03-14 15:30:00,11,30,83,124
2024-03-14 15:40:00,11,33,65,109
2024-03-14 15:50:00,8,24,67,99
2024-03-14 16:00:00,27,41,66,134
2024-03-14 16:10:00,15,32,70,117
2024-03-14 16:20:00,11,29,60,100
2024-03-14 16:30:00,16,33,72,121
2024-03-14 16:40:00,8,26,59,93
2024-03-14 16:50:00,9,23,71,103
2024-03-14 17:00:00,16,39,66,121
2024-03-14 17:10:00,11,21,59,91
2024-03-14 17:20:00,11,34,44,89
2024-03-14 17:30:00,12,21,57,90
2024-03-14 17:40:00,8,23,51,82
2024-03-14 17:50:00,12,20,60,92
2024-03-14 18:00:00,18,29,45,92
2024-03-14 18:10:00,11,31,56,98
2024-03-14 18:20:00,12,27,45,84
2024-03-14 18:30:00,14,24,37,75
2024-03-14 18:40:00,10,19,44,73
2024-03-14 18:50:00,11,14,33,58
2024-03-14 19:00:00,7,18,24,49
2024-03-14 19:10:00,10,18,26,54
2024-03-14 19:20:00,3,12,38,53
2024-03-14 19:30:00,6,21,24,51
2024-03-14 19:40:00,8,18,33,59
2024-03-14 19:50:00,3,6,34,43
2024-03-14 20:00:00,6,14,26,46
2024-03-14 20:10:00,5,9,29,43
2024-03-14 20:20:00,3,11,28,42
2024-03-14 20:30:00,4,12,26,42
2024-03-14 20:40:00,2,6,17,25
2024-03-14 20:50:00,4,4,21,29
2024-03-14 21:00:00,5,7,15,27
2024-03-14 21:10:00,7,14,24,45
2024-03-14 21:20:00,1,5,23,29
2024-03-14 21:30:00,4,9,19,32
2024-03-14 21:40:00,3,13,12,28
2024-03-14 21:50:00,3,7,9,19
2024-03-14 22:00:00,1,6,20,27
2024-03-14 22:10:00,3,7,13,23
2024-03-14 22:20:00,3,9,22,34
2024-03-14 22:30:00,1,4,11,16
2024-03-14 22:40:00,2,4,11,17
2024-03-14 22:50:00,1,4,21,26
2024-03-14 23:00:00,2,3,8,13
2024-03-14 23:10:00,5,7,10,22
2024-03-14 23:20:00,1,3,15,19
2024-03-14 23:30:00,0,4,5,9
2024-03-14 23:40:00,0,1,8,9
2024-03-14 23:50:00,2,1,10,13
2024-03-15 00:00:00,2,2,9,13
2024-03-15 00:10:00,2,3,7,12
2024-03-15 00:20:00,1,1,4,6
2024-03-15 00:30:00,0,1,8,9
2024-03-15 00:40:00,0,1,3,4
2024-03-15 00:50:00,0,1,4,5
2024-03-15 01:00:00,1,0,4,5
2024-03-15 01:10:00,2,2,6,10
2024-03-15 01:20:00,0,1,4,5
2024-03-15 01:30:00,0,2,3,5
2024-03-15 01:40:00,1,1,1,3
2024-03-15 01:50:00,0,1,5,6
2024-03-15 02:00:00,0,1,4,5
2024-03-15 02:10:00,0,1,5,6
2024-03-15 02:20:00,2,3,4,9
2024-03-15 02:30:00,0,0,1,1
2024-03-15 02:40:00,0,0,1,1
2024-03-15 02:50:00,0,0,1,1
2024-03-15 03:00:00,0,0,6,6
2024-03-15 03:10:00,0,1,3,4
2024-03-15 03:20:00,1,1,2,4
2024-03-15 03:30:00,2,2,1,5
2024-03-15 03:40:00,1,1,3,5
2024-03-15 03:50:00,1,1,1,3
2024-03-15 04:00:00,1,2,2,5
2024-03-15 04:10:00,1,1,5,7
2024-03-15 04:20:00,0,0,3,3
2024-03-15 04:30:00,0,0,0,0
2024-03-15 04:40:00,0,1,5,6
2024-03-15 04:50:00,0,0,2,2
2024-03-15 05:00:00,0,0,3,3
2024-03-15 05:10:00,3,3,6,12
2024-03-15 05:20:00,1,4,12,17
2024-03-15 05:30:00,4,3,9,16
2024-03-15 05:40:00,5,7,19,31
2024-03-15 05:50:00,4,10,12,26
2024-03-15 06:00:00,3,6,15,24
2024-03-15 06:10:00,6,6,20,32
2024-03-15 06:20:00,0,5,25,30
2024-03-15 06:30:00,1,6,16,23
2024-03-15 06:40:00,3,7,21,31
2024-03-15 06:50:00,9,8,22,39
2024-03-15 07:00:00,8,12,30,50
2024-03-15 07:10:00,16,17,33,66
2024-03-15 07:20:00,11,14,36,61
2024-03-15 07:30:00,16,21,48,85
2024-03-15 07:40:00,13,26,42,81
2024-03-15 07:50:00,16,12,37,65
2024-03-15 08:00:00,12,24,43,79
2024-03-15 08:10:00,13,26,43,82
2024-03-15 08:20:00,9,17,38,64
2024-03-15 08:30:00,13,18,42,73
2024-03-15 08:40:00,13,16,40,69
2024-03-15 08:50:00,16,27,49,92
2024-03-15 09:00:00,12,22,35,69
2024-03-15 09:10:00,9,22,51,82
2024-03-15 09:20:00,9,21,52,82
2024-03-15 09:30:00,10,15,48,73
2024-03-15 09:40:00,6,28,49,83
2024-03-15 09:50:00,12,36,61,109
2024-03-15 10:00:00,7,19,45,71
2024-03-15 10:10:00,12,20,42,74
2024-03-15 10:20:00,11,38,42,91
2024-03-15 10:30:00,12,30,45,87
2024-03-15 10:40:00,14,21,49,84
2024-03-15 10:50:00,11,22,56,89
2024-03-15 11:00:00,15,23,61,99
2024-03-15 11:10:00,14,15,51,80
2024-03-15 11:20:00,13,26,57,96
2024-03-15 11:30:00,12,27,61,100
2024-03-15 11:40:00,11,28,49,88
2024-03-15 11:50:00,18,32,48,98
2024-03-15 12:00:00,13,22,58,93
2024-03-15 12:10:00,10,14,48,72
2024-03-15 12:20:00,7,24,50,81
2024-03-15 12:30:00,16,23,48,87
2024-03-15 12:40:00,12,33,48,93
2024-03-15 12:50:00,17,26,67,110
2024-03-15 13:00:00,11,32,56,99
2024-03-15 13:10:00,9,17,64,90
2024-03-15 13:20:00,16,24,67,107
2024-03-15 13:30:00,7,21,61,89
2024-03-15 13:40:00,13,20,51,84
2024-03-15 13:50:00,7,23,73,103
2024-03-15 14:00:00,9,30,67,106
2024-03-15 14:10:00,8,17,62,87
2024-03-15 14:20:00,9,34,58,101
2024-03-15 14:30:00,22,28,53,103
2024-03-15 14:40:00,9,32,70,111
2024-03-15 14:50:00,5,25,57,87
2024-03-15 15:00:00,9,29,57,95
2024-03-15 15:10:00,7,28,66,101
2024-03-15 15:20:00,10,20,56,86
2024-03-15 15:30:00,12,24,64,100
2024-03-15 15:40:00,13,22,50,85
2024-03-15 15:50:00,15,28,62,105
2024-03-15 16:00:00,10,17,35,62
2024-03-15 16:10:00,11,29,58,98
2024-03-15 16:20:00,12,26,44,82
2024-03-15 16:30:00,11,15,42,68
2024-03-15 16:40:00,8,21,66,95
2024-03-15 16:50:00,6,17,46,69
2024-03-15 17:00:00,15,17,42,74
2024-03-15 17:10:00,12,28,52,92
2024-03-15 17:20:00,7,27,46,80
2024-03-15 17:30:00,10,25,53,88
2024-03-15 17:40:00,15,25,36,76
2024-03-15 17:50:00,10,23,49,82
2024-03-15 18:00:00,4,18,45,67
2024-03-15 18:10:00,10,18,48,76
2024-03-15 18:20:00,10,24,46,80
2024-03-15 18:30:00,3,28,60,91
2024-03-15 18:40:00,5,9,46,60
2024-03-15 18:50:00,10,25,40,75
2024-03-15 19:00:00,7,16,44,67
2024-03-15 19:10:00,6,20,33,59
2024-03-15 19:20:00,4,7,34,45
2024-03-15 19:30:00,7,15,21,43
2024-03-15 19:40:00,8,14,21,43
2024-03-15 19:50:00,3,18,36,57
2024-03-15 20:00:00,4,16,32,52
2024-03-15 20:10:00,7,12,25,44
2024-03-15 20:20:00,4,13,25,42
2024-03-15 20:30:00,6,12,22,40
2024-03-15 20:40:00,5,9,26,40
2024-03-15 20:50:00,6,6,26,38
2024-03-15 21:00:00,3,10,22,35
2024-03-15 21:10:00,5,15,24,44
2024-03-15 21:20:00,2,5,18,25
2024-03-15 21:30:00,4,8,35,47
2024-03-15 21:40:00,4,13,29,46
2024-03-15 21:50:00,4,5,20,29
2024-03-15 22:00:00,3,9,27,39
2024-03-15 22:10:00,1,7,19,27
2024-03-15 22:20:00,3,5,19,27
2024-03-15 22:30:00,5,11,24,40
2024-03-15 22:40:00,4,9,17,30
2024-03-15 22:50:00,3,8,14,25
2024-03-15 23:00:00,4,12,13,29
2024-03-15 23:10:00,2,8,13,23
2024-03-15 23:20:00,1,8,17,26
2024-03-15 23:30:00,1,5,15,21
2024-03-15 23:40:00,2,3,10,15
2024-03-15 23:50:00,3,5,9,17
2024-03-16 00:00:00,1,2,20,23
2024-03-16 00:10:00,2,2,9,13
2024-03-16 00:20:00,2,3,14,19
2024-03-16 00:30:00,2,3,12,17
2024-03-16 00:40:00,0,4,12,16
2024-03-16 00:50:00,3,6,9,18
2024-03-16 01:00:00,2,2,5,9
2024-03-16 01:10:00,2,3,11,16
2024-03-16 01:20:00,0,4,13,17
2024-03-16 01:30:00,0,1,5,6
2024-03-16 01:40:00,1,2,6,9
2024-03-16 01:50:00,0,1,4,5
2024-03-16 02:00:00,0,3,8,11
2024-03-16 02:10:00,0,1,6,7
2024-03-16 02:20:00,0,1,8,9
2024-03-16 02:30:00,0,1,3,4
2024-03-16 02:40:00,0,2,0,2
2024-03-16 02:50:00,2,1,6,9
2024-03-16 03:00:00,0,1,6,7
2024-03-16 03:10:00,1,0,5,6
2024-03-16 03:20:00,0,0,3,3
2024-03-16 03:30:00,2,1,4,7
2024-03-16 03:40:00,1,3,6,10
2024-03-16 03:50:00,1,1,2,4
2024-03-16 04:00:00,0,0,0,0
2024-03-16 04:10:00,0,1,3,4
2024-03-16 04:20:00,0,3,5,8
2024-03-16 04:30:00,0,1,2,3
2024-03-16 04:40:00,0,2,3,5
2024-03-16 04:50:00,0,0,3,3
2024-03-16 05:00:00,0,1,5,6
2024-03-16 05:10:00,3,5,9,17
2024-03-16 05:20:00,4,2,10,16
2024-03-16 05:30:00,1,3,7,11
2024-03-16 05:40:00,1,5,5,11
2024-03-16 05:50:00,5,4,11,20
2024-03-16 06:00:00,0,1,6,7
2024-03-16 06:10:00,3,6,7,16
2024-03-16 06:20:00,0,0,3,3
2024-03-16 06:30:00,1,3,3,7
2024-03-16 06:40:00,1,2,9,12
2024-03-16 06:50:00,1,1,9,11
2024-03-16 07:00:00,1,3,7,11
2024-03-16 07:10:00,2,2,4,8
2024-03-16 07:20:00,3,4,7,14
2024-03-16 07:30:00,2,3,4,9
2024-03-16 07:40:00,6,4,9,19
2024-03-16 07:50:00,1,3,10,14
2024-03-16 08:00:00,3,10,7,20
2024-03-16 08:10:00,3,2,5,10
2024-03-16 08:20:00,3,3,9,15
2024-03-16 08:30:00,2,4,14,20
2024-03-16 08:40:00,5,13,16,34
2024-03-16 08:50:00,7,17,20,44
2024-03-16 09:00:00,4,12,19,35
2024-03-16 09:10:00,7,11,23,41
2024-03-16 09:20:00,4,12,21,37
2024-03-16 09:30:00,5,19,21,45
2024-03-16 09:40:00,5,15,31,51
2024-03-16 09:50:00,11,27,25,63
2024-03-16 10:00:00,6,22,27,55
2024-03-16 10:10:00,6,27,50,83
2024-03-16 10:20:00,1,25,49,75
2024-03-16 10:30:00,8,21,29,58
2024-03-16 10:40:00,8,22,35,65
2024-03-16 10:50:00,10,24,45,79
2024-03-16 11:00:00,9,24,29,62
2024-03-16 11:10:00,10,32,48,90
2024-03-16 11:20:00,3,25,46,74
2024-03-16 11:30:00,6,23,36,65
2024-03-16 11:40:00,10,21,32,63
2024-03-16 11:50:00,5,31,43,79
2024-03-16 12:00:00,6,15,40,61
2024-03-16 12:10:00,9,28,37,74
2024-03-16 12:20:00,5,32,41,78
2024-03-16 12:30:00,13,23,37,73
2024-03-16 12:40:00,10,23,53,86
2024-03-16 12:50:00,10,25,51,86
2024-03-16 13:00:00,11,30,47,88
2024-03-16 13:10:00,8,37,41,86
2024-03-16 13:20:00,7,22,44,73
2024-03-16 13:30:00,5,23,45,73
2024-03-16 13:40:00,10,37,46,93
2024-03-16 13:50:00,11,28,49,88
2024-03-16 14:00:00,13,38,56,107
2024-03-16 14:10:00,5,25,51,81
2024-03-16 14:20:00,13,28,47,88
2024-03-16 14:30:00,10,31,45,86
2024-03-16 14:40:00,8,24,46,78
2024-03-16 14:50:00,19,38,53,110
2024-03-16 15:00:00,9,27,54,90
2024-03-16 15:10:00,6,25,40,71
2024-03-16 15:20:00,10,33,40,83
2024-03-16 15:30:00,5,17,47,69
2024-03-16 15:40:00,8,18,38,64
2024-03-16 15:50:00,9,19,34,62
2024-03-16 16:00:00,6,16,47,69
2024-03-16 16:10:00,6,17,43,66
2024-03-16 16:20:00,11,10,37,58
2024-03-16 16:30:00,13,17,54,84
2024-03-16 16:40:00,8,8,37,53
2024-03-16 16:50:00,4,14,35,53
2024-03-16 17:00:00,6,17,46,69
2024-03-16 17:10:00,8,12,33,53
2024-03-16 17:20:00,8,16,43,67
2024-03-16 17:30:00,6,13,35,54
2024-03-16 17:40:00,7,17,33,57
2024-03-16 17:50:00,11,16,43,70
2024-03-16 18:00:00,9,20,46,75
2024-03-16 18:10:00,7,21,49,77
2024-03-16 18:20:00,8,20,34,62
2024-03-16 18:30:00,7,22,38,67
2024-03-16 18:40:00,6,24,44,74
2024-03-16 18:50:00,7,15,33,55
2024-03-16 19:00:00,7,13,35,55
2024-03-16 19:10:00,6,12,35,53
2024-03-16 19:20:00,7,19,43,69
2024-03-16 19:30:00,5,13,35,53
2024-03-16 19:40:00,5,10,24,39
2024-03-16 19:50:00,9,19,31,59
2024-03-16 20:00:00,7,16,31,54
2024-03-16 20:10:00,4,15,34,53
2024-03-16 20:20:00,8,15,30,53
2024-03-16 20:30:00,4,14,30,48
2024-03-16 20:40:00,2,14,14,30
2024-03-16 20:50:00,4,13,22,39
2024-03-16 21:00:00,2,9,26,37
2024-03-16 21:10:00,7,10,23,40
2024-03-16 21:20:00,2,9,29,40
2024-03-16 21:30:00,3,5,22,30
2024-03-16 21:40:00,6,7,29,42
2024-03-16 21:50:00,6,9,30,45
2024-03-16 22:00:00,5,16,34,55
2024-03-16 22:10:00,2,9,16,27
2024-03-16 22:20:00,5,8,25,38
2024-03-16 22:30:00,4,9,24,37
2024-03-16 22:40:00,5,9,21,35
2024-03-16 22:50:00,4,6,20,30
2024-03-16 23:00:00,3,5,19,27
2024-03-16 23:10:00,3,5,18,26
2024-03-16 23:20:00,2,6,19,27
2024-03-16 23:30:00,0,5,11,16
2024-03-16 23:40:00,1,3,24,28
2024-03-16 23:50:00,2,5,9,16
2024-03-17 00:00:00,2,7,11,20
2024-03-17 00:10:00,4,4,13,21
2024-03-17 00:20:00,1,7,13,21
2024-03-17 00:30:00,2,1,9,12
2024-03-17 00:40:00,1,2,8,11
2024-03-17 00:50:00,0,1,10,11
2024-03-17 01:00:00,0,3,11,14
2024-03-17 01:10:00,1,6,10,17
2024-03-17 01:20:00,1,7,4,12
2024-03-17 01:30:00,7,6,17,30
2024-03-17 01:40:00,0,4,7,11
2024-03-17 01:50:00,0,4,7,11
2024-03-17 02:00:00,1,4,4,9
2024-03-17 02:10:00,2,3,7,12
2024-03-17 02:20:00,0,0,6,6
2024-03-17 02:30:00,1,0,11,12
2024-03-17 02:40:00,2,5,6,13
2024-03-17 02:50:00,0,0,12,12
2024-03-17 03:00:00,0,1,4,5
2024-03-17 03:10:00,0,0,5,5
2024-03-17 03:20:00,2,1,6,9
2024-03-17 03:30:00,0,1,3,4
2024-03-17 03:40:00,0,0,4,4
2024-03-17 03:50:00,1,0,5,6
2024-03-17 04:00:00,0,0,9,9
2024-03-17 04:10:00,0,1,3,4
2024-03-17 04:20:00,0,0,3,3
2024-03-17 04:30:00,0,4,2,6
2024-03-17 04:40:00,2,4,4,10
2024-03-17 04:50:00,0,0,5,5
2024-03-17 05:00:00,1,1,5,7
2024-03-17 05:10:00,0,0,9,9
2024-03-17 05:20:00,1,1,4,6
2024-03-17 05:30:00,1,3,11,15
2024-03-17 05:40:00,2,6,5,13
2024-03-17 05:50:00,1,0,8,9
2024-03-17 06:00:00,1,2,5,8
2024-03-17 06:10:00,0,0,9,9
2024-03-17 06:20:00,1,3,6,10
2024-03-17 06:30:00,0,0,5,5
2024-03-17 06:40:00,3,3,9,15
2024-03-17 06:50:00,3,4,8,15
2024-03-17 07:00:00,0,0,9,9
2024-03-17 07:10:00,0,0,8,8
2024-03-17 07:20:00,1,4,9,14
2024-03-17 07:30:00,0,1,6,7
2024-03-17 07:40:00,2,2,8,12
2024-03-17 07:50:00,0,1,6,7
2024-03-17 08:00:00,1,0,3,4
2024-03-17 08:10:00,2,2,6,10
2024-03-17 08:20:00,3,2,6,11
2024-03-17 08:30:00,6,12,9,27
2024-03-17 08:40:00,1,6,7,14
2024-03-17 08:50:00,1,4,4,9
2024-03-17 09:00:00,5,6,5,16
2024-03-17 09:10:00,4,9,11,24
2024-03-17 09:20:00,4,8,11,23
2024-03-17 09:30:00,4,8,14,26
2024-03-17 09:40:00,1,9,19,29
2024-03-17 09:50:00,1,8,16,25
2024-03-17 10:00:00,1,9,23,33
2024-03-17 10:10:00,5,7,20,32
2024-03-17 10:20:00,4,6,18,28
2024-03-17 10:30:00,7,8,22,37
2024-03-17 10:40:00,8,16,31,55
2024-03-17 10:50:00,9,13,28,50
2024-03-17 11:00:00,8,3,22,33
2024-03-17 11:10:00,2,12,27,41
2024-03-17 11:20:00,4,17,19,40
2024-03-17 11:30:00,6,15,27,48
2024-03-17 11:40:00,4,10,28,42
2024-03-17 11:50:00,4,8,19,31
2024-03-17 12:00:00,3,22,38,63
2024-03-17 12:10:00,4,14,23,41
2024-03-17 12:20:00,13,16,26,55
2024-03-17 12:30:00,4,10,27,41
2024-03-17 12:40:00,8,13,30,51
2024-03-17 12:50:00,10,13,33,56
2024-03-17 13:00:00,7,15,28,50
2024-03-17 13:10:00,10,12,26,48
2024-03-17 13:20:00,6,15,29,50
2024-03-17 13:30:00,7,10,39,56
2024-03-17 13:40:00,8,16,22,46
2024-03-17 13:50:00,6,11,32,49
2024-03-17 14:00:00,5,16,41,62
2024-03-17 14:10:00,5,12,39,56
2024-03-17 14:20:00,10,17,34,61
2024-03-17 14:30:00,13,18,40,71
2024-03-17 14:40:00,10,21,30,61
2024-03-17 14:50:00,10,20,29,59
2024-03-17 15:00:00,5,12,37,54
2024-03-17 15:10:00,3,8,27,38
2024-03-17 15:20:00,7,16,26,49
2024-03-17 15:30:00,8,13,32,53
2024-03-17 15:40:00,9,11,35,55
2024-03-17 15:50:00,5,8,40,53
2024-03-17 16:00:00,10,13,32,55
2024-03-17 16:10:00,5,13,22,40
2024-03-17 16:20:00,11,18,35,64
2024-03-17 16:30:00,5,15,39,59
2024-03-17 16:40:00,5,13,31,49
2024-03-17 16:50:00,6,13,23,42
2024-03-17 17:00:00,13,18,28,59
2024-03-17 17:10:00,3,23,33,59
2024-03-17 17:20:00,5,18,24,47
2024-03-17 17:30:00,3,12,38,53
2024-03-17 17:40:00,10,21,31,62
2024-03-17 17:50:00,4,5,32,41
2024-03-17 18:00:00,8,18,31,57
2024-03-17 18:10:00,7,11,40,58
2024-03-17 18:20:00,6,12,39,57
2024-03-17 18:30:00,6,9,33,48
2024-03-17 18:40:00,4,4,21,29
2024-03-17 18:50:00,4,10,26,40
2024-03-17 19:00:00,5,6,25,36
2024-03-17 19:10:00,6,12,28,46
2024-03-17 19:20:00,7,14,27,48
2024-03-17 19:30:00,3,11,25,39
2024-03-17 19:40:00,5,10,19,34
2024-03-17 19:50:00,2,5,34,41
2024-03-17 20:00:00,6,15,20,41
2024-03-17 20:10:00,5,10,24,39
2024-03-17 20:20:00,4,6,20,30
2024-03-17 20:30:00,3,8,31,42
2024-03-17 20:40:00,2,10,20,32
2024-03-17 20:50:00,1,7,23,31
2024-03-17 21:00:00,5,9,20,34
2024-03-17 21:10:00,2,11,23,36
2024-03-17 21:20:00,3,6,19,28
2024-03-17 21:30:00,4,9,19,32
2024-03-17 21:40:00,4,5,14,23
2024-03-17 21:50:00,2,3,16,21
2024-03-17 22:00:00,1,4,12,17
2024-03-17 22:10:00,5,9,16,30
2024-03-17 22:20:00,1,4,11,16
2024-03-17 22:30:00,3,5,19,27
2024-03-17 22:40:00,5,3,11,19
2024-03-17 22:50:00,2,6,12,20
2024-03-17 23:00:00,1,3,11,15
2024-03-17 23:10:00,1,2,14,17
2024-03-17 23:20:00,0,1,7,8
2024-03-17 23:30:00,2,3,10,15
2024-03-17 23:40:00,1,4,11,16
2024-03-17 23:50:00,1,6,4,11
2024-03-18 00:00:00,0,1,3,4
2024-03-18 00:10:00,1,1,7,9
2024-03-18 00:20:00,0,2,2,4
2024-03-18 00:30:00,0,0,5,5
2024-03-18 00:40:00,1,1,3,5
2024-03-18 00:50:00,0,2,4,6
2024-03-18 01:00:00,2,2,3,7
2024-03-18 01:10:00,2,1,1,4
2024-03-18 01:20:00,0,0,4,4
2024-03-18 01:30:00,1,1,3,5
2024-03-18 01:40:00,0,1,3,4
2024-03-18 01:50:00,1,1,2,4
2024-03-18 02:00:00,0,1,5,6
2024-03-18 02:10:00,0,1,2,3
2024-03-18 02:20:00,0,1,0,1
2024-03-18 02:30:00,0,0,4,4
2024-03-18 02:40:00,0,1,2,3
2024-03-18 02:50:00,0,0,3,3
2024-03-18 03:00:00,1,0,2,3
2024-03-18 03:10:00,3,3,1,7
2024-03-18 03:20:00,0,0,2,2
2024-03-18 03:30:00,0,2,3,5
2024-03-18 03:40:00,1,1,3,5
2024-03-18 03:50:00,1,1,1,3
2024-03-18 04:00:00,1,2,2,5
2024-03-18 04:10:00,0,0,0,0
2024-03-18 04:20:00,0,0,2,2
2024-03-18 04:30:00,0,2,5,7
2024-03-18 04:40:00,0,0,1,1
2024-03-18 04:50:00,0,0,5,5
2024-03-18 05:00:00,1,1,5,7
2024-03-18 05:10:00,3,3,12,18
2024-03-18 05:20:00,0,3,9,12
2024-03-18 05:30:00,4,7,9,20
2024-03-18 05:40:00,2,4,8,14
2024-03-18 05:50:00,2,5,24,31
2024-03-18 06:00:00,4,6,13,23
2024-03-18 06:10:00,6,7,17,30
2024-03-18 06:20:00,3,8,20,31
2024-03-18 06:30:00,3,5,31,39
2024-03-18 06:40:00,5,8,26,39
2024-03-18 06:50:00,4,9,20,33
2024-03-18 07:00:00,5,11,25,41
2024-03-18 07:10:00,8,13,29,50
2024-03-18 07:20:00,11,17,37,65
2024-03-18 07:30:00,12,32,36,80
2024-03-18 07:40:00,10,26,44,80
2024-03-18 07:50:00,11,23,39,73
2024-03-18 08:00:00,12,22,52,86
2024-03-18 08:10:00,12,18,37,67
2024-03-18 08:20:00,19,32,38,89
2024-03-18 08:30:00,19,25,43,87
2024-03-18 08:40:00,13,20,60,93
2024-03-18 08:50:00,12,22,51,85
2024-03-18 09:00:00,9,25,43,77
2024-03-18 09:10:00,12,27,47,86
2024-03-18 09:20:00,12,21,44,77
2024-03-18 09:30:00,10,17,57,84
2024-03-18 09:40:00,12,26,47,85
2024-03-18 09:50:00,11,26,52,89
2024-03-18 10:00:00,8,27,51,86
2024-03-18 10:10:00,11,26,56,93
2024-03-18 10:20:00,10,24,52,86
2024-03-18 10:30:00,8,29,48,85
2024-03-18 10:40:00,16,21,49,86
2024-03-18 10:50:00,16,29,49,94
2024-03-18 11:00:00,18,28,43,89
2024-03-18 11:10:00,8,21,47,76
2024-03-18 11:20:00,7,20,46,73
2024-03-18 11:30:00,10,27,51,88
2024-03-18 11:40:00,7,20,41,68
2024-03-18 11:50:00,19,32,39,90
2024-03-18 12:00:00,15,24,44,83
2024-03-18 12:10:00,3,17,50,70
2024-03-18 12:20:00,8,24,44,76
2024-03-18 12:30:00,13,26,45,84
2024-03-18 12:40:00,10,23,44,77
2024-03-18 12:50:00,9,22,38,69
2024-03-18 13:00:00,11,22,49,82
2024-03-18 13:10:00,11,29,38,78
2024-03-18 13:20:00,13,21,42,76
2024-03-18 13:30:00,12,26,40,78
2024-03-18 13:40:00,14,30,39,83
2024-03-18 13:50:00,16,22,47,85
2024-03-18 14:00:00,8,24,53,85
2024-03-18 14:10:00,14,18,43,75
2024-03-18 14:20:00,14,30,50,94
2024-03-18 14:30:00,5,34,45,84
2024-03-18 14:40:00,15,26,67,108
2024-03-18 14:50:00,5,22,56,83
2024-03-18 15:00:00,13,30,43,86
2024-03-18 15:10:00,9,24,63,96
2024-03-18 15:20:00,15,25,65,105
2024-03-18 15:30:00,10,28,71,109
2024-03-18 15:40:00,12,29,57,98
2024-03-18 15:50:00,7,23,62,92
2024-03-18 16:00:00,14,30,73,117
2024-03-18 16:10:00,13,31,60,104
2024-03-18 16:20:00,10,23,53,86
2024-03-18 16:30:00,11,21,62,94
2024-03-18 16:40:00,12,26,73,111
2024-03-18 16:50:00,10,20,71,101
2024-03-18 17:00:00,5,22,52,79
2024-03-18 17:10:00,6,19,60,85
2024-03-18 17:20:00,6,18,56,80
2024-03-18 17:30:00,7,17,39,63
2024-03-18 17:40:00,15,17,57,89
2024-03-18 17:50:00,6,24,47,77
2024-03-18 18:00:00,9,25,48,82
2024-03-18 18:10:00,18,24,49,91
2024-03-18 18:20:00,8,15,48,71
2024-03-18 18:30:00,1,10,56,67
2024-03-18 18:40:00,3,16,34,53
2024-03-18 18:50:00,6,13,36,55
2024-03-18 19:00:00,6,12,20,38
2024-03-18 19:10:00,6,15,35,56
2024-03-18 19:20:00,2,14,28,44
2024-03-18 19:30:00,8,11,35,54
2024-03-18 19:40:00,6,10,29,45
2024-03-18 19:50:00,6,14,36,56
2024-03-18 20:00:00,2,7,25,34
2024-03-18 20:10:00,6,12,18,36
2024-03-18 20:20:00,4,11,27,42
2024-03-18 20:30:00,2,4,16,22
2024-03-18 20:40:00,5,5,18,28
2024-03-18 20:50:00,2,6,18,26
2024-03-18 21:00:00,5,9,13,27
2024-03-18 21:10:00,9,4,15,28
2024-03-18 21:20:00,3,4,16,23
2024-03-18 21:30:00,2,8,21,31
2024-03-18 21:40:00,7,5,27,39
2024-03-18 21:50:00,2,8,12,22
2024-03-18 22:00:00,8,11,12,31
2024-03-18 22:10:00,4,10,11,25
2024-03-18 22:20:00,2,3,12,17
2024-03-18 22:30:00,5,9,16,30
2024-03-18 22:40:00,2,3,10,15
2024-03-18 22:50:00,3,4,11,18
2024-03-18 23:00:00,0,1,11,12
2024-03-18 23:10:00,3,2,8,13
2024-03-18 23:20:00,4,4,11,19
2024-03-18 23:30:00,0,1,6,7
2024-03-18 23:40:00,1,2,8,11
2024-03-18 23:50:00,1,1,6,8
2024-03-19 00:00:00,0,1,8,9
2024-03-19 00:10:00,2,2,5,9
2024-03-19 00:20:00,1,2,7,10
2024-03-19 00:30:00,0,1,2,3
2024-03-19 00:40:00,1,3,2,6
2024-03-19 00:50:00,1,1,3,5
2024-03-19 01:00:00,0,0,4,4
2024-03-19 01:10:00,0,0,6,6
2024-03-19 01:20:00,0,2,3,5
2024-03-19 01:30:00,0,1,2,3
2024-03-19 01:40:00,0,0,5,5
2024-03-19 01:50:00,0,0,3,3
2024-03-19 02:00:00,0,2,1,3
2024-03-19 02:10:00,0,1,1,2
2024-03-19 02:20:00,2,1,2,5
2024-03-19 02:30:00,1,1,3,5
2024-03-19 02:40:00,0,0,1,1
2024-03-19 02:50:00,0,0,1,1
2024-03-19 03:00:00,1,1,3,5
2024-03-19 03:10:00,1,0,3,4
2024-03-19 03:20:00,1,0,2,3
2024-03-19 03:30:00,1,1,4,6
2024-03-19 03:40:00,0,1,3,4
2024-03-19 03:50:00,0,0,2,2
2024-03-19 04:00:00,1,1,4,6
2024-03-19 04:10:00,0,1,1,2
2024-03-19 04:20:00,0,2,3,5
2024-03-19 04:30:00,1,2,3,6
2024-03-19 04:40:00,0,1,4,5
2024-03-19 04:50:00,0,2,3,5
2024-03-19 05:00:00,2,2,1,5
2024-03-19 05:10:00,3,1,4,8
2024-03-19 05:20:00,4,1,11,16
2024-03-19 05:30:00,2,5,7,14
2024-03-19 05:40:00,2,3,8,13
2024-03-19 05:50:00,2,5,18,25
2024-03-19 06:00:00,1,2,13,16
2024-03-19 06:10:00,4,9,23,36
2024-03-19 06:20:00,4,4,24,32
2024-03-19 06:30:00,0,10,22,32
2024-03-19 06:40:00,3,6,26,35
2024-03-19 06:50:00,10,7,28,45
2024-03-19 07:00:00,9,9,24,42
2024-03-19 07:10:00,11,13,31,55
2024-03-19 07:20:00,13,8,41,62
2024-03-19 07:30:00,19,22,38,79
2024-03-19 07:40:00,24,24,35,83
2024-03-19 07:50:00,23,29,43,95
2024-03-19 08:00:00,11,24,40,75
2024-03-19 08:10:00,16,22,40,78
2024-03-19 08:20:00,13,30,42,85
2024-03-19 08:30:00,13,30,60,103
2024-03-19 08:40:00,13,27,49,89
2024-03-19 08:50:00,12,24,44,80
2024-03-19 09:00:00,13,24,52,89
2024-03-19 09:10:00,8,30,44,82
2024-03-19 09:20:00,18,30,37,85
2024-03-19 09:30:00,11,33,41,85
2024-03-19 09:40:00,11,23,37,71
2024-03-19 09:50:00,6,28,52,86
2024-03-19 10:00:00,9,18,43,70
2024-03-19 10:10:00,5,22,63,90
2024-03-19 10:20:00,16,25,53,94
2024-03-19 10:30:00,21,33,43,97
2024-03-19 10:40:00,14,34,40,88
2024-03-19 10:50:00,21,39,40,100
2024-03-19 11:00:00,15,19,52,86
2024-03-19 11:10:00,6,25,52,83
2024-03-19 11:20:00,12,26,52,90
2024-03-19 11:30:00,7,18,51,76
2024-03-19 11:40:00,12,23,47,82
2024-03-19 11:50:00,6,22,49,77
2024-03-19 12:00:00,12,24,48,84
2024-03-19 12:10:00,9,31,49,89
2024-03-19 12:20:00,8,16,47,71
2024-03-19 12:30:00,17,30,44,91
2024-03-19 12:40:00,14,17,51,82
2024-03-19 12:50:00,8,28,45,81
2024-03-19 13:00:00,11,21,50,82
2024-03-19 13:10:00,14,27,39,80
2024-03-19 13:20:00,17,27,34,78
2024-03-19 13:30:00,12,28,43,83
2024-03-19 13:40:00,13,30,52,95
2024-03-19 13:50:00,12,28,49,89
2024-03-19 14:00:00,13,26,49,88
2024-03-19 14:10:00,10,22,48,80
2024-03-19 14:20:00,13,27,53,93
2024-03-19 14:30:00,9,24,49,82
2024-03-19 14:40:00,11,23,55,89
2024-03-19 14:50:00,22,29,53,104
2024-03-19 15:00:00,12,35,48,95
2024-03-19 15:10:00,15,20,49,84
2024-03-19 15:20:00,12,24,60,96
2024-03-19 15:30:00,16,31,49,96
2024-03-19 15:40:00,14,28,59,101
2024-03-19 15:50:00,11,23,67,101
2024-03-19 16:00:00,18,37,56,111
2024-03-19 16:10:00,12,32,57,101
2024-03-19 16:20:00,11,21,58,90
2024-03-19 16:30:00,6,24,66,96
2024-03-19 16:40:00,17,29,47,93
2024-03-19 16:50:00,12,36,65,113
2024-03-19 17:00:00,14,21,61,96
2024-03-19 17:10:00,24,25,64,113
2024-03-19 17:20:00,11,32,46,89
2024-03-19 17:30:00,11,20,55,86
2024-03-19 17:40:00,8,26,50,84
2024-03-19 17:50:00,11,27,53,91
2024-03-19 18:00:00,5,20,45,70
2024-03-19 18:10:00,9,25,59,93
2024-03-19 18:20:00,10,21,44,75
2024-03-19 18:30:00,13,22,46,81
2024-03-19 18:40:00,10,19,49,78
2024-03-19 18:50:00,7,23,34,64
2024-03-19 19:00:00,6,11,35,52
2024-03-19 19:10:00,6,13,37,56
2024-03-19 19:20:00,6,9,31,46
2024-03-19 19:30:00,8,14,26,48
2024-03-19 19:40:00,10,18,33,61
2024-03-19 19:50:00,11,7,28,46
2024-03-19 20:00:00,6,13,16,35
2024-03-19 20:10:00,4,7,25,36
2024-03-19 20:20:00,5,15,27,47
2024-03-19 20:30:00,3,11,21,35
2024-03-19 20:40:00,11,7,27,45
2024-03-19 20:50:00,3,4,22,29
2024-03-19 21:00:00,1,9,19,29
2024-03-19 21:10:00,3,5,19,27
2024-03-19 21:20:00,2,8,23,33
2024-03-19 21:30:00,3,9,29,41
2024-03-19 21:40:00,3,8,16,27
2024-03-19 21:50:00,2,4,19,25
2024-03-19 22:00:00,5,6,20,31
2024-03-19 22:10:00,3,4,13,20
2024-03-19 22:20:00,4,9,16,29
2024-03-19 22:30:00,5,1,13,19
2024-03-19 22:40:00,2,4,17,23
2024-03-19 22:50:00,2,1,9,12
2024-03-19 23:00:00,2,3,8,13
2024-03-19 23:10:00,3,4,8,15
2024-03-19 23:20:00,2,1,7,10
2024-03-19 23:30:00,0,3,7,10
2024-03-19 23:40:00,0,2,6,8
2024-03-19 23:50:00,1,1,9,11
2024-03-20 00:00:00,1,1,11,13
2024-03-20 00:10:00,2,1,2,5
2024-03-20 00:20:00,0,1,4,5
2024-03-20 00:30:00,0,4,4,8
2024-03-20 00:40:00,0,2,5,7
2024-03-20 00:50:00,0,1,4,5
2024-03-20 01:00:00,0,4,1,5
2024-03-20 01:10:00,1,2,3,6
2024-03-20 01:20:00,0,0,2,2
2024-03-20 01:30:00,0,1,2,3
2024-03-20 01:40:00,0,0,3,3
2024-03-20 01:50:00,1,1,5,7
2024-03-20 02:00:00,1,0,3,4
2024-03-20 02:10:00,0,1,3,4
2024-03-20 02:20:00,1,0,0,1
2024-03-20 02:30:00,0,0,1,1
2024-03-20 02:40:00,0,0,3,3
2024-03-20 02:50:00,0,0,3,3
2024-03-20 03:00:00,0,0,6,6
2024-03-20 03:10:00,1,2,3,6
2024-03-20 03:20:00,1,0,2,3
2024-03-20 03:30:00,0,1,4,5
2024-03-20 03:40:00,0,2,2,4
2024-03-20 03:50:00,0,0,3,3
2024-03-20 04:00:00,0,0,5,5
2024-03-20 04:10:00,0,1,1,2
2024-03-20 04:20:00,0,0,1,1
2024-03-20 04:30:00,0,0,3,3
2024-03-20 04:40:00,0,1,1,2
2024-03-20 04:50:00,0,0,3,3
2024-03-20 05:00:00,0,1,1,2
2024-03-20 05:10:00,3,3,6,12
2024-03-20 05:20:00,1,1,13,15
2024-03-20 05:30:00,1,7,8,16
2024-03-20 05:40:00,8,5,11,24
2024-03-20 05:50:00,2,4,20,26
2024-03-20 06:00:00,2,7,15,24
2024-03-20 06:10:00,2,4,16,22
2024-03-20 06:20:00,2,2,18,22
2024-03-20 06:30:00,2,13,20,35
2024-03-20 06:40:00,5,13,22,40
2024-03-20 06:50:00,3,7,27,37
2024-03-20 07:00:00,3,16,23,42
2024-03-20 07:10:00,6,15,36,57
2024-03-20 07:20:00,12,13,37,62
2024-03-20 07:30:00,10,22,35,67
2024-03-20 07:40:00,13,15,42,70
2024-03-20 07:50:00,14,21,46,81
2024-03-20 08:00:00,14,16,36,66
2024-03-20 08:10:00,16,30,31,77
2024-03-20 08:20:00,14,18,42,74
2024-03-20 08:30:00,13,30,40,83
2024-03-20 08:40:00,16,28,38,82
2024-03-20 08:50:00,12,28,59,99
2024-03-20 09:00:00,16,33,49,98
2024-03-20 09:10:00,14,31,52,97
2024-03-20 09:20:00,15,29,46,90
2024-03-20 09:30:00,17,22,56,95
2024-03-20 09:40:00,16,29,56,101
2024-03-20 09:50:00,8,29,49,86
2024-03-20 10:00:00,12,28,47,87
2024-03-20 10:10:00,5,30,59,94
2024-03-20 10:20:00,21,42,46,109
2024-03-20 10:30:00,11,36,49,96
2024-03-20 10:40:00,19,31,44,94
2024-03-20 10:50:00,16,32,53,101
2024-03-20 11:00:00,9,19,59,87
2024-03-20 11:10:00,13,23,34,70
2024-03-20 11:20:00,12,23,44,79
2024-03-20 11:30:00,9,26,41,76
2024-03-20 11:40:00,11,24,44,79
2024-03-20 11:50:00,10,14,38,62
2024-03-20 12:00:00,18,33,45,96
2024-03-20 12:10:00,11,26,44,81
2024-03-20 12:20:00,16,29,47,92
2024-03-20 12:30:00,16,22,46,84
2024-03-20 12:40:00,15,19,52,86
2024-03-20 12:50:00,12,29,38,79
2024-03-20 13:00:00,15,34,52,101
2024-03-20 13:10:00,13,26,46,85
2024-03-20 13:20:00,10,18,42,70
2024-03-20 13:30:00,12,18,36,66
2024-03-20 13:40:00,11,20,51,82
2024-03-20 13:50:00,6,21,51,78
2024-03-20 14:00:00,15,18,44,77
2024-03-20 14:10:00,8,18,53,79
2024-03-20 14:20:00,11,22,59,92
2024-03-20 14:30:00,13,26,56,95
2024-03-20 14:40:00,13,21,47,81
2024-03-20 14:50:00,10,24,57,91
2024-03-20 15:00:00,14,18,40,72
2024-03-20 15:10:00,9,32,58,99
2024-03-20 15:20:00,12,22,58,92
2024-03-20 15:30:00,15,30,45,90
2024-03-20 15:40:00,8,18,55,81
2024-03-20 15:50:00,9,24,61,94
2024-03-20 16:00:00,17,20,60,97
2024-03-20 16:10:00,11,26,54,91
2024-03-20 16:20:00,14,26,54,94
2024-03-20 16:30:00,8,20,66,94
2024-03-20 16:40:00,10,19,62,91
2024-03-20 16:50:00,15,27,64,106
2024-03-20 17:00:00,9,21,57,87
2024-03-20 17:10:00,17,17,63,97
2024-03-20 17:20:00,7,20,55,82
2024-03-20 17:30:00,9,24,76,109
2024-03-20 17:40:00,13,33,57,103
2024-03-20 17:50:00,12,28,59,99
2024-03-20 18:00:00,14,27,53,94
2024-03-20 18:10:00,11,19,54,84
2024-03-20 18:20:00,9,27,58,94
2024-03-20 18:30:00,7,20,47,74
2024-03-20 18:40:00,7,25,49,81
2024-03-20 18:50:00,11,20,42,73
2024-03-20 19:00:00,6,18,41,65
2024-03-20 19:10:00,4,14,30,48
2024-03-20 19:20:00,7,17,36,60
2024-03-20 19:30:00,9,11,26,46
2024-03-20 19:40:00,1,13,31,45
2024-03-20 19:50:00,6,9,27,42
2024-03-20 20:00:00,7,13,29,49
2024-03-20 20:10:00,8,18,27,53
2024-03-20 20:20:00,4,13,31,48
2024-03-20 20:30:00,2,8,20,30
2024-03-20 20:40:00,3,8,21,32
2024-03-20 20:50:00,8,4,25,37
2024-03-20 21:00:00,4,8,22,34
2024-03-20 21:10:00,4,8,26,38
2024-03-20 21:20:00,3,8,26,37
2024-03-20 21:30:00,4,8,28,40
2024-03-20 21:40:00,6,10,19,35
2024-03-20 21:50:00,3,8,22,33
2024-03-20 22:00:00,4,9,23,36
2024-03-20 22:10:00,2,7,16,25
2024-03-20 22:20:00,5,4,24,33
2024-03-20 22:30:00,1,9,18,28
2024-03-20 22:40:00,1,3,11,15
2024-03-20 22:50:00,0,5,13,18
2024-03-20 23:00:00,0,2,17,19
2024-03-20 23:10:00,4,5,15,24
2024-03-20 23:20:00,3,4,8,15
2024-03-20 23:30:00,0,4,6,10
2024-03-20 23:40:00,1,1,4,6
2024-03-20 23:50:00,3,1,10,14
2024-03-21 00:00:00,0,2,2,4
2024-03-21 00:10:00,0,1,8,9
2024-03-21 00:20:00,1,3,5,9
2024-03-21 00:30:00,0,0,5,5
2024-03-21 00:40:00,1,0,2,3
2024-03-21 00:50:00,2,0,8,10
2024-03-21 01:00:00,2,3,1,6
2024-03-21 01:10:00,0,0,3,3
2024-03-21 01:20:00,0,0,5,5
2024-03-21 01:30:00,1,3,5,9
2024-03-21 01:40:00,1,0,8,9
2024-03-21 01:50:00,0,2,3,5
2024-03-21 02:00:00,0,1,1,2
2024-03-21 02:10:00,0,1,2,3
2024-03-21 02:20:00,2,1,2,5
2024-03-21 02:30:00,0,2,2,4
2024-03-21 02:40:00,0,0,4,4
2024-03-21 02:50:00,1,2,5,8
2024-03-21 03:00:00,0,0,3,3
2024-03-21 03:10:00,0,0,3,3
2024-03-21 03:20:00,0,0,2,2
2024-03-21 03:30:00,0,0,5,5
2024-03-21 03:40:00,0,3,3,6
2024-03-21 03:50:00,0,0,2,2
2024-03-21 04:00:00,1,2,4,7
2024-03-21 04:10:00,0,1,2,3
2024-03-21 04:20:00,0,0,0,0
2024-03-21 04:30:00,0,0,3,3
2024-03-21 04:40:00,0,0,3,3
2024-03-21 04:50:00,1,2,5,8
2024-03-21 05:00:00,0,0,5,5
2024-03-21 05:10:00,4,2,7,13
2024-03-21 05:20:00,2,2,11,15
2024-03-21 05:30:00,3,3,3,9
2024-03-21 05:40:00,6,4,14,24
2024-03-21 05:50:00,3,4,11,18
2024-03-21 06:00:00,2,7,10,19
2024-03-21 06:10:00,5,3,23,31
2024-03-21 06:20:00,4,10,26,40
2024-03-21 06:30:00,4,5,27,36
2024-03-21 06:40:00,4,5,24,33
2024-03-21 06:50:00,7,11,36,54
2024-03-21 07:00:00,10,16,19,45
2024-03-21 07:10:00,9,10,29,48
2024-03-21 07:20:00,6,19,40,65
2024-03-21 07:30:00,10,23,39,72
2024-03-21 07:40:00,8,20,40,68
2024-03-21 07:50:00,20,27,45,92
2024-03-21 08:00:00,16,27,50,93
2024-03-21 08:10:00,12,18,41,71
2024-03-21 08:20:00,7,24,42,73
2024-03-21 08:30:00,11,22,37,70
2024-03-21 08:40:00,14,28,36,78
2024-03-21 08:50:00,14,28,49,91
2024-03-21 09:00:00,15,25,38,78
2024-03-21 09:10:00,13,30,49,92
2024-03-21 09:20:00,13,26,46,85
2024-03-21 09:30:00,16,31,46,93
2024-03-21 09:40:00,6,21,46,73
2024-03-21 09:50:00,6,25,48,79
2024-03-21 10:00:00,12,35,42,89
2024-03-21 10:10:00,9,23,49,81
2024-03-21 10:20:00,12,29,41,82
2024-03-21 10:30:00,7,14,39,60
2024-03-21 10:40:00,18,41,46,105
2024-03-21 10:50:00,15,20,41,76
2024-03-21 11:00:00,12,14,41,67
2024-03-21 11:10:00,14,18,35,67
2024-03-21 11:20:00,16,28,43,87
2024-03-21 11:30:00,15,26,55,96
2024-03-21 11:40:00,11,22,46,79
2024-03-21 11:50:00,11,26,54,91
2024-03-21 12:00:00,7,19,44,70
2024-03-21 12:10:00,14,30,49,93
2024-03-21 12:20:00,9,25,44,78
2024-03-21 12:30:00,15,26,49,90
2024-03-21 12:40:00,9,26,53,88
2024-03-21 12:50:00,16,30,47,93
2024-03-21 13:00:00,8,20,48,76
2024-03-21 13:10:00,18,27,43,88
2024-03-21 13:20:00,7,31,45,83
2024-03-21 13:30:00,18,29,48,95
2024-03-21 13:40:00,5,28,46,79
2024-03-21 13:50:00,16,20,52,88
2024-03-21 14:00:00,9,25,47,81
2024-03-21 14:10:00,12,21,58,91
2024-03-21 14:20:00,4,32,63,99
2024-03-21 14:30:00,9,15,47,71
2024-03-21 14:40:00,17,19,56,92
2024-03-21 14:50:00,17,31,55,103
2024-03-21 15:00:00,22,32,54,108
2024-03-21 15:10:00,18,34,52,104
2024-03-21 15:20:00,16,29,63,108
2024-03-21 15:30:00,13,34,59,106
2024-03-21 15:40:00,6,17,77,100
2024-03-21 15:50:00,15,22,69,106
2024-03-21 16:00:00,9,28,58,95
2024-03-21 16:10:00,17,33,57,107
2024-03-21 16:20:00,17,30,65,112
2024-03-21 16:30:00,14,45,64,123
2024-03-21 16:40:00,6,19,55,80
2024-03-21 16:50:00,21,30,49,100
2024-03-21 17:00:00,14,20,63,97
2024-03-21 17:10:00,13,21,54,88
2024-03-21 17:20:00,14,28,61,103
2024-03-21 17:30:00,12,17,53,82
2024-03-21 17:40:00,11,28,62,101
2024-03-21 17:50:00,13,14,51,78
2024-03-21 18:00:00,10,28,58,96
2024-03-21 18:10:00,11,22,39,72
2024-03-21 18:20:00,8,27,45,80
2024-03-21 18:30:00,7,20,62,89
2024-03-21 18:40:00,10,21,40,71
2024-03-21 18:50:00,5,14,43,62
2024-03-21 19:00:00,7,24,42,73
2024-03-21 19:10:00,6,21,33,60
2024-03-21 19:20:00,9,12,34,55
2024-03-21 19:30:00,7,16,26,49
2024-03-21 19:40:00,4,10,32,46
2024-03-21 19:50:00,3,12,28,43
2024-03-21 20:00:00,10,11,22,43
2024-03-21 20:10:00,6,6,28,40
2024-03-21 20:20:00,5,11,19,35
2024-03-21 20:30:00,4,14,29,47
2024-03-21 20:40:00,1,11,27,39
2024-03-21 20:50:00,6,15,28,49
2024-03-21 21:00:00,8,10,22,40
2024-03-21 21:10:00,6,8,17,31
2024-03-21 21:20:00,5,5,24,34
2024-03-21 21:30:00,2,10,25,37
2024-03-21 21:40:00,7,6,27,40
2024-03-21 21:50:00,8,5,19,32
2024-03-21 22:00:00,2,9,21,32
2024-03-21 22:10:00,2,5,22,29
2024-03-21 22:20:00,1,9,13,23
2024-03-21 22:30:00,4,5,16,25
2024-03-21 22:40:00,2,4,13,19
2024-03-21 22:50:00,3,3,18,24
2024-03-21 23:00:00,1,7,13,21
2024-03-21 23:10:00,2,2,9,13
2024-03-21 23:20:00,7,7,11,25
2024-03-21 23:30:00,0,1,12,13
2024-03-21 23:40:00,2,2,11,15
2024-03-21 23:50:00,1,1,12,14
2024-03-22 00:00:00,1,3,10,14
2024-03-22 00:10:00,2,2,11,15
2024-03-22 00:20:00,1,1,7,9
2024-03-22 00:30:00,1,0,8,9
2024-03-22 00:40:00,2,0,5,7
2024-03-22 00:50:00,0,0,5,5
2024-03-22 01:00:00,0,1,3,4
2024-03-22 01:10:00,1,2,6,9
2024-03-22 01:20:00,1,1,1,3
2024-03-22 01:30:00,1,1,2,4
2024-03-22 01:40:00,0,1,2,3
2024-03-22 01:50:00,1,1,5,7
2024-03-22 02:00:00,0,1,1,2
2024-03-22 02:10:00,0,1,7,8
2024-03-22 02:20:00,1,1,2,4
2024-03-22 02:30:00,1,1,2,4
2024-03-22 02:40:00,1,0,6,7
2024-03-22 02:50:00,0,0,5,5
2024-03-22 03:00:00,0,0,1,1
2024-03-22 03:10:00,1,0,2,3
2024-03-22 03:20:00,0,0,2,2
2024-03-22 03:30:00,0,0,3,3
2024-03-22 03:40:00,2,3,2,7
2024-03-22 03:50:00,0,0,3,3
2024-03-22 04:00:00,1,1,3,5
2024-03-22 04:10:00,0,1,1,2
2024-03-22 04:20:00,0,1,2,3
2024-03-22 04:30:00,0,1,3,4
2024-03-22 04:40:00,0,0,0,0
2024-03-22 04:50:00,0,1,6,7
2024-03-22 05:00:00,0,0,5,5
2024-03-22 05:10:00,4,2,4,10
2024-03-22 05:20:00,1,2,7,10
2024-03-22 05:30:00,4,3,11,18
2024-03-22 05:40:00,6,2,12,20
2024-03-22 05:50:00,8,7,9,24
2024-03-22 06:00:00,3,3,13,19
2024-03-22 06:10:00,4,5,19,28
2024-03-22 06:20:00,7,5,23,35
2024-03-22 06:30:00,4,5,14,23
2024-03-22 06:40:00,6,7,25,38
2024-03-22 06:50:00,8,12,34,54
2024-03-22 07:00:00,7,15,27,49
2024-03-22 07:10:00,10,6,34,50
2024-03-22 07:20:00,7,11,25,43
2024-03-22 07:30:00,9,18,36,63
2024-03-22 07:40:00,16,36,38,90
2024-03-22 07:50:00,8,19,36,63
2024-03-22 08:00:00,13,28,38,79
2024-03-22 08:10:00,11,15,27,53
2024-03-22 08:20:00,7,25,38,70
2024-03-22 08:30:00,17,31,42,90
2024-03-22 08:40:00,11,27,44,82
2024-03-22 08:50:00,14,22,46,82
2024-03-22 09:00:00,10,21,42,73
2024-03-22 09:10:00,10,19,47,76
2024-03-22 09:20:00,9,24,42,75
2024-03-22 09:30:00,7,19,50,76
2024-03-22 09:40:00,13,15,53,81
2024-03-22 09:50:00,12,25,45,82
2024-03-22 10:00:00,11,27,47,85
2024-03-22 10:10:00,9,20,40,69
2024-03-22 10:20:00,11,21,45,77
2024-03-22 10:30:00,13,23,45,81
2024-03-22 10:40:00,12,28,49,89
2024-03-22 10:50:00,8,21,46,75
2024-03-22 11:00:00,14,30,46,90
2024-03-22 11:10:00,12,25,62,99
2024-03-22 11:20:00,12,26,70,108
2024-03-22 11:30:00,15,22,56,93
2024-03-22 11:40:00,6,22,45,73
2024-03-22 11:50:00,16,21,55,92
2024-03-22 12:00:00,6,25,50,81
2024-03-22 12:10:00,17,25,56,98
2024-03-22 12:20:00,13,23,60,96
2024-03-22 12:30:00,9,32,58,99
2024-03-22 12:40:00,14,28,64,106
2024-03-22 12:50:00,13,25,53,91
2024-03-22 13:00:00,9,35,45,89
2024-03-22 13:10:00,9,24,46,79
2024-03-22 13:20:00,12,18,46,76
2024-03-22 13:30:00,13,23,53,89
2024-03-22 13:40:00,8,23,50,81
2024-03-22 13:50:00,15,30,54,99
2024-03-22 14:00:00,15,16,49,80
2024-03-22 14:10:00,14,24,58,96
2024-03-22 14:20:00,7,24,50,81
2024-03-22 14:30:00,12,27,54,93
2024-03-22 14:40:00,13,32,51,96
2024-03-22 14:50:00,11,25,56,92
2024-03-22 15:00:00,8,26,44,78
2024-03-22 15:10:00,13,18,71,102
2024-03-22 15:20:00,13,22,54,89
2024-03-22 15:30:00,11,19,55,85
2024-03-22 15:40:00,9,25,57,91
2024-03-22 15:50:00,7,26,46,79
2024-03-22 16:00:00,14,26,42,82
2024-03-22 16:10:00,11,26,66,103
2024-03-22 16:20:00,7,28,52,87
2024-03-22 16:30:00,8,24,51,83
2024-03-22 16:40:00,11,19,63,93
2024-03-22 16:50:00,7,21,52,80
2024-03-22 17:00:00,13,22,53,88
2024-03-22 17:10:00,9,29,60,98
2024-03-22 17:20:00,7,31,40,78
2024-03-22 17:30:00,4,20,46,70
2024-03-22 17:40:00,10,18,53,81
2024-03-22 17:50:00,11,23,55,89
2024-03-22 18:00:00,10,19,44,73
2024-03-22 18:10:00,6,29,40,75
2024-03-22 18:20:00,15,21,39,75
2024-03-22 18:30:00,4,10,28,42
2024-03-22 18:40:00,5,9,22,36
2024-03-22 18:50:00,6,11,19,36
2024-03-22 19:00:00,11,13,34,58
2024-03-22 19:10:00,5,19,37,61
2024-03-22 19:20:00,12,15,35,62
2024-03-22 19:30:00,5,10,32,47
2024-03-22 19:40:00,7,9,25,41
2024-03-22 19:50:00,4,8,37,49
2024-03-22 20:00:00,8,9,29,46
2024-03-22 20:10:00,7,14,27,48
2024-03-22 20:20:00,8,17,23,48
2024-03-22 20:30:00,7,13,39,59
2024-03-22 20:40:00,3,9,23,35
2024-03-22 20:50:00,3,10,27,40
2024-03-22 21:00:00,6,12,17,35
2024-03-22 21:10:00,7,11,29,47
2024-03-22 21:20:00,3,10,21,34
2024-03-22 21:30:00,1,9,22,32
2024-03-22 21:40:00,5,10,22,37
2024-03-22 21:50:00,4,5,21,30
2024-03-22 22:00:00,2,6,30,38
2024-03-22 22:10:00,1,5,15,21
2024-03-22 22:20:00,4,7,23,34
2024-03-22 22:30:00,4,10,11,25
2024-03-22 22:40:00,4,6,15,25
2024-03-22 22:50:00,4,7,11,22
2024-03-22 23:00:00,2,7,18,27
2024-03-22 23:10:00,3,6,19,28
2024-03-22 23:20:00,3,7,17,27
2024-03-22 23:30:00,1,3,10,14
2024-03-22 23:40:00,1,6,10,17
2024-03-22 23:50:00,2,2,15,19
2024-03-23 00:00:00,4,5,15,24
2024-03-23 00:10:00,3,8,14,25
2024-03-23 00:20:00,1,2,13,16
2024-03-23 00:30:00,3,4,8,15
2024-03-23 00:40:00,0,2,9,11
2024-03-23 00:50:00,1,6,14,21
2024-03-23 01:00:00,6,7,13,26
2024-03-23 01:10:00,3,3,7,13
2024-03-23 01:20:00,2,1,8,11
2024-03-23 01:30:00,1,3,4,8
2024-03-23 01:40:00,1,3,11,15
2024-03-23 01:50:00,0,2,6,8
2024-03-23 02:00:00,2,2,12,16
2024-03-23 02:10:00,0,2,8,10
2024-03-23 02:20:00,2,3,4,9
2024-03-23 02:30:00,1,3,4,8
2024-03-23 02:40:00,1,3,9,13
2024-03-23 02:50:00,2,1,6,9
2024-03-23 03:00:00,1,1,5,7
2024-03-23 03:10:00,0,2,6,8
2024-03-23 03:20:00,0,1,5,6
2024-03-23 03:30:00,0,0,9,9
2024-03-23 03:40:00,1,2,5,8
2024-03-23 03:50:00,0,0,4,4
2024-03-23 04:00:00,2,1,0,3
2024-03-23 04:10:00,0,1,3,4
2024-03-23 04:20:00,0,1,3,4
2024-03-23 04:30:00,0,2,8,10
2024-03-23 04:40:00,0,1,4,5
2024-03-23 04:50:00,0,0,2,2
2024-03-23 05:00:00,1,2,7,10
2024-03-23 05:10:00,3,1,0,4
2024-03-23 05:20:00,1,3,6,10
2024-03-23 05:30:00,3,3,8,14
2024-03-23 05:40:00,1,1,7,9
2024-03-23 05:50:00,4,5,7,16
2024-03-23 06:00:00,3,1,3,7
2024-03-23 06:10:00,0,1,8,9
2024-03-23 06:20:00,3,4,11,18
2024-03-23 06:30:00,1,4,9,14
2024-03-23 06:40:00,1,1,12,14
2024-03-23 06:50:00,4,2,9,15
2024-03-23 07:00:00,0,1,11,12
2024-03-23 07:10:00,0,5,15,20
2024-03-23 07:20:00,2,3,7,12
2024-03-23 07:30:00,4,6,4,14
2024-03-23 07:40:00,3,6,7,16
2024-03-23 07:50:00,3,3,9,15
2024-03-23 08:00:00,0,5,12,17
2024-03-23 08:10:00,4,5,13,22
2024-03-23 08:20:00,2,3,10,15
2024-03-23 08:30:00,2,10,10,22
2024-03-23 08:40:00,5,6,22,33
2024-03-23 08:50:00,6,6,16,28
2024-03-23 09:00:00,0,9,22,31
2024-03-23 09:10:00,4,16,17,37
2024-03-23 09:20:00,2,21,28,51
2024-03-23 09:30:00,5,15,22,42
2024-03-23 09:40:00,10,21,25,56
2024-03-23 09:50:00,8,28,27,63
2024-03-23 10:00:00,2,13,27,42
2024-03-23 10:10:00,3,17,29,49
2024-03-23 10:20:00,7,22,31,60
2024-03-23 10:30:00,9,28,29,66
2024-03-23 10:40:00,9,26,35,70
2024-03-23 10:50:00,6,12,30,48
2024-03-23 11:00:00,3,24,29,56
2024-03-23 11:10:00,4,26,40,70
2024-03-23 11:20:00,12,34,31,77
2024-03-23 11:30:00,7,23,29,59
2024-03-23 11:40:00,13,22,38,73
2024-03-23 11:50:00,7,19,51,77
2024-03-23 12:00:00,10,21,36,67
2024-03-23 12:10:00,10,26,43,79
2024-03-23 12:20:00,12,26,38,76
2024-03-23 12:30:00,8,24,32,64
2024-03-23 12:40:00,11,21,43,75
2024-03-23 12:50:00,9,16,54,79
2024-03-23 13:00:00,8,22,35,65
2024-03-23 13:10:00,10,27,35,72
2024-03-23 13:20:00,7,18,45,70
2024-03-23 13:30:00,6,19,53,78
2024-03-23 13:40:00,8,21,39,68
2024-03-23 13:50:00,10,20,45,75
2024-03-23 14:00:00,5,19,34,58
2024-03-23 14:10:00,9,16,47,72
2024-03-23 14:20:00,11,25,52,88
2024-03-23 14:30:00,9,21,45,75
2024-03-23 14:40:00,7,20,45,72
2024-03-23 14:50:00,3,22,48,73
2024-03-23 15:00:00,6,22,39,67
2024-03-23 15:10:00,10,26,42,78
2024-03-23 15:20:00,7,29,44,80
2024-03-23 15:30:00,9,14,46,69
2024-03-23 15:40:00,7,18,46,71
2024-03-23 15:50:00,4,13,49,66
2024-03-23 16:00:00,4,17,39,60
2024-03-23 16:10:00,1,16,48,65
2024-03-23 16:20:00,7,18,48,73
2024-03-23 16:30:00,4,16,46,66
2024-03-23 16:40:00,6,19,44,69
2024-03-23 16:50:00,6,19,52,77
2024-03-23 17:00:00,4,20,43,67
2024-03-23 17:10:00,6,17,48,71
2024-03-23 17:20:00,4,18,39,61
2024-03-23 17:30:00,10,23,43,76
2024-03-23 17:40:00,5,18,41,64
2024-03-23 17:50:00,4,21,51,76
2024-03-23 18:00:00,5,10,35,50
2024-03-23 18:10:00,4,19,43,66
2024-03-23 18:20:00,15,18,40,73
2024-03-23 18:30:00,6,22,47,75
2024-03-23 18:40:00,3,16,46,65
2024-03-23 18:50:00,3,14,34,51
2024-03-23 19:00:00,5,13,29,47
2024-03-23 19:10:00,6,16,28,50
2024-03-23 19:20:00,5,18,36,59
2024-03-23 19:30:00,7,15,32,54
2024-03-23 19:40:00,5,19,39,63
2024-03-23 19:50:00,1,16,25,42
2024-03-23 20:00:00,5,13,49,67
2024-03-23 20:10:00,4,13,27,44
2024-03-23 20:20:00,6,10,31,47
2024-03-23 20:30:00,7,11,24,42
2024-03-23 20:40:00,3,11,26,40
2024-03-23 20:50:00,4,16,17,37
2024-03-23 21:00:00,5,15,19,39
2024-03-23 21:10:00,2,11,23,36
2024-03-23 21:20:00,4,8,20,32
2024-03-23 21:30:00,7,10,26,43
2024-03-23 21:40:00,5,5,21,31
2024-03-23 21:50:00,3,15,28,46
2024-03-23 22:00:00,2,6,23,31
2024-03-23 22:10:00,2,8,21,31
2024-03-23 22:20:00,2,8,9,19
2024-03-23 22:30:00,4,12,17,33
2024-03-23 22:40:00,1,9,24,34
2024-03-23 22:50:00,1,7,10,18
2024-03-23 23:00:00,2,5,15,22
2024-03-23 23:10:00,3,8,15,26
2024-03-23 23:20:00,9,9,18,36
2024-03-23 23:30:00,1,5,17,23
2024-03-23 23:40:00,1,3,19,23
2024-03-23 23:50:00,5,4,15,24
2024-03-24 00:00:00,2,8,13,23
2024-03-24 00:10:00,4,3,12,19
2024-03-24 00:20:00,1,3,11,15
2024-03-24 00:30:00,0,2,12,14
2024-03-24 00:40:00,1,5,10,16
2024-03-24 00:50:00,2,4,6,12
2024-03-24 01:00:00,0,2,6,8
2024-03-24 01:10:00,1,5,11,17
2024-03-24 01:20:00,1,3,14,18
2024-03-24 01:30:00,2,2,13,17
2024-03-24 01:40:00,3,2,7,12
2024-03-24 01:50:00,0,1,13,14
2024-03-24 02:00:00,4,6,6,16
2024-03-24 02:10:00,0,0,7,7
2024-03-24 02:20:00,2,2,6,10
2024-03-24 02:30:00,2,5,6,13
2024-03-24 02:40:00,1,2,10,13
2024-03-24 02:50:00,0,3,8,11
2024-03-24 03:00:00,0,1,4,5
2024-03-24 03:10:00,0,3,8,11
2024-03-24 03:20:00,0,0,5,5
2024-03-24 03:30:00,1,3,3,7
2024-03-24 03:40:00,0,0,3,3
2024-03-24 03:50:00,0,1,4,5
2024-03-24 04:00:00,2,4,2,8
2024-03-24 04:10:00,0,1,5,6
2024-03-24 04:20:00,2,2,4,8
2024-03-24 04:30:00,1,0,2,3
2024-03-24 04:40:00,0,1,5,6
2024-03-24 04:50:00,0,1,3,4
2024-03-24 05:00:00,0,0,3,3
2024-03-24 05:10:00,0,1,3,4
2024-03-24 05:20:00,0,2,6,8
2024-03-24 05:30:00,0,4,5,9
2024-03-24 05:40:00,1,3,6,10
2024-03-24 05:50:00,3,2,1,6
2024-03-24 06:00:00,0,2,5,7
2024-03-24 06:10:00,3,2,8,13
2024-03-24 06:20:00,1,2,10,13
2024-03-24 06:30:00,1,3,9,13
2024-03-24 06:40:00,1,2,4,7
2024-03-24 06:50:00,1,1,7,9
2024-03-24 07:00:00,1,0,4,5
2024-03-24 07:10:00,2,1,4,7
2024-03-24 07:20:00,2,3,9,14
2024-03-24 07:30:00,2,3,4,9
2024-03-24 07:40:00,0,2,6,8
2024-03-24 07:50:00,1,2,0,3
2024-03-24 08:00:00,0,1,5,6
2024-03-24 08:10:00,0,2,7,9
2024-03-24 08:20:00,0,1,8,9
2024-03-24 08:30:00,5,6,10,21
2024-03-24 08:40:00,2,3,12,17
2024-03-24 08:50:00,2,0,13,15
2024-03-24 09:00:00,2,5,7,14
2024-03-24 09:10:00,1,3,10,14
2024-03-24 09:20:00,3,3,12,18
2024-03-24 09:30:00,0,5,8,13
2024-03-24 09:40:00,5,5,15,25
2024-03-24 09:50:00,5,8,13,26
2024-03-24 10:00:00,3,4,21,28
2024-03-24 10:10:00,3,10,13,26
2024-03-24 10:20:00,1,7,23,31
2024-03-24 10:30:00,2,10,14,26
2024-03-24 10:40:00,4,17,22,43
2024-03-24 10:50:00,2,10,24,36
2024-03-24 11:00:00,5,6,13,24
2024-03-24 11:10:00,3,6,16,25
2024-03-24 11:20:00,8,12,12,32
2024-03-24 11:30:00,4,11,15,30
2024-03-24 11:40:00,3,15,31,49
2024-03-24 11:50:00,5,11,30,46
2024-03-24 12:00:00,5,10,21,36
2024-03-24 12:10:00,10,12,26,48
2024-03-24 12:20:00,8,12,26,46
2024-03-24 12:30:00,7,6,25,38
2024-03-24 12:40:00,9,11,30,50
2024-03-24 12:50:00,3,11,23,37
2024-03-24 13:00:00,7,12,27,46
2024-03-24 13:10:00,7,15,22,44
2024-03-24 13:20:00,5,14,34,53
2024-03-24 13:30:00,4,8,31,43
2024-03-24 13:40:00,5,13,27,45
2024-03-24 13:50:00,7,15,38,60
2024-03-24 14:00:00,5,9,33,47
2024-03-24 14:10:00,8,14,29,51
2024-03-24 14:20:00,9,14,38,61
2024-03-24 14:30:00,10,11,29,50
2024-03-24 14:40:00,13,19,43,75
2024-03-24 14:50:00,7,18,33,58
2024-03-24 15:00:00,5,14,36,55
2024-03-24 15:10:00,5,13,24,42
2024-03-24 15:20:00,8,15,26,49
2024-03-24 15:30:00,4,12,40,56
2024-03-24 15:40:00,7,12,27,46
2024-03-24 15:50:00,3,15,31,49
2024-03-24 16:00:00,6,18,28,52
2024-03-24 16:10:00,1,9,38,48
2024-03-24 16:20:00,6,10,26,42
2024-03-24 16:30:00,4,10,38,52
2024-03-24 16:40:00,3,15,16,34
2024-03-24 16:50:00,7,15,24,46
2024-03-24 17:00:00,7,10,30,47
2024-03-24 17:10:00,6,14,25,45
2024-03-24 17:20:00,2,11,39,52
2024-03-24 17:30:00,9,12,30,51
2024-03-24 17:40:00,9,16,31,56
2024-03-24 17:50:00,5,12,36,53
2024-03-24 18:00:00,3,12,32,47
2024-03-24 18:10:00,6,17,40,63
2024-03-24 18:20:00,5,9,41,55
2024-03-24 18:30:00,4,7,22,33
2024-03-24 18:40:00,7,17,38,62
2024-03-24 18:50:00,5,6,30,41
2024-03-24 19:00:00,5,17,16,38
2024-03-24 19:10:00,2,8,18,28
2024-03-24 19:20:00,2,5,24,31
2024-03-24 19:30:00,2,9,33,44
2024-03-24 19:40:00,5,7,20,32
2024-03-24 19:50:00,4,7,14,25
2024-03-24 20:00:00,2,6,32,40
2024-03-24 20:10:00,5,11,15,31
2024-03-24 20:20:00,1,5,18,24
2024-03-24 20:30:00,4,8,20,32
2024-03-24 20:40:00,3,12,25,40
2024-03-24 20:50:00,1,9,16,26
2024-03-24 21:00:00,3,9,26,38
2024-03-24 21:10:00,0,11,13,24
2024-03-24 21:20:00,0,1,16,17
2024-03-24 21:30:00,3,10,19,32
2024-03-24 21:40:00,2,11,20,33
2024-03-24 21:50:00,1,4,17,22
2024-03-24 22:00:00,1,2,14,17
2024-03-24 22:10:00,2,5,15,22
2024-03-24 22:20:00,2,4,14,20
2024-03-24 22:30:00,1,6,18,25
2024-03-24 22:40:00,0,2,15,17
2024-03-24 22:50:00,1,3,14,18
2024-03-24 23:00:00,1,0,8,9
2024-03-24 23:10:00,1,3,9,13
2024-03-24 23:20:00,0,3,5,8
2024-03-24 23:30:00,1,0,10,11
2024-03-24 23:40:00,1,1,8,10
2024-03-24 23:50:00,1,1,3,5
2024-03-25 00:00:00,3,1,6,10
2024-03-25 00:10:00,1,4,8,13
2024-03-25 00:20:00,0,1,2,3
2024-03-25 00:30:00,1,1,7,9
2024-03-25 00:40:00,0,2,5,7
2024-03-25 00:50:00,0,2,5,7
2024-03-25 01:00:00,0,0,3,3
2024-03-25 01:10:00,0,0,5,5
2024-03-25 01:20:00,0,2,1,3
2024-03-25 01:30:00,0,0,5,5
2024-03-25 01:40:00,0,0,1,1
2024-03-25 01:50:00,0,0,2,2
2024-03-25 02:00:00,0,0,2,2
2024-03-25 02:10:00,0,0,4,4
2024-03-25 02:20:00,0,1,0,1
2024-03-25 02:30:00,1,2,1,4
2024-03-25 02:40:00,0,1,0,1
2024-03-25 02:50:00,1,1,3,5
2024-03-25 03:00:00,0,0,0,0
2024-03-25 03:10:00,0,0,1,1
2024-03-25 03:20:00,1,2,2,5
2024-03-25 03:30:00,1,2,4,7
2024-03-25 03:40:00,0,2,3,5
2024-03-25 03:50:00,0,0,2,2
2024-03-25 04:00:00,0,1,4,5
2024-03-25 04:10:00,0,0,2,2
2024-03-25 04:20:00,0,0,5,5
2024-03-25 04:30:00,1,1,2,4
2024-03-25 04:40:00,0,0,2,2
2024-03-25 04:50:00,0,0,4,4
2024-03-25 05:00:00,0,1,4,5
2024-03-25 05:10:00,1,2,12,15
2024-03-25 05:20:00,0,0,3,3
2024-03-25 05:30:00,3,4,10,17
2024-03-25 05:40:00,1,3,11,15
2024-03-25 05:50:00,3,3,12,18
2024-03-25 06:00:00,2,3,17,22
2024-03-25 06:10:00,2,6,15,23
2024-03-25 06:20:00,3,4,22,29
2024-03-25 06:30:00,3,11,20,34
2024-03-25 06:40:00,7,8,18,33
2024-03-25 06:50:00,6,7,30,43
2024-03-25 07:00:00,7,9,23,39
2024-03-25 07:10:00,4,9,25,38
2024-03-25 07:20:00,6,16,30,52
2024-03-25 07:30:00,8,18,33,59
2024-03-25 07:40:00,10,17,40,67
2024-03-25 07:50:00,11,14,39,64
2024-03-25 08:00:00,6,13,39,58
2024-03-25 08:10:00,8,23,40,71
2024-03-25 08:20:00,12,25,37,74
2024-03-25 08:30:00,15,16,44,75
2024-03-25 08:40:00,9,20,41,70
2024-03-25 08:50:00,16,22,52,90
2024-03-25 09:00:00,7,12,44,63
2024-03-25 09:10:00,14,17,43,74
2024-03-25 09:20:00,9,27,46,82
2024-03-25 09:30:00,8,22,41,71
2024-03-25 09:40:00,19,21,54,94
2024-03-25 09:50:00,13,35,44,92
2024-03-25 10:00:00,13,23,54,90
2024-03-25 10:10:00,14,30,48,92
2024-03-25 10:20:00,9,20,44,73
2024-03-25 10:30:00,8,18,67,93
2024-03-25 10:40:00,12,39,52,103
2024-03-25 10:50:00,15,17,38,70
2024-03-25 11:00:00,14,20,58,92
2024-03-25 11:10:00,10,19,47,76
2024-03-25 11:20:00,15,23,47,85
2024-03-25 11:30:00,15,34,52,101
2024-03-25 11:40:00,10,23,51,84
2024-03-25 11:50:00,13,24,51,88
2024-03-25 12:00:00,12,20,52,84
2024-03-25 12:10:00,15,20,45,80
2024-03-25 12:20:00,15,30,50,95
2024-03-25 12:30:00,12,26,36,74
2024-03-25 12:40:00,12,19,34,65
2024-03-25 12:50:00,9,15,37,61
2024-03-25 13:00:00,11,14,38,63
2024-03-25 13:10:00,6,30,45,81
2024-03-25 13:20:00,15,13,45,73
2024-03-25 13:30:00,9,24,53,86
2024-03-25 13:40:00,12,26,53,91
2024-03-25 13:50:00,5,27,52,84
2024-03-25 14:00:00,11,24,46,81
2024-03-25 14:10:00,11,17,40,68
2024-03-25 14:20:00,9,25,55,89
2024-03-25 14:30:00,10,18,45,73
2024-03-25 14:40:00,15,24,59,98
2024-03-25 14:50:00,13,20,49,82
2024-03-25 15:00:00,9,28,59,96
2024-03-25 15:10:00,10,28,49,87
2024-03-25 15:20:00,15,24,58,97
2024-03-25 15:30:00,13,24,58,95
2024-03-25 15:40:00,18,32,67,117
2024-03-25 15:50:00,10,18,63,91
2024-03-25 16:00:00,15,23,53,91
2024-03-25 16:10:00,10,17,54,81
2024-03-25 16:20:00,11,21,59,91
2024-03-25 16:30:00,14,26,66,106
2024-03-25 16:40:00,9,22,57,88
2024-03-25 16:50:00,13,31,50,94
2024-03-25 17:00:00,4,23,65,92
2024-03-25 17:10:00,10,24,58,92
2024-03-25 17:20:00,15,24,68,107
2024-03-25 17:30:00,10,20,47,77
2024-03-25 17:40:00,7,22,53,82
2024-03-25 17:50:00,7,31,45,83
2024-03-25 18:00:00,12,25,51,88
2024-03-25 18:10:00,7,23,52,82
2024-03-25 18:20:00,8,17,44,69
2024-03-25 18:30:00,10,18,47,75
2024-03-25 18:40:00,5,17,41,63
2024-03-25 18:50:00,10,17,40,67
2024-03-25 19:00:00,10,11,23,44
2024-03-25 19:10:00,8,12,28,48
2024-03-25 19:20:00,5,15,25,45
2024-03-25 19:30:00,4,13,34,51
2024-03-25 19:40:00,4,13,31,48
2024-03-25 19:50:00,6,12,38,56
2024-03-25 20:00:00,5,13,21,39
2024-03-25 20:10:00,5,18,26,49
2024-03-25 20:20:00,3,9,30,42
2024-03-25 20:30:00,3,9,24,36
2024-03-25 20:40:00,1,3,14,18
2024-03-25 20:50:00,3,8,19,30
2024-03-25 21:00:00,4,8,14,26
2024-03-25 21:10:00,4,17,13,34
2024-03-25 21:20:00,6,15,11,32
2024-03-25 21:30:00,5,3,16,24
2024-03-25 21:40:00,2,9,26,37
2024-03-25 21:50:00,6,9,24,39
2024-03-25 22:00:00,1,5,16,22
2024-03-25 22:10:00,2,6,13,21
2024-03-25 22:20:00,4,12,18,34
2024-03-25 22:30:00,3,6,11,20
2024-03-25 22:40:00,2,6,11,19
2024-03-25 22:50:00,2,3,7,12
2024-03-25 23:00:00,2,4,12,18
2024-03-25 23:10:00,3,6,9,18
2024-03-25 23:20:00,1,3,7,11
2024-03-25 23:30:00,2,2,11,15
2024-03-25 23:40:00,4,4,11,19
2024-03-25 23:50:00,0,1,7,8
2024-03-26 00:00:00,1,4,7,12
2024-03-26 00:10:00,0,1,9,10
2024-03-26 00:20:00,0,0,6,6
2024-03-26 00:30:00,0,1,8,9
2024-03-26 00:40:00,2,2,4,8
2024-03-26 00:50:00,0,1,3,4
2024-03-26 01:00:00,1,2,2,5
2024-03-26 01:10:00,0,0,5,5
2024-03-26 01:20:00,1,1,2,4
2024-03-26 01:30:00,0,1,4,5
2024-03-26 01:40:00,0,0,4,4
2024-03-26 01:50:00,0,0,4,4
2024-03-26 02:00:00,2,3,1,6
2024-03-26 02:10:00,0,0,2,2
2024-03-26 02:20:00,0,2,2,4
2024-03-26 02:30:00,0,0,1,1
2024-03-26 02:40:00,1,0,1,2
2024-03-26 02:50:00,1,1,1,3
2024-03-26 03:00:00,0,0,1,1
2024-03-26 03:10:00,0,0,2,2
2024-03-26 03:20:00,1,1,2,4
2024-03-26 03:30:00,0,2,3,5
2024-03-26 03:40:00,1,2,1,4
2024-03-26 03:50:00,0,1,2,3
2024-03-26 04:00:00,0,0,3,3
2024-03-26 04:10:00,0,0,1,1
2024-03-26 04:20:00,0,0,4,4
2024-03-26 04:30:00,1,0,1,2
2024-03-26 04:40:00,1,2,5,8
2024-03-26 04:50:00,2,1,3,6
2024-03-26 05:00:00,1,2,3,6
2024-03-26 05:10:00,2,1,9,12
2024-03-26 05:20:00,0,4,9,13
2024-03-26 05:30:00,4,4,6,14
2024-03-26 05:40:00,1,5,11,17
2024-03-26 05:50:00,6,4,17,27
2024-03-26 06:00:00,4,9,23,36
2024-03-26 06:10:00,1,3,15,19
2024-03-26 06:20:00,3,5,19,27
2024-03-26 06:30:00,3,6,14,23
2024-03-26 06:40:00,6,9,24,39
2024-03-26 06:50:00,8,11,26,45
2024-03-26 07:00:00,10,13,21,44
2024-03-26 07:10:00,6,15,25,46
2024-03-26 07:20:00,6,14,30,50
2024-03-26 07:30:00,9,13,29,51
2024-03-26 07:40:00,14,23,38,75
2024-03-26 07:50:00,8,18,27,53
2024-03-26 08:00:00,4,13,35,52
2024-03-26 08:10:00,9,16,30,55
2024-03-26 08:20:00,8,21,41,70
2024-03-26 08:30:00,15,19,37,71
2024-03-26 08:40:00,11,20,30,61
2024-03-26 08:50:00,9,23,53,85
2024-03-26 09:00:00,8,27,42,77
2024-03-26 09:10:00,5,22,40,67
2024-03-26 09:20:00,17,28,39,84
2024-03-26 09:30:00,10,23,41,74
2024-03-26 09:40:00,11,16,50,77
2024-03-26 09:50:00,14,15,52,81
2024-03-26 10:00:00,7,32,47,86
2024-03-26 10:10:00,8,22,48,78
2024-03-26 10:20:00,10,32,44,86
2024-03-26 10:30:00,14,29,42,85
2024-03-26 10:40:00,9,28,52,89
2024-03-26 10:50:00,9,9,35,53
2024-03-26 11:00:00,12,16,46,74
2024-03-26 11:10:00,9,7,46,62
2024-03-26 11:20:00,7,5,51,63
2024-03-26 11:30:00,11,34,48,93
2024-03-26 11:40:00,9,21,53,83
2024-03-26 11:50:00,12,25,39,76
2024-03-26 12:00:00,16,22,46,84
2024-03-26 12:10:00,7,23,47,77
2024-03-26 12:20:00,10,22,43,75
2024-03-26 12:30:00,3,15,35,53
2024-03-26 12:40:00,13,31,52,96
2024-03-26 12:50:00,12,16,48,76
2024-03-26 13:00:00,11,17,48,76
2024-03-26 13:10:00,7,19,43,69
2024-03-26 13:20:00,6,25,36,67
2024-03-26 13:30:00,4,26,40,70
2024-03-26 13:40:00,11,19,48,78
2024-03-26 13:50:00,9,25,42,76
2024-03-26 14:00:00,7,28,39,74
2024-03-26 14:10:00,10,27,47,84
2024-03-26 14:20:00,12,15,46,73
2024-03-26 14:30:00,9,20,48,77
2024-03-26 14:40:00,12,23,65,100
2024-03-26 14:50:00,15,21,46,82
2024-03-26 15:00:00,10,22,52,84
2024-03-26 15:10:00,9,27,55,91
2024-03-26 15:20:00,7,28,50,85
2024-03-26 15:30:00,19,32,66,117
2024-03-26 15:40:00,11,21,64,96
2024-03-26 15:50:00,7,18,52,77
2024-03-26 16:00:00,11,29,63,103
2024-03-26 16:10:00,12,29,52,93
2024-03-26 16:20:00,15,22,67,104
2024-03-26 16:30:00,9,27,48,84
2024-03-26 16:40:00,15,22,51,88
2024-03-26 16:50:00,15,25,62,102
2024-03-26 17:00:00,13,21,51,85
2024-03-26 17:10:00,12,23,59,94
2024-03-26 17:20:00,13,26,67,106
2024-03-26 17:30:00,14,21,55,90
2024-03-26 17:40:00,6,25,52,83
2024-03-26 17:50:00,17,23,58,98
2024-03-26 18:00:00,10,28,55,93
2024-03-26 18:10:00,6,20,38,64
2024-03-26 18:20:00,9,26,55,90
2024-03-26 18:30:00,4,25,47,76
2024-03-26 18:40:00,4,17,49,70
2024-03-26 18:50:00,6,19,45,70
2024-03-26 19:00:00,11,16,35,62
2024-03-26 19:10:00,11,10,29,50
2024-03-26 19:20:00,8,18,28,54
2024-03-26 19:30:00,10,11,32,53
2024-03-26 19:40:00,3,3,31,37
2024-03-26 19:50:00,10,9,28,47
2024-03-26 20:00:00,8,12,20,40
2024-03-26 20:10:00,9,15,28,52
2024-03-26 20:20:00,6,7,21,34
2024-03-26 20:30:00,2,10,17,29
2024-03-26 20:40:00,6,6,22,34
2024-03-26 20:50:00,3,6,12,21
2024-03-26 21:00:00,2,5,16,23
2024-03-26 21:10:00,4,13,18,35
2024-03-26 21:20:00,6,6,21,33
2024-03-26 21:30:00,6,12,25,43
2024-03-26 21:40:00,2,3,20,25
2024-03-26 21:50:00,4,6,20,30
2024-03-26 22:00:00,2,5,16,23
2024-03-26 22:10:00,3,12,7,22
2024-03-26 22:20:00,2,6,13,21
2024-03-26 22:30:00,5,7,11,23
2024-03-26 22:40:00,1,5,10,16
2024-03-26 22:50:00,3,3,10,16
2024-03-26 23:00:00,4,7,16,27
2024-03-26 23:10:00,0,8,14,22
2024-03-26 23:20:00,5,7,8,20
2024-03-26 23:30:00,0,7,11,18
2024-03-26 23:40:00,1,3,8,12
2024-03-26 23:50:00,2,6,8,16
2024-03-27 00:00:00,1,3,12,16
2024-03-27 00:10:00,1,0,7,8
2024-03-27 00:20:00,1,2,7,10
2024-03-27 00:30:00,0,1,9,10
2024-03-27 00:40:00,0,0,8,8
2024-03-27 00:50:00,0,1,6,7
2024-03-27 01:00:00,0,1,5,6
2024-03-27 01:10:00,0,0,5,5
2024-03-27 01:20:00,1,3,4,8
2024-03-27 01:30:00,1,1,1,3
2024-03-27 01:40:00,0,0,2,2
2024-03-27 01:50:00,0,0,2,2
2024-03-27 02:00:00,0,0,2,2
2024-03-27 02:10:00,0,0,5,5
2024-03-27 02:20:00,1,1,5,7
2024-03-27 02:30:00,1,1,1,3
2024-03-27 02:40:00,0,0,2,2
2024-03-27 02:50:00,0,1,3,4
2024-03-27 03:00:00,0,0,1,1
2024-03-27 03:10:00,1,1,3,5
2024-03-27 03:20:00,0,1,2,3
2024-03-27 03:30:00,0,2,3,5
2024-03-27 03:40:00,1,1,0,2
2024-03-27 03:50:00,0,0,4,4
2024-03-27 04:00:00,1,2,3,6
2024-03-27 04:10:00,0,0,1,1
2024-03-27 04:20:00,1,0,3,4
2024-03-27 04:30:00,1,1,3,5
2024-03-27 04:40:00,1,2,5,8
2024-03-27 04:50:00,1,1,2,4
2024-03-27 05:00:00,0,0,5,5
2024-03-27 05:10:00,2,6,10,18
2024-03-27 05:20:00,0,3,9,12
2024-03-27 05:30:00,3,0,11,14
2024-03-27 05:40:00,2,4,9,15
2024-03-27 05:50:00,4,4,19,27
2024-03-27 06:00:00,2,5,16,23
2024-03-27 06:10:00,3,8,12,23
2024-03-27 06:20:00,3,4,22,29
2024-03-27 06:30:00,1,7,21,29
2024-03-27 06:40:00,9,10,22,41
2024-03-27 06:50:00,5,6,30,41
2024-03-27 07:00:00,8,14,22,44
2024-03-27 07:10:00,9,12,27,48
2024-03-27 07:20:00,12,12,33,57
2024-03-27 07:30:00,11,13,29,53
2024-03-27 07:40:00,11,17,34,62
2024-03-27 07:50:00,9,18,37,64
2024-03-27 08:00:00,9,13,38,60
2024-03-27 08:10:00,10,16,32,58
2024-03-27 08:20:00,11,18,47,76
2024-03-27 08:30:00,11,23,36,70
2024-03-27 08:40:00,12,22,47,81
2024-03-27 08:50:00,12,25,39,76
2024-03-27 09:00:00,10,18,38,66
2024-03-27 09:10:00,13,22,48,83
2024-03-27 09:20:00,11,26,47,84
2024-03-27 09:30:00,13,32,45,90
2024-03-27 09:40:00,9,25,57,91
2024-03-27 09:50:00,11,27,41,79
2024-03-27 10:00:00,8,9,47,64
2024-03-27 10:10:00,12,31,54,97
2024-03-27 10:20:00,12,29,42,83
2024-03-27 10:30:00,11,29,61,101
2024-03-27 10:40:00,14,23,43,80
2024-03-27 10:50:00,16,34,36,86
2024-03-27 11:00:00,9,22,59,90
2024-03-27 11:10:00,10,27,48,85
2024-03-27 11:20:00,9,21,41,71
2024-03-27 11:30:00,9,26,45,80
2024-03-27 11:40:00,14,31,51,96
2024-03-27 11:50:00,18,23,50,91
2024-03-27 12:00:00,12,21,42,75
2024-03-27 12:10:00,12,35,37,84
2024-03-27 12:20:00,10,20,36,66
2024-03-27 12:30:00,10,21,44,75
2024-03-27 12:40:00,5,29,40,74
2024-03-27 12:50:00,12,19,38,69
2024-03-27 13:00:00,13,30,44,87
2024-03-27 13:10:00,12,25,39,76
2024-03-27 13:20:00,15,21,46,82
2024-03-27 13:30:00,11,25,54,90
2024-03-27 13:40:00,11,21,55,87
2024-03-27 13:50:00,15,25,48,88
2024-03-27 14:00:00,7,22,49,78
2024-03-27 14:10:00,8,25,45,78
2024-03-27 14:20:00,9,26,40,75
2024-03-27 14:30:00,4,21,69,94
2024-03-27 14:40:00,13,22,60,95
2024-03-27 14:50:00,13,29,45,87
2024-03-27 15:00:00,9,17,40,66
2024-03-27 15:10:00,13,33,54,100
2024-03-27 15:20:00,12,28,56,96
2024-03-27 15:30:00,7,30,70,107
2024-03-27 15:40:00,6,26,54,86
2024-03-27 15:50:00,7,26,54,87
2024-03-27 16:00:00,11,32,55,98
2024-03-27 16:10:00,9,33,66,108
2024-03-27 16:20:00,3,22,60,85
2024-03-27 16:30:00,11,21,59,91
2024-03-27 16:40:00,7,27,60,94
2024-03-27 16:50:00,7,19,53,79
2024-03-27 17:00:00,14,18,50,82
2024-03-27 17:10:00,13,30,58,101
2024-03-27 17:20:00,11,25,50,86
2024-03-27 17:30:00,10,20,58,88
2024-03-27 17:40:00,7,14,62,83
2024-03-27 17:50:00,10,22,43,75
2024-03-27 18:00:00,7,15,58,80
2024-03-27 18:10:00,10,29,45,84
2024-03-27 18:20:00,9,20,43,72
2024-03-27 18:30:00,6,24,61,91
2024-03-27 18:40:00,6,25,44,75
2024-03-27 18:50:00,7,19,37,63
2024-03-27 19:00:00,6,16,35,57
2024-03-27 19:10:00,2,16,38,56
2024-03-27 19:20:00,1,12,29,42
2024-03-27 19:30:00,4,19,22,45
2024-03-27 19:40:00,4,13,20,37
2024-03-27 19:50:00,4,7,40,51
2024-03-27 20:00:00,6,11,20,37
2024-03-27 20:10:00,7,14,27,48
2024-03-27 20:20:00,7,6,24,37
2024-03-27 20:30:00,4,6,24,34
2024-03-27 20:40:00,1,4,27,32
2024-03-27 20:50:00,5,8,19,32
2024-03-27 21:00:00,7,9,18,34
2024-03-27 21:10:00,3,14,14,31
2024-03-27 21:20:00,3,3,19,25
2024-03-27 21:30:00,6,12,19,37
2024-03-27 21:40:00,1,8,21,30
2024-03-27 21:50:00,1,11,24,36
2024-03-27 22:00:00,2,7,28,37
2024-03-27 22:10:00,4,8,24,36
2024-03-27 22:20:00,4,7,12,23
2024-03-27 22:30:00,6,5,21,32
2024-03-27 22:40:00,1,3,13,17
2024-03-27 22:50:00,0,2,15,17
2024-03-27 23:00:00,2,3,15,20
2024-03-27 23:10:00,2,6,13,21
2024-03-27 23:20:00,7,5,10,22
2024-03-27 23:30:00,4,4,8,16
2024-03-27 23:40:00,2,2,9,13
2024-03-27 23:50:00,0,0,8,8
2024-03-28 00:00:00,0,2,4,6
2024-03-28 00:10:00,0,0,6,6
2024-03-28 00:20:00,1,2,6,9
2024-03-28 00:30:00,0,2,8,10
2024-03-28 00:40:00,0,2,1,3
2024-03-28 00:50:00,1,1,5,7
2024-03-28 01:00:00,0,0,6,6
2024-03-28 01:10:00,1,1,6,8
2024-03-28 01:20:00,0,0,0,0
2024-03-28 01:30:00,1,2,3,6
2024-03-28 01:40:00,0,0,1,1
2024-03-28 01:50:00,0,0,1,1
2024-03-28 02:00:00,0,1,4,5
2024-03-28 02:10:00,0,0,3,3
2024-03-28 02:20:00,1,2,1,4
2024-03-28 02:30:00,0,1,1,2
2024-03-28 02:40:00,1,0,1,2
2024-03-28 02:50:00,0,0,3,3
2024-03-28 03:00:00,0,0,2,2
2024-03-28 03:10:00,1,1,3,5
2024-03-28 03:20:00,1,0,2,3
2024-03-28 03:30:00,0,3,4,7
2024-03-28 03:40:00,1,2,1,4
2024-03-28 03:50:00,1,1,1,3
2024-03-28 04:00:00,2,1,5,8
2024-03-28 04:10:00,0,2,4,6
2024-03-28 04:20:00,0,0,3,3
2024-03-28 04:30:00,0,0,2,2
2024-03-28 04:40:00,0,0,5,5
2024-03-28 04:50:00,1,1,3,5
2024-03-28 05:00:00,1,1,4,6
2024-03-28 05:10:00,1,1,2,4
2024-03-28 05:20:00,2,3,11,16
2024-03-28 05:30:00,4,5,13,22
2024-03-28 05:40:00,10,6,15,31
2024-03-28 05:50:00,3,5,18,26
2024-03-28 06:00:00,1,4,15,20
2024-03-28 06:10:00,3,6,9,18
2024-03-28 06:20:00,1,7,27,35
2024-03-28 06:30:00,3,5,21,29
2024-03-28 06:40:00,3,5,23,31
2024-03-28 06:50:00,6,6,21,33
2024-03-28 07:00:00,9,8,21,38
2024-03-28 07:10:00,7,9,17,33
2024-03-28 07:20:00,3,11,27,41
2024-03-28 07:30:00,6,14,25,45
2024-03-28 07:40:00,10,10,38,58
2024-03-28 07:50:00,11,12,32,55
2024-03-28 08:00:00,15,14,35,64
2024-03-28 08:10:00,12,16,35,63
2024-03-28 08:20:00,8,18,33,59
2024-03-28 08:30:00,14,20,40,74
2024-03-28 08:40:00,18,16,40,74
2024-03-28 08:50:00,14,16,33,63
2024-03-28 09:00:00,9,23,34,66
2024-03-28 09:10:00,12,29,48,89
2024-03-28 09:20:00,13,24,39,76
2024-03-28 09:30:00,15,22,50,87
2024-03-28 09:40:00,24,28,48,100
2024-03-28 09:50:00,20,26,49,95
2024-03-28 10:00:00,10,20,61,91
2024-03-28 10:10:00,17,24,35,76
2024-03-28 10:20:00,13,27,46,86
2024-03-28 10:30:00,9,25,45,79
2024-03-28 10:40:00,15,25,44,84
2024-03-28 10:50:00,20,30,48,98
2024-03-28 11:00:00,12,39,55,106
2024-03-28 11:10:00,14,19,57,90
2024-03-28 11:20:00,12,26,42,80
2024-03-28 11:30:00,17,28,44,89
2024-03-28 11:40:00,16,25,53,94
2024-03-28 11:50:00,9,24,52,85
2024-03-28 12:00:00,13,33,69,115
2024-03-28 12:10:00,10,17,54,81
2024-03-28 12:20:00,13,24,45,82
2024-03-28 12:30:00,15,23,43,81
2024-03-28 12:40:00,10,26,56,92
2024-03-28 12:50:00,11,18,46,75
2024-03-28 13:00:00,14,34,38,86
2024-03-28 13:10:00,9,19,47,75
2024-03-28 13:20:00,11,24,49,84
2024-03-28 13:30:00,15,25,49,89
2024-03-28 13:40:00,9,32,41,82
2024-03-28 13:50:00,11,32,61,104
2024-03-28 14:00:00,12,25,52,89
2024-03-28 14:10:00,9,18,47,74
2024-03-28 14:20:00,8,23,67,98
2024-03-28 14:30:00,9,25,62,96
2024-03-28 14:40:00,17,30,53,100
2024-03-28 14:50:00,17,24,50,91
2024-03-28 15:00:00,10,29,61,100
2024-03-28 15:10:00,10,24,52,86
2024-03-28 15:20:00,14,28,69,111
2024-03-28 15:30:00,18,30,71,119
2024-03-28 15:40:00,20,34,60,114
2024-03-28 15:50:00,14,33,73,120
2024-03-28 16:00:00,13,26,56,95
2024-03-28 16:10:00,15,31,71,117
2024-03-28 16:20:00,11,42,61,114
2024-03-28 16:30:00,16,25,54,95
2024-03-28 16:40:00,7,20,64,91
2024-03-28 16:50:00,10,30,58,98
2024-03-28 17:00:00,7,27,52,86
2024-03-28 17:10:00,7,28,61,96
2024-03-28 17:20:00,12,26,67,105
2024-03-28 17:30:00,9,26,45,80
2024-03-28 17:40:00,7,26,53,86
2024-03-28 17:50:00,6,17,55,78
2024-03-28 18:00:00,10,26,48,84
2024-03-28 18:10:00,11,17,48,76
2024-03-28 18:20:00,9,31,52,92
2024-03-28 18:30:00,4,12,53,69
2024-03-28 18:40:00,5,24,51,80
2024-03-28 18:50:00,8,13,39,60
2024-03-28 19:00:00,2,18,39,59
2024-03-28 19:10:00,5,12,39,56
2024-03-28 19:20:00,7,13,41,61
2024-03-28 19:30:00,8,19,28,55
2024-03-28 19:40:00,9,9,20,38
2024-03-28 19:50:00,4,9,28,41
2024-03-28 20:00:00,5,8,31,44
2024-03-28 20:10:00,7,14,24,45
2024-03-28 20:20:00,7,11,27,45
2024-03-28 20:30:00,5,9,28,42
2024-03-28 20:40:00,6,14,22,42
2024-03-28 20:50:00,7,10,37,54
2024-03-28 21:00:00,7,6,31,44
2024-03-28 21:10:00,0,4,23,27
2024-03-28 21:20:00,3,10,26,39
2024-03-28 21:30:00,4,11,26,41
2024-03-28 21:40:00,2,13,24,39
2024-03-28 21:50:00,7,12,22,41
2024-03-28 22:00:00,6,13,37,56
2024-03-28 22:10:00,4,5,21,30
2024-03-28 22:20:00,4,5,20,29
2024-03-28 22:30:00,3,5,21,29
2024-03-28 22:40:00,4,8,20,32
2024-03-28 22:50:00,4,10,22,36
2024-03-28 23:00:00,1,7,16,24
2024-03-28 23:10:00,4,7,11,22
2024-03-28 23:20:00,3,8,10,21
2024-03-28 23:30:00,3,3,9,15
2024-03-28 23:40:00,2,2,10,14
2024-03-28 23:50:00,6,4,7,17
2024-03-29 00:00:00,0,3,13,16
2024-03-29 00:10:00,5,6,12,23
2024-03-29 00:20:00,1,3,15,19
2024-03-29 00:30:00,2,4,13,19
2024-03-29 00:40:00,1,3,7,11
2024-03-29 00:50:00,1,0,10,11
2024-03-29 01:00:00,3,1,11,15
2024-03-29 01:10:00,0,1,9,10
2024-03-29 01:20:00,0,1,4,5
2024-03-29 01:30:00,1,3,8,12
2024-03-29 01:40:00,0,2,11,13
2024-03-29 01:50:00,0,0,6,6
2024-03-29 02:00:00,0,3,6,9
2024-03-29 02:10:00,0,0,7,7
2024-03-29 02:20:00,6,2,8,16
2024-03-29 02:30:00,1,1,8,10
2024-03-29 02:40:00,0,2,2,4
2024-03-29 02:50:00,2,5,4,11
2024-03-29 03:00:00,2,5,3,10
2024-03-29 03:10:00,0,1,5,6
2024-03-29 03:20:00,3,3,5,11
2024-03-29 03:30:00,2,3,4,9
2024-03-29 03:40:00,1,1,4,6
2024-03-29 03:50:00,2,3,1,6
2024-03-29 04:00:00,1,2,4,7
2024-03-29 04:10:00,1,0,5,6
2024-03-29 04:20:00,1,2,5,8
2024-03-29 04:30:00,0,1,6,7
2024-03-29 04:40:00,0,0,5,5
2024-03-29 04:50:00,0,1,1,2
2024-03-29 05:00:00,0,0,5,5
2024-03-29 05:10:00,0,2,1,3
2024-03-29 05:20:00,0,1,7,8
2024-03-29 05:30:00,2,2,4,8
2024-03-29 05:40:00,1,2,8,11
2024-03-29 05:50:00,2,1,5,8
2024-03-29 06:00:00,1,1,3,5
2024-03-29 06:10:00,0,0,3,3
2024-03-29 06:20:00,2,1,8,11
2024-03-29 06:30:00,0,0,4,4
2024-03-29 06:40:00,2,2,5,9
2024-03-29 06:50:00,1,0,5,6
2024-03-29 07:00:00,2,1,3,6
2024-03-29 07:10:00,3,1,11,15
2024-03-29 07:20:00,0,1,5,6
2024-03-29 07:30:00,2,2,6,10
2024-03-29 07:40:00,0,3,10,13
2024-03-29 07:50:00,4,2,6,12
2024-03-29 08:00:00,2,4,4,10
2024-03-29 08:10:00,0,2,10,12
2024-03-29 08:20:00,4,1,4,9
2024-03-29 08:30:00,1,2,13,16
2024-03-29 08:40:00,3,5,9,17
2024-03-29 08:50:00,0,4,10,14
2024-03-29 09:00:00,2,2,10,14
2024-03-29 09:10:00,1,2,11,14
2024-03-29 09:20:00,0,3,12,15
2024-03-29 09:30:00,6,2,10,18
2024-03-29 09:40:00,2,7,16,25
2024-03-29 09:50:00,6,9,13,28
2024-03-29 10:00:00,3,7,16,26
2024-03-29 10:10:00,5,5,15,25
2024-03-29 10:20:00,3,3,13,19
2024-03-29 10:30:00,4,2,13,19
2024-03-29 10:40:00,6,8,12,26
2024-03-29 10:50:00,3,8,12,23
2024-03-29 11:00:00,3,8,16,27
2024-03-29 11:10:00,6,6,8,20
2024-03-29 11:20:00,8,7,20,35
2024-03-29 11:30:00,2,7,30,39
2024-03-29 11:40:00,13,13,20,46
2024-03-29 11:50:00,10,11,20,41
2024-03-29 12:00:00,6,7,17,30
2024-03-29 12:10:00,9,16,21,46
2024-03-29 12:20:00,10,10,18,38
2024-03-29 12:30:00,5,11,21,37
2024-03-29 12:40:00,4,9,22,35
2024-03-29 12:50:00,7,7,25,39
2024-03-29 13:00:00,4,13,21,38
2024-03-29 13:10:00,4,6,27,37
2024-03-29 13:20:00,10,15,29,54
2024-03-29 13:30:00,7,10,23,40
2024-03-29 13:40:00,5,12,27,44
2024-03-29 13:50:00,6,8,31,45
2024-03-29 14:00:00,9,10,30,49
2024-03-29 14:10:00,6,18,29,53
2024-03-29 14:20:00,3,14,41,58
2024-03-29 14:30:00,8,16,37,61
2024-03-29 14:40:00,4,10,30,44
2024-03-29 14:50:00,7,5,37,49
2024-03-29 15:00:00,11,10,25,46
2024-03-29 15:10:00,11,10,28,49
2024-03-29 15:20:00,8,10,35,53
2024-03-29 15:30:00,1,12,30,43
2024-03-29 15:40:00,7,11,22,40
2024-03-29 15:50:00,6,16,43,65
2024-03-29 16:00:00,7,13,21,41
2024-03-29 16:10:00,4,7,24,35
2024-03-29 16:20:00,3,12,28,43
2024-03-29 16:30:00,6,9,28,43
2024-03-29 16:40:00,3,9,35,47
2024-03-29 16:50:00,9,15,26,50
2024-03-29 17:00:00,4,6,33,43
2024-03-29 17:10:00,4,6,25,35
2024-03-29 17:20:00,10,12,25,47
2024-03-29 17:30:00,7,11,24,42
2024-03-29 17:40:00,7,14,38,59
2024-03-29 17:50:00,5,14,31,50
2024-03-29 18:00:00,6,17,30,53
2024-03-29 18:10:00,6,9,29,44
2024-03-29 18:20:00,6,9,31,46
2024-03-29 18:30:00,3,14,32,49
2024-03-29 18:40:00,3,17,24,44
2024-03-29 18:50:00,6,13,22,41
2024-03-29 19:00:00,5,13,16,34
2024-03-29 19:10:00,5,5,23,33
2024-03-29 19:20:00,5,9,16,30
2024-03-29 19:30:00,2,9,19,30
2024-03-29 19:40:00,4,7,18,29
2024-03-29 19:50:00,1,5,30,36
2024-03-29 20:00:00,3,10,17,30
2024-03-29 20:10:00,6,11,17,34
2024-03-29 20:20:00,3,6,23,32
2024-03-29 20:30:00,5,10,12,27
2024-03-29 20:40:00,6,12,13,31
2024-03-29 20:50:00,3,10,22,35
2024-03-29 21:00:00,5,9,16,30
2024-03-29 21:10:00,3,16,22,41
2024-03-29 21:20:00,3,6,18,27
2024-03-29 21:30:00,2,5,11,18
2024-03-29 21:40:00,2,8,17,27
2024-03-29 21:50:00,1,8,21,30
2024-03-29 22:00:00,4,10,32,46
2024-03-29 22:10:00,2,4,15,21
2024-03-29 22:20:00,0,5,19,24
2024-03-29 22:30:00,2,7,16,25
2024-03-29 22:40:00,4,6,11,21
2024-03-29 22:50:00,3,5,10,18
2024-03-29 23:00:00,3,7,16,26
2024-03-29 23:10:00,0,6,12,18
2024-03-29 23:20:00,3,4,10,17
2024-03-29 23:30:00,5,4,13,22
2024-03-29 23:40:00,2,4,10,16
2024-03-29 23:50:00,2,1,9,12
2024-03-30 00:00:00,0,1,16,17
2024-03-30 00:10:00,2,3,9,14
2024-03-30 00:20:00,2,2,10,14
2024-03-30 00:30:00,1,2,9,12
2024-03-30 00:40:00,3,3,13,19
2024-03-30 00:50:00,5,3,8,16
2024-03-30 01:00:00,0,2,14,16
2024-03-30 01:10:00,4,2,13,19
2024-03-30 01:20:00,0,2,7,9
2024-03-30 01:30:00,1,2,7,10
2024-03-30 01:40:00,2,3,10,15
2024-03-30 01:50:00,1,1,4,6
2024-03-30 02:00:00,3,2,7,12
2024-03-30 02:10:00,1,1,10,12
2024-03-30 02:20:00,1,2,4,7
2024-03-30 02:30:00,3,2,3,8
2024-03-30 02:40:00,1,1,3,5
2024-03-30 02:50:00,0,3,4,7
2024-03-30 03:00:00,2,2,3,7
2024-03-30 03:10:00,0,1,1,2
2024-03-30 03:20:00,1,2,5,8
2024-03-30 03:30:00,0,1,4,5
2024-03-30 03:40:00,1,1,2,4
2024-03-30 03:50:00,3,2,2,7
2024-03-30 04:00:00,0,0,4,4
2024-03-30 04:10:00,0,0,3,3
2024-03-30 04:20:00,1,0,5,6
2024-03-30 04:30:00,0,1,2,3
2024-03-30 04:40:00,0,2,4,6
2024-03-30 04:50:00,0,1,4,5
2024-03-30 05:00:00,1,0,7,8
2024-03-30 05:10:00,1,0,5,6
2024-03-30 05:20:00,2,3,3,8
2024-03-30 05:30:00,1,3,6,10
2024-03-30 05:40:00,3,3,6,12
2024-03-30 05:50:00,1,1,4,6
2024-03-30 06:00:00,3,2,8,13
2024-03-30 06:10:00,1,0,2,3
2024-03-30 06:20:00,0,3,10,13
2024-03-30 06:30:00,1,2,10,13
2024-03-30 06:40:00,2,6,9,17
2024-03-30 06:50:00,1,2,8,11
2024-03-30 07:00:00,1,0,7,8
2024-03-30 07:10:00,1,4,8,13
2024-03-30 07:20:00,2,4,7,13
2024-03-30 07:30:00,1,5,9,15
2024-03-30 07:40:00,5,8,3,16
2024-03-30 07:50:00,1,2,8,11
2024-03-30 08:00:00,2,1,11,14
2024-03-30 08:10:00,1,5,7,13
2024-03-30 08:20:00,4,4,10,18
2024-03-30 08:30:00,4,7,12,23
2024-03-30 08:40:00,4,7,11,22
2024-03-30 08:50:00,2,6,22,30
2024-03-30 09:00:00,4,8,17,29
2024-03-30 09:10:00,2,12,18,32
2024-03-30 09:20:00,1,12,25,38
2024-03-30 09:30:00,4,16,22,42
2024-03-30 09:40:00,4,25,42,71
2024-03-30 09:50:00,6,23,30,59
2024-03-30 10:00:00,5,15,33,53
2024-03-30 10:10:00,8,23,33,64
2024-03-30 10:20:00,11,11,28,50
2024-03-30 10:30:00,10,23,38,71
2024-03-30 10:40:00,9,23,45,77
2024-03-30 10:50:00,10,23,51,84
2024-03-30 11:00:00,5,21,40,66
2024-03-30 11:10:00,10,24,51,85
2024-03-30 11:20:00,11,29,36,76
2024-03-30 11:30:00,6,26,37,69
2024-03-30 11:40:00,4,23,43,70
2024-03-30 11:50:00,6,24,48,78
2024-03-30 12:00:00,6,16,45,67
2024-03-30 12:10:00,9,21,56,86
2024-03-30 12:20:00,6,32,44,82
2024-03-30 12:30:00,6,25,36,67
2024-03-30 12:40:00,10,31,50,91
2024-03-30 12:50:00,8,22,49,79
2024-03-30 13:00:00,7,24,49,80
2024-03-30 13:10:00,12,29,49,90
2024-03-30 13:20:00,5,26,43,74
2024-03-30 13:30:00,10,36,43,89
2024-03-30 13:40:00,8,19,55,82
2024-03-30 13:50:00,5,23,65,93
2024-03-30 14:00:00,11,24,52,87
2024-03-30 14:10:00,18,28,42,88
2024-03-30 14:20:00,9,24,54,87
2024-03-30 14:30:00,8,22,54,84
2024-03-30 14:40:00,15,35,55,105
2024-03-30 14:50:00,6,33,44,83
2024-03-30 15:00:00,7,24,55,86
2024-03-30 15:10:00,6,26,46,78
2024-03-30 15:20:00,2,20,38,60
2024-03-30 15:30:00,7,25,51,83
2024-03-30 15:40:00,8,18,46,72
2024-03-30 15:50:00,7,25,54,86
2024-03-30 16:00:00,3,19,50,72
2024-03-30 16:10:00,6,21,44,71
2024-03-30 16:20:00,2,17,38,57
2024-03-30 16:30:00,3,27,42,72
2024-03-30 16:40:00,11,23,44,78
2024-03-30 16:50:00,9,14,37,60
2024-03-30 17:00:00,9,19,46,74
2024-03-30 17:10:00,5,22,41,68
2024-03-30 17:20:00,9,17,38,64
2024-03-30 17:30:00,7,22,39,68
2024-03-30 17:40:00,9,17,44,70
2024-03-30 17:50:00,5,20,44,69
2024-03-30 18:00:00,7,15,41,63
2024-03-30 18:10:00,6,17,26,49
2024-03-30 18:20:00,3,21,41,65
2024-03-30 18:30:00,6,20,40,66
2024-03-30 18:40:00,9,21,31,61
2024-03-30 18:50:00,4,11,26,41
2024-03-30 19:00:00,6,11,27,44
2024-03-30 19:10:00,6,9,28,43
2024-03-30 19:20:00,2,5,22,29
2024-03-30 19:30:00,7,18,26,51
2024-03-30 19:40:00,3,10,16,29
2024-03-30 19:50:00,5,12,29,46
2024-03-30 20:00:00,5,3,22,30
2024-03-30 20:10:00,1,5,25,31
2024-03-30 20:20:00,4,10,31,45
2024-03-30 20:30:00,5,6,23,34
2024-03-30 20:40:00,2,7,18,27
2024-03-30 20:50:00,4,14,17,35
2024-03-30 21:00:00,1,10,22,33
2024-03-30 21:10:00,7,9,11,27
2024-03-30 21:20:00,4,7,20,31
2024-03-30 21:30:00,3,5,15,23
2024-03-30 21:40:00,5,9,19,33
2024-03-30 21:50:00,5,8,25,38
2024-03-30 22:00:00,1,11,23,35
2024-03-30 22:10:00,3,7,16,26
2024-03-30 22:20:00,6,9,17,32
2024-03-30 22:30:00,1,4,25,30
2024-03-30 22:40:00,2,9,16,27
2024-03-30 22:50:00,4,11,19,34
2024-03-30 23:00:00,1,5,15,21
2024-03-30 23:10:00,5,11,13,29
2024-03-30 23:20:00,2,12,10,24
2024-03-30 23:30:00,2,8,17,27
2024-03-30 23:40:00,1,2,13,16
2024-03-30 23:50:00,0,2,7,9
2024-03-31 00:00:00,2,4,15,21
2024-03-31 00:10:00,1,1,18,20
2024-03-31 00:20:00,3,2,20,25
2024-03-31 00:30:00,4,6,9,19
2024-03-31 00:40:00,2,4,10,16
2024-03-31 00:50:00,2,4,15,21
2024-03-31 01:00:00,2,4,6,12
2024-03-31 01:10:00,1,2,12,15
2024-03-31 01:20:00,1,6,4,11
2024-03-31 01:30:00,1,3,9,13
2024-03-31 01:40:00,0,5,13,18
2024-03-31 01:50:00,1,3,3,7
2024-03-31 02:00:00,0,0,0,0
2024-03-31 02:10:00,0,0,0,0
2024-03-31 02:20:00,0,0,0,0
2024-03-31 02:30:00,0,0,0,0
2024-03-31 02:40:00,0,0,0,0
2024-03-31 02:50:00,0,0,0,0
2024-03-31 03:00:00,2,2,4,8
2024-03-31 03:10:00,1,1,7,9
2024-03-31 03:20:00,2,5,9,16
2024-03-31 03:30:00,1,2,6,9
2024-03-31 03:40:00,1,1,6,8
2024-03-31 03:50:00,1,3,5,9
2024-03-31 04:00:00,0,2,7,9
2024-03-31 04:10:00,3,2,4,9
2024-03-31 04:20:00,0,1,3,4
2024-03-31 04:30:00,1,1,2,4
2024-03-31 04:40:00,1,1,3,5
2024-03-31 04:50:00,1,0,5,6
2024-03-31 05:00:00,2,2,6,10
2024-03-31 05:10:00,2,1,4,7
2024-03-31 05:20:00,3,2,3,8
2024-03-31 05:30:00,0,3,4,7
2024-03-31 05:40:00,2,6,9,17
2024-03-31 05:50:00,3,5,5,13
2024-03-31 06:00:00,2,4,12,18
2024-03-31 06:10:00,3,4,8,15
2024-03-31 06:20:00,0,0,4,4
2024-03-31 06:30:00,0,3,9,12
2024-03-31 06:40:00,1,1,3,5
2024-03-31 06:50:00,0,0,5,5
2024-03-31 07:00:00,0,0,3,3
2024-03-31 07:10:00,0,1,7,8
2024-03-31 07:20:00,1,1,6,8
2024-03-31 07:30:00,3,3,1,7
2024-03-31 07:40:00,1,2,6,9
2024-03-31 07:50:00,1,2,5,8
2024-03-31 08:00:00,0,0,4,4
2024-03-31 08:10:00,1,3,9,13
2024-03-31 08:20:00,2,0,7,9
2024-03-31 08:30:00,1,3,8,12
2024-03-31 08:40:00,2,4,5,11
2024-03-31 08:50:00,1,2,7,10
2024-03-31 09:00:00,1,1,9,11
2024-03-31 09:10:00,2,4,8,14
2024-03-31 09:20:00,1,6,11,18
2024-03-31 09:30:00,3,10,17,30
2024-03-31 09:40:00,3,6,9,18
2024-03-31 09:50:00,0,1,16,17
2024-03-31 10:00:00,3,6,15,24
2024-03-31 10:10:00,1,5,20,26
2024-03-31 10:20:00,4,9,17,30
2024-03-31 10:30:00,5,14,16,35
2024-03-31 10:40:00,3,4,16,23
2024-03-31 10:50:00,4,12,17,33
2024-03-31 11:00:00,8,11,14,33
2024-03-31 11:10:00,12,6,23,41
2024-03-31 11:20:00,5,13,15,33
2024-03-31 11:30:00,7,10,25,42
2024-03-31 11:40:00,6,12,16,34
2024-03-31 11:50:00,8,17,26,51
2024-03-31 12:00:00,4,3,25,32
2024-03-31 12:10:00,5,12,24,41
2024-03-31 12:20:00,7,12,16,35
2024-03-31 12:30:00,7,9,31,47
2024-03-31 12:40:00,3,9,23,35
2024-03-31 12:50:00,7,15,23,45
2024-03-31 13:00:00,4,9,23,36
2024-03-31 13:10:00,2,14,23,39
2024-03-31 13:20:00,8,14,25,47
2024-03-31 13:30:00,4,12,26,42
2024-03-31 13:40:00,4,15,32,51
2024-03-31 13:50:00,8,11,17,36
2024-03-31 14:00:00,9,7,37,53
2024-03-31 14:10:00,5,16,34,55
2024-03-31 14:20:00,3,14,30,47
2024-03-31 14:30:00,7,11,32,50
2024-03-31 14:40:00,3,13,31,47
2024-03-31 14:50:00,10,16,29,55
2024-03-31 15:00:00,4,9,31,44
2024-03-31 15:10:00,6,13,28,47
2024-03-31 15:20:00,5,15,27,47
2024-03-31 15:30:00,7,15,30,52
2024-03-31 15:40:00,6,14,20,40
2024-03-31 15:50:00,4,21,24,49
2024-03-31 16:00:00,8,15,29,52
2024-03-31 16:10:00,4,17,17,38
2024-03-31 16:20:00,5,14,23,42
2024-03-31 16:30:00,7,12,22,41
2024-03-31 16:40:00,4,14,25,43
2024-03-31 16:50:00,4,18,28,50
2024-03-31 17:00:00,4,12,33,49
2024-03-31 17:10:00,3,14,36,53
2024-03-31 17:20:00,9,16,23,48
2024-03-31 17:30:00,7,13,25,45
2024-03-31 17:40:00,7,11,33,51
2024-03-31 17:50:00,12,21,30,63
2024-03-31 18:00:00,11,17,22,50
2024-03-31 18:10:00,2,14,28,44
2024-03-31 18:20:00,3,7,33,43
2024-03-31 18:30:00,4,13,30,47
2024-03-31 18:40:00,3,12,22,37
2024-03-31 18:50:00,7,14,27,48
2024-03-31 19:00:00,3,14,21,38
2024-03-31 19:10:00,4,16,20,40
2024-03-31 19:20:00,6,11,21,38
2024-03-31 19:30:00,5,12,35,52
2024-03-31 19:40:00,8,11,28,47
2024-03-31 19:50:00,6,14,21,41
2024-03-31 20:00:00,4,13,18,35
2024-03-31 20:10:00,1,12,13,26
2024-03-31 20:20:00,1,12,21,34
2024-03-31 20:30:00,2,8,16,26
2024-03-31 20:40:00,2,9,18,29
2024-03-31 20:50:00,4,12,15,31
2024-03-31 21:00:00,2,5,19,26
2024-03-31 21:10:00,7,6,18,31
2024-03-31 21:20:00,1,6,19,26
2024-03-31 21:30:00,1,8,20,29
2024-03-31 21:40:00,2,8,23,33
2024-03-31 21:50:00,1,6,23,30
2024-03-31 22:00:00,5,4,15,24
2024-03-31 22:10:00,1,8,22,31
2024-03-31 22:20:00,4,9,19,32
2024-03-31 22:30:00,1,6,16,23
2024-03-31 22:40:00,0,6,23,29
2024-03-31 22:50:00,3,6,11,20
2024-03-31 23:00:00,2,2,18,22
2024-03-31 23:10:00,2,2,12,16
2024-03-31 23:20:00,4,9,9,22
2024-03-31 23:30:00,4,6,16,26
2024-03-31 23:40:00,3,4,16,23
2024-03-31 23:50:00,1,2,8,11
2024-04-01 00:00:00,2,1,13,16
2024-04-01 00:10:00,2,4,15,21
2024-04-01 00:20:00,1,4,10,15
2024-04-01 00:30:00,0,1,14,15
2024-04-01 00:40:00,1,2,14,17
2024-04-01 00:50:00,2,5,12,19
2024-04-01 01:00:00,1,1,6,8
2024-04-01 01:10:00,1,2,7,10
2024-04-01 01:20:00,1,0,11,12
2024-04-01 01:30:00,0,0,9,9
2024-04-01 01:40:00,2,6,9,17
2024-04-01 01:50:00,1,1,2,4
2024-04-01 02:00:00,0,1,3,4
2024-04-01 02:10:00,1,6,5,12
2024-04-01 02:20:00,1,1,2,4
2024-04-01 02:30:00,2,0,7,9
2024-04-01 02:40:00,1,2,3,6
2024-04-01 02:50:00,2,2,2,6
2024-04-01 03:00:00,2,3,6,11
2024-04-01 03:10:00,1,2,1,4
2024-04-01 03:20:00,2,2,1,5
2024-04-01 03:30:00,1,1,0,2
2024-04-01 03:40:00,1,1,6,8
2024-04-01 03:50:00,1,1,3,5
2024-04-01 04:00:00,1,1,2,4
2024-04-01 04:10:00,1,1,1,3
2024-04-01 04:20:00,0,0,3,3
2024-04-01 04:30:00,1,0,2,3
2024-04-01 04:40:00,0,0,6,6
2024-04-01 04:50:00,0,0,0,0
2024-04-01 05:00:00,2,2,3,7
2024-04-01 05:10:00,0,0,3,3
2024-04-01 05:20:00,0,1,2,3
2024-04-01 05:30:00,1,2,5,8
2024-04-01 05:40:00,2,2,1,5
2024-04-01 05:50:00,2,2,5,9
2024-04-01 06:00:00,1,2,13,16
2024-04-01 06:10:00,1,0,11,12
2024-04-01 06:20:00,2,2,9,13
2024-04-01 06:30:00,1,1,11,13
2024-04-01 06:40:00,0,3,6,9
2024-04-01 06:50:00,1,1,4,6
2024-04-01 07:00:00,2,2,3,7
2024-04-01 07:10:00,2,2,2,6
2024-04-01 07:20:00,1,1,6,8
2024-04-01 07:30:00,3,3,6,12
2024-04-01 07:40:00,4,3,6,13
2024-04-01 07:50:00,1,0,8,9
2024-04-01 08:00:00,0,0,4,4
2024-04-01 08:10:00,0,0,4,4
2024-04-01 08:20:00,2,3,4,9
2024-04-01 08:30:00,1,1,6,8
2024-04-01 08:40:00,0,2,7,9
2024-04-01 08:50:00,4,4,8,16
2024-04-01 09:00:00,1,2,2,5
2024-04-01 09:10:00,1,1,9,11
2024-04-01 09:20:00,5,6,8,19
2024-04-01 09:30:00,0,3,10,13
2024-04-01 09:40:00,3,9,8,20
2024-04-01 09:50:00,1,7,13,21
2024-04-01 10:00:00,2,7,10,19
2024-04-01 10:10:00,4,9,13,26
2024-04-01 10:20:00,4,6,22,32
2024-04-01 10:30:00,1,5,10,16
2024-04-01 10:40:00,2,5,21,28
2024-04-01 10:50:00,3,9,15,27
2024-04-01 11:00:00,8,9,13,30
2024-04-01 11:10:00,3,12,12,27
2024-04-01 11:20:00,4,6,21,31
2024-04-01 11:30:00,3,3,21,27
2024-04-01 11:40:00,8,11,21,40
2024-04-01 11:50:00,10,10,24,44
2024-04-01 12:00:00,4,6,20,30
2024-04-01 12:10:00,6,9,23,38
2024-04-01 12:20:00,11,17,29,57
2024-04-01 12:30:00,6,20,25,51
2024-04-01 12:40:00,1,6,20,27
2024-04-01 12:50:00,5,13,30,48
2024-04-01 13:00:00,4,11,23,38
2024-04-01 13:10:00,7,32,23,62
2024-04-01 13:20:00,6,11,20,37
2024-04-01 13:30:00,7,18,23,48
2024-04-01 13:40:00,7,15,18,40
2024-04-01 13:50:00,5,11,24,40
2024-04-01 14:00:00,14,16,23,53
2024-04-01 14:10:00,5,9,21,35
2024-04-01 14:20:00,4,20,34,58
2024-04-01 14:30:00,7,4,32,43
2024-04-01 14:40:00,3,12,33,48
2024-04-01 14:50:00,11,18,32,61
2024-04-01 15:00:00,13,19,37,69
2024-04-01 15:10:00,7,18,27,52
2024-04-01 15:20:00,9,17,32,58
2024-04-01 15:30:00,7,15,25,47
2024-04-01 15:40:00,5,26,25,56
2024-04-01 15:50:00,6,14,33,53
2024-04-01 16:00:00,8,17,30,55
2024-04-01 16:10:00,4,18,26,48
2024-04-01 16:20:00,10,22,20,52
2024-04-01 16:30:00,3,10,35,48
2024-04-01 16:40:00,6,17,19,42
2024-04-01 16:50:00,4,12,29,45
2024-04-01 17:00:00,4,9,34,47
2024-04-01 17:10:00,8,17,28,53
2024-04-01 17:20:00,5,14,28,47
2024-04-01 17:30:00,7,19,37,63
2024-04-01 17:40:00,3,11,27,41
2024-04-01 17:50:00,4,6,29,39
2024-04-01 18:00:00,4,8,36,48
2024-04-01 18:10:00,3,15,31,49
2024-04-01 18:20:00,4,12,26,42
2024-04-01 18:30:00,3,12,30,45
2024-04-01 18:40:00,2,7,37,46
2024-04-01 18:50:00,5,16,29,50
2024-04-01 19:00:00,6,17,39,62
2024-04-01 19:10:00,10,14,32,56
2024-04-01 19:20:00,6,17,41,64
2024-04-01 19:30:00,1,10,28,39
2024-04-01 19:40:00,6,16,28,50
2024-04-01 19:50:00,5,14,28,47
2024-04-01 20:00:00,4,10,18,32
2024-04-01 20:10:00,2,8,17,27
2024-04-01 20:20:00,3,14,15,32
2024-04-01 20:30:00,4,10,22,36
2024-04-01 20:40:00,5,6,18,29
2024-04-01 20:50:00,4,13,22,39
2024-04-01 21:00:00,4,8,15,27
2024-04-01 21:10:00,7,11,21,39
2024-04-01 21:20:00,3,8,17,28
2024-04-01 21:30:00,4,7,16,27
2024-04-01 21:40:00,5,3,24,32
2024-04-01 21:50:00,3,3,16,22
2024-04-01 22:00:00,3,8,22,33
2024-04-01 22:10:00,2,6,9,17
2024-04-01 22:20:00,3,4,14,21
2024-04-01 22:30:00,3,4,13,20
2024-04-01 22:40:00,4,3,15,22
2024-04-01 22:50:00,1,5,15,21
2024-04-01 23:00:00,1,3,16,20
2024-04-01 23:10:00,6,7,7,20
2024-04-01 23:20:00,1,7,9,17
2024-04-01 23:30:00,3,5,6,14
2024-04-01 23:40:00,2,6,12,20
2024-04-01 23:50:00,0,1,13,14
2024-04-02 00:00:00,3,3,8,14
2024-04-02 00:10:00,2,3,12,17
2024-04-02 00:20:00,1,4,10,15
2024-04-02 00:30:00,1,2,6,9
2024-04-02 00:40:00,0,2,5,7
2024-04-02 00:50:00,0,0,3,3
2024-04-02 01:00:00,1,1,7,9
2024-04-02 01:10:00,0,1,6,7
2024-04-02 01:20:00,0,1,3,4
2024-04-02 01:30:00,1,2,5,8
2024-04-02 01:40:00,0,1,1,2
2024-04-02 01:50:00,1,1,3,5
2024-04-02 02:00:00,1,1,1,3
2024-04-02 02:10:00,1,0,2,3
2024-04-02 02:20:00,0,0,0,0
2024-04-02 02:30:00,1,1,7,9
2024-04-02 02:40:00,1,0,1,2
2024-04-02 02:50:00,1,2,2,5
2024-04-02 03:00:00,2,2,0,4
2024-04-02 03:10:00,1,0,0,1
2024-04-02 03:20:00,0,0,2,2
2024-04-02 03:30:00,0,1,1,2
2024-04-02 03:40:00,0,0,3,3
2024-04-02 03:50:00,0,1,3,4
2024-04-02 04:00:00,0,0,1,1
2024-04-02 04:10:00,1,2,2,5
2024-04-02 04:20:00,0,0,2,2
2024-04-02 04:30:00,0,1,6,7
2024-04-02 04:40:00,1,1,2,4
2024-04-02 04:50:00,1,1,2,4
2024-04-02 05:00:00,2,1,3,6
2024-04-02 05:10:00,1,2,8,11
2024-04-02 05:20:00,1,2,4,7
2024-04-02 05:30:00,0,2,12,14
2024-04-02 05:40:00,2,6,9,17
2024-04-02 05:50:00,4,3,8,15
2024-04-02 06:00:00,5,4,17,26
2024-04-02 06:10:00,1,5,15,21
2024-04-02 06:20:00,2,2,17,21
2024-04-02 06:30:00,10,9,22,41
2024-04-02 06:40:00,9,8,16,33
2024-04-02 06:50:00,3,3,29,35
2024-04-02 07:00:00,6,9,14,29
2024-04-02 07:10:00,8,10,21,39
2024-04-02 07:20:00,7,13,29,49
2024-04-02 07:30:00,9,9,36,54
2024-04-02 07:40:00,12,14,36,62
2024-04-02 07:50:00,8,15,24,47
2024-04-02 08:00:00,11,16,25,52
2024-04-02 08:10:00,6,19,27,52
2024-04-02 08:20:00,14,14,29,57
2024-04-02 08:30:00,11,26,34,71
2024-04-02 08:40:00,10,30,32,72
2024-04-02 08:50:00,15,20,46,81
2024-04-02 09:00:00,16,18,43,77
2024-04-02 09:10:00,10,23,36,69
2024-04-02 09:20:00,3,20,41,64
2024-04-02 09:30:00,13,19,40,72
2024-04-02 09:40:00,5,22,40,67
2024-04-02 09:50:00,4,31,40,75
2024-04-02 10:00:00,3,20,46,69
2024-04-02 10:10:00,11,17,39,67
2024-04-02 10:20:00,19,15,30,64
2024-04-02 10:30:00,14,21,44,79
2024-04-02 10:40:00,14,28,46,88
2024-04-02 10:50:00,10,23,43,76
2024-04-02 11:00:00,10,31,36,77
2024-04-02 11:10:00,12,28,51,91
2024-04-02 11:20:00,13,24,62,99
2024-04-02 11:30:00,10,25,47,82
2024-04-02 11:40:00,9,25,34,68
2024-04-02 11:50:00,12,22,44,78
2024-04-02 12:00:00,10,23,41,74
2024-04-02 12:10:00,9,25,43,77
2024-04-02 12:20:00,12,30,40,82
2024-04-02 12:30:00,16,34,50,100
2024-04-02 12:40:00,11,27,51,89
2024-04-02 12:50:00,10,23,51,84
2024-04-02 13:00:00,15,27,41,83
2024-04-02 13:10:00,5,32,44,81
2024-04-02 13:20:00,4,22,34,60
2024-04-02 13:30:00,11,21,42,74
2024-04-02 13:40:00,12,24,41,77
2024-04-02 13:50:00,8,25,49,82
2024-04-02 14:00:00,14,28,48,90
2024-04-02 14:10:00,13,27,52,92
2024-04-02 14:20:00,11,29,50,90
2024-04-02 14:30:00,9,24,42,75
2024-04-02 14:40:00,12,31,54,97
2024-04-02 14:50:00,7,21,52,80
2024-04-02 15:00:00,17,38,66,121
2024-04-02 15:10:00,12,29,55,96
2024-04-02 15:20:00,8,29,65,102
2024-04-02 15:30:00,12,27,64,103
2024-04-02 15:40:00,5,30,72,107
2024-04-02 15:50:00,5,21,57,83
2024-04-02 16:00:00,13,23,57,93
2024-04-02 16:10:00,11,25,56,92
2024-04-02 16:20:00,9,32,67,108
2024-04-02 16:30:00,7,36,56,99
2024-04-02 16:40:00,7,30,59,96
2024-04-02 16:50:00,8,23,68,99
2024-04-02 17:00:00,11,23,63,97
2024-04-02 17:10:00,9,24,60,93
2024-04-02 17:20:00,11,24,58,93
2024-04-02 17:30:00,11,26,54,91
2024-04-02 17:40:00,8,24,56,88
2024-04-02 17:50:00,8,21,39,68
2024-04-02 18:00:00,11,28,48,87
2024-04-02 18:10:00,7,26,42,75
2024-04-02 18:20:00,9,20,40,69
2024-04-02 18:30:00,5,15,46,66
2024-04-02 18:40:00,5,16,40,61
2024-04-02 18:50:00,5,16,33,54
2024-04-02 19:00:00,7,11,39,57
2024-04-02 19:10:00,2,18,37,57
2024-04-02 19:20:00,5,13,42,60
2024-04-02 19:30:00,4,12,28,44
2024-04-02 19:40:00,6,12,33,51
2024-04-02 19:50:00,6,10,28,44
2024-04-02 20:00:00,1,7,24,32
2024-04-02 20:10:00,7,11,18,36
2024-04-02 20:20:00,2,7,23,32
2024-04-02 20:30:00,3,11,9,23
2024-04-02 20:40:00,3,2,18,23
2024-04-02 20:50:00,1,11,19,31
2024-04-02 21:00:00,2,4,27,33
2024-04-02 21:10:00,5,11,20,36
2024-04-02 21:20:00,4,5,18,27
2024-04-02 21:30:00,3,3,12,18
2024-04-02 21:40:00,4,8,18,30
2024-04-02 21:50:00,3,5,17,25
2024-04-02 22:00:00,1,8,13,22
2024-04-02 22:10:00,1,5,17,23
2024-04-02 22:20:00,2,11,26,39
2024-04-02 22:30:00,2,5,14,21
2024-04-02 22:40:00,2,6,11,19
2024-04-02 22:50:00,2,6,20,28
2024-04-02 23:00:00,4,7,19,30
2024-04-02 23:10:00,3,2,12,17
2024-04-02 23:20:00,0,4,4,8
2024-04-02 23:30:00,1,5,10,16
2024-04-02 23:40:00,1,2,5,8
2024-04-02 23:50:00,2,2,14,18
2024-04-03 00:00:00,2,3,7,12
2024-04-03 00:10:00,2,2,11,15
2024-04-03 00:20:00,1,3,6,10
2024-04-03 00:30:00,2,1,8,11
2024-04-03 00:40:00,1,1,4,6
2024-04-03 00:50:00,0,0,5,5
2024-04-03 01:00:00,1,1,8,10
2024-04-03 01:10:00,2,0,9,11
2024-04-03 01:20:00,1,2,1,4
2024-04-03 01:30:00,2,4,0,6
2024-04-03 01:40:00,0,1,5,6
2024-04-03 01:50:00,1,1,4,6
2024-04-03 02:00:00,0,0,6,6
2024-04-03 02:10:00,1,1,4,6
2024-04-03 02:20:00,0,0,3,3
2024-04-03 02:30:00,1,0,1,2
2024-04-03 02:40:00,2,1,3,6
2024-04-03 02:50:00,0,0,4,4
2024-04-03 03:00:00,0,0,1,1
2024-04-03 03:10:00,0,0,3,3
2024-04-03 03:20:00,0,0,3,3
2024-04-03 03:30:00,0,0,0,0
2024-04-03 03:40:00,0,0,0,0
2024-04-03 03:50:00,0,2,3,5
2024-04-03 04:00:00,0,0,2,2
2024-04-03 04:10:00,0,0,2,2
2024-04-03 04:20:00,1,0,2,3
2024-04-03 04:30:00,0,1,3,4
2024-04-03 04:40:00,0,0,1,1
2024-04-03 04:50:00,1,0,6,7
2024-04-03 05:00:00,0,2,4,6
2024-04-03 05:10:00,1,4,4,9
2024-04-03 05:20:00,0,0,7,7
2024-04-03 05:30:00,3,6,12,21
2024-04-03 05:40:00,1,6,12,19
2024-04-03 05:50:00,4,6,12,22
2024-04-03 06:00:00,3,6,11,20
2024-04-03 06:10:00,2,3,17,22
2024-04-03 06:20:00,3,12,19,34
2024-04-03 06:30:00,3,9,21,33
2024-04-03 06:40:00,4,4,13,21
2024-04-03 06:50:00,3,4,29,36
2024-04-03 07:00:00,5,10,22,37
2024-04-03 07:10:00,6,12,25,43
2024-04-03 07:20:00,13,19,34,66
2024-04-03 07:30:00,7,11,34,52
2024-04-03 07:40:00,11,15,35,61
2024-04-03 07:50:00,7,17,26,50
2024-04-03 08:00:00,8,10,26,44
2024-04-03 08:10:00,5,7,28,40
2024-04-03 08:20:00,11,19,40,70
2024-04-03 08:30:00,10,12,32,54
2024-04-03 08:40:00,14,19,40,73
2024-04-03 08:50:00,9,24,43,76
2024-04-03 09:00:00,14,23,37,74
2024-04-03 09:10:00,11,12,37,60
2024-04-03 09:20:00,11,16,32,59
2024-04-03 09:30:00,10,17,35,62
2024-04-03 09:40:00,14,29,47,90
2024-04-03 09:50:00,15,32,42,89
2024-04-03 10:00:00,13,29,39,81
2024-04-03 10:10:00,12,26,39,77
2024-04-03 10:20:00,9,26,56,91
2024-04-03 10:30:00,4,33,46,83
2024-04-03 10:40:00,4,18,49,71
2024-04-03 10:50:00,6,18,38,62
2024-04-03 11:00:00,9,24,39,72
2024-04-03 11:10:00,6,15,40,61
2024-04-03 11:20:00,6,33,40,79
2024-04-03 11:30:00,12,28,53,93
2024-04-03 11:40:00,11,32,53,96
2024-04-03 11:50:00,14,32,56,102
2024-04-03 12:00:00,11,27,51,89
2024-04-03 12:10:00,13,23,40,76
2024-04-03 12:20:00,8,28,56,92
2024-04-03 12:30:00,10,15,54,79
2024-04-03 12:40:00,10,26,36,72
2024-04-03 12:50:00,13,25,51,89
2024-04-03 13:00:00,7,22,45,74
2024-04-03 13:10:00,8,17,43,68
2024-04-03 13:20:00,7,24,36,67
2024-04-03 13:30:00,11,23,48,82
2024-04-03 13:40:00,20,17,54,91
2024-04-03 13:50:00,11,22,40,73
2024-04-03 14:00:00,7,18,33,58
2024-04-03 14:10:00,11,29,50,90
2024-04-03 14:20:00,10,19,54,83
2024-04-03 14:30:00,11,25,49,85
2024-04-03 14:40:00,16,26,70,112
2024-04-03 14:50:00,14,28,55,97
2024-04-03 15:00:00,11,28,51,90
2024-04-03 15:10:00,15,34,57,106
2024-04-03 15:20:00,15,26,53,94
2024-04-03 15:30:00,8,21,49,78
2024-04-03 15:40:00,10,25,58,93
2024-04-03 15:50:00,9,26,50,85
2024-04-03 16:00:00,11,23,45,79
2024-04-03 16:10:00,7,25,42,74
2024-04-03 16:20:00,12,17,71,100
2024-04-03 16:30:00,12,22,51,85
2024-04-03 16:40:00,10,14,67,91
2024-04-03 16:50:00,4,25,45,74
2024-04-03 17:00:00,5,27,55,87
2024-04-03 17:10:00,13,32,57,102
2024-04-03 17:20:00,6,14,50,70
2024-04-03 17:30:00,12,25,54,91
2024-04-03 17:40:00,18,22,48,88
2024-04-03 17:50:00,11,26,74,111
2024-04-03 18:00:00,6,26,55,87
2024-04-03 18:10:00,6,18,54,78
2024-04-03 18:20:00,7,22,42,71
2024-04-03 18:30:00,8,21,43,72
2024-04-03 18:40:00,10,19,42,71
2024-04-03 18:50:00,5,24,37,66
2024-04-03 19:00:00,5,17,36,58
2024-04-03 19:10:00,12,15,46,73
2024-04-03 19:20:00,3,14,37,54
2024-04-03 19:30:00,6,11,35,52
2024-04-03 19:40:00,10,17,34,61
2024-04-03 19:50:00,4,6,40,50
2024-04-03 20:00:00,6,18,23,47
2024-04-03 20:10:00,1,5,24,30
2024-04-03 20:20:00,6,5,19,30
2024-04-03 20:30:00,3,2,19,24
2024-04-03 20:40:00,4,8,21,33
2024-04-03 20:50:00,5,9,28,42
2024-04-03 21:00:00,4,12,29,45
2024-04-03 21:10:00,4,8,18,30
2024-04-03 21:20:00,4,6,20,30
2024-04-03 21:30:00,5,12,23,40
2024-04-03 21:40:00,2,7,21,30
2024-04-03 21:50:00,2,7,20,29
2024-04-03 22:00:00,1,4,25,30
2024-04-03 22:10:00,3,12,10,25
2024-04-03 22:20:00,2,3,13,18
2024-04-03 22:30:00,2,8,18,28
2024-04-03 22:40:00,1,2,16,19
2024-04-03 22:50:00,2,2,34,38
2024-04-03 23:00:00,1,4,12,17
2024-04-03 23:10:00,2,4,10,16
2024-04-03 23:20:00,4,2,14,20
2024-04-03 23:30:00,3,2,11,16
2024-04-03 23:40:00,4,5,8,17
2024-04-03 23:50:00,1,0,13,14
2024-04-04 00:00:00,3,1,9,13
2024-04-04 00:10:00,1,2,6,9
2024-04-04 00:20:00,1,0,7,8
2024-04-04 00:30:00,0,1,9,10
2024-04-04 00:40:00,0,1,7,8
2024-04-04 00:50:00,1,1,2,4
2024-04-04 01:00:00,2,3,8,13
2024-04-04 01:10:00,2,4,4,10
2024-04-04 01:20:00,1,1,2,4
2024-04-04 01:30:00,0,0,1,1
2024-04-04 01:40:00,0,0,3,3
2024-04-04 01:50:00,1,1,2,4
2024-04-04 02:00:00,1,0,6,7
2024-04-04 02:10:00,0,0,2,2
2024-04-04 02:20:00,0,0,3,3
2024-04-04 02:30:00,0,1,1,2
2024-04-04 02:40:00,1,1,1,3
2024-04-04 02:50:00,0,0,1,1
2024-04-04 03:00:00,0,0,1,1
2024-04-04 03:10:00,1,1,0,2
2024-04-04 03:20:00,0,1,1,2
2024-04-04 03:30:00,0,0,2,2
2024-04-04 03:40:00,0,1,3,4
2024-04-04 03:50:00,0,1,2,3
2024-04-04 04:00:00,1,1,0,2
2024-04-04 04:10:00,0,0,3,3
2024-04-04 04:20:00,0,0,3,3
2024-04-04 04:30:00,0,0,2,2
2024-04-04 04:40:00,0,1,2,3
2024-04-04 04:50:00,1,2,2,5
2024-04-04 05:00:00,0,1,4,5
2024-04-04 05:10:00,1,5,6,12
2024-04-04 05:20:00,1,5,8,14
2024-04-04 05:30:00,2,2,14,18
2024-04-04 05:40:00,3,2,9,14
2024-04-04 05:50:00,3,5,14,22
2024-04-04 06:00:00,2,6,18,26
2024-04-04 06:10:00,4,7,12,23
2024-04-04 06:20:00,2,6,15,23
2024-04-04 06:30:00,0,8,21,29
2024-04-04 06:40:00,12,9,23,44
2024-04-04 06:50:00,4,6,26,36
2024-04-04 07:00:00,5,5,22,32
2024-04-04 07:10:00,12,18,23,53
2024-04-04 07:20:00,7,16,32,55
2024-04-04 07:30:00,9,19,26,54
2024-04-04 07:40:00,12,21,29,62
2024-04-04 07:50:00,5,13,36,54
2024-04-04 08:00:00,5,14,34,53
2024-04-04 08:10:00,6,15,32,53
2024-04-04 08:20:00,12,20,29,61
2024-04-04 08:30:00,20,28,25,73
2024-04-04 08:40:00,11,16,37,64
2024-04-04 08:50:00,8,21,43,72
2024-04-04 09:00:00,8,22,43,73
2024-04-04 09:10:00,8,17,27,52
2024-04-04 09:20:00,7,17,40,64
2024-04-04 09:30:00,7,18,38,63
2024-04-04 09:40:00,4,21,41,66
2024-04-04 09:50:00,10,13,31,54
2024-04-04 10:00:00,7,25,45,77
2024-04-04 10:10:00,9,25,43,77
2024-04-04 10:20:00,6,22,49,77
2024-04-04 10:30:00,7,24,50,81
2024-04-04 10:40:00,7,22,47,76
2024-04-04 10:50:00,9,27,47,83
2024-04-04 11:00:00,10,30,41,81
2024-04-04 11:10:00,18,35,38,91
2024-04-04 11:20:00,8,27,38,73
2024-04-04 11:30:00,18,27,48,93
2024-04-04 11:40:00,13,25,40,78
2024-04-04 11:50:00,7,25,50,82
2024-04-04 12:00:00,11,22,50,83
2024-04-04 12:10:00,11,21,41,73
2024-04-04 12:20:00,12,18,53,83
2024-04-04 12:30:00,7,28,51,86
2024-04-04 12:40:00,3,24,43,70
2024-04-04 12:50:00,14,24,43,81
2024-04-04 13:00:00,3,14,39,56
2024-04-04 13:10:00,15,21,44,80
2024-04-04 13:20:00,4,27,44,75
2024-04-04 13:30:00,9,28,36,73
2024-04-04 13:40:00,10,24,37,71
2024-04-04 13:50:00,10,24,46,80
2024-04-04 14:00:00,6,19,54,79
2024-04-04 14:10:00,11,25,49,85
2024-04-04 14:20:00,15,24,47,86
2024-04-04 14:30:00,16,21,47,84
2024-04-04 14:40:00,18,25,65,108
2024-04-04 14:50:00,12,34,52,98
2024-04-04 15:00:00,8,24,66,98
2024-04-04 15:10:00,15,34,60,109
2024-04-04 15:20:00,17,30,58,105
2024-04-04 15:30:00,17,27,60,104
2024-04-04 15:40:00,17,12,72,101
2024-04-04 15:50:00,15,32,65,112
2024-04-04 16:00:00,15,25,49,89
2024-04-04 16:10:00,14,34,61,109
2024-04-04 16:20:00,9,17,53,79
2024-04-04 16:30:00,8,33,58,99
2024-04-04 16:40:00,11,32,52,95
2024-04-04 16:50:00,13,24,64,101
2024-04-04 17:00:00,4,24,57,85
2024-04-04 17:10:00,14,27,70,111
2024-04-04 17:20:00,6,33,62,101
2024-04-04 17:30:00,11,32,59,102
2024-04-04 17:40:00,12,28,51,91
2024-04-04 17:50:00,10,32,47,89
2024-04-04 18:00:00,10,33,48,91
2024-04-04 18:10:00,5,23,51,79
2024-04-04 18:20:00,5,18,44,67
2024-04-04 18:30:00,9,27,41,77
2024-04-04 18:40:00,8,20,64,92
2024-04-04 18:50:00,7,12,39,58
2024-04-04 19:00:00,8,15,35,58
2024-04-04 19:10:00,7,15,30,52
2024-04-04 19:20:00,5,18,37,60
2024-04-04 19:30:00,11,11,31,53
2024-04-04 19:40:00,7,11,29,47
2024-04-04 19:50:00,6,10,26,42
2024-04-04 20:00:00,5,12,22,39
2024-04-04 20:10:00,7,10,20,37
2024-04-04 20:20:00,6,9,27,42
2024-04-04 20:30:00,5,6,22,33
2024-04-04 20:40:00,3,8,26,37
2024-04-04 20:50:00,5,8,24,37
2024-04-04 21:00:00,4,6,15,25
2024-04-04 21:10:00,2,8,21,31
2024-04-04 21:20:00,4,8,24,36
2024-04-04 21:30:00,3,2,15,20
2024-04-04 21:40:00,5,5,18,28
2024-04-04 21:50:00,3,5,16,24
2024-04-04 22:00:00,2,8,13,23
2024-04-04 22:10:00,4,8,16,28
2024-04-04 22:20:00,5,6,22,33
2024-04-04 22:30:00,2,5,16,23
2024-04-04 22:40:00,3,4,24,31
2024-04-04 22:50:00,5,12,8,25
2024-04-04 23:00:00,3,5,19,27
2024-04-04 23:10:00,2,4,17,23
2024-04-04 23:20:00,3,3,11,17
2024-04-04 23:30:00,3,5,16,24
2024-04-04 23:40:00,2,7,13,22
2024-04-04 23:50:00,2,3,6,11
2024-04-05 00:00:00,0,0,13,13
2024-04-05 00:10:00,1,1,11,13
2024-04-05 00:20:00,3,4,9,16
2024-04-05 00:30:00,1,0,17,18
2024-04-05 00:40:00,0,1,6,7
2024-04-05 00:50:00,0,1,7,8
2024-04-05 01:00:00,3,2,3,8
2024-04-05 01:10:00,0,2,6,8
2024-04-05 01:20:00,1,1,7,9
2024-04-05 01:30:00,0,0,5,5
2024-04-05 01:40:00,1,2,4,7
2024-04-05 01:50:00,0,1,1,2
2024-04-05 02:00:00,1,0,0,1
