datetime,V21Z,V81Z,Total
2024-03-01 01:00:00,6,11,17
2024-03-01 01:10:00,2,4,6
2024-03-01 01:20:00,0,7,7
2024-03-01 01:30:00,5,2,7
2024-03-01 01:40:00,4,4,8
2024-03-01 01:50:00,3,7,10
2024-03-01 02:00:00,2,4,6
2024-03-01 02:10:00,1,4,5
2024-03-01 02:20:00,4,3,7
2024-03-01 02:30:00,1,2,3
2024-03-01 02:40:00,4,5,9
2024-03-01 02:50:00,4,4,8
2024-03-01 03:00:00,2,0,2
2024-03-01 03:10:00,2,4,6
2024-03-01 03:20:00,2,2,4
2024-03-01 03:30:00,1,1,2
2024-03-01 03:40:00,0,0,0
2024-03-01 03:50:00,4,6,10
2024-03-01 04:00:00,3,5,8
2024-03-01 04:10:00,5,3,8
2024-03-01 04:20:00,5,5,10
2024-03-01 04:30:00,5,3,8
2024-03-01 04:40:00,4,9,13
2024-03-01 04:50:00,5,10,15
2024-03-01 05:00:00,2,9,11
2024-03-01 05:10:00,8,18,26
2024-03-01 05:20:00,11,25,36
2024-03-01 05:30:00,10,18,28
2024-03-01 05:40:00,10,30,40
2024-03-01 05:50:00,10,35,45
2024-03-01 06:00:00,14,30,44
2024-03-01 06:10:00,12,31,43
2024-03-01 06:20:00,23,33,56
2024-03-01 06:30:00,15,40,55
2024-03-01 06:40:00,20,36,56
2024-03-01 06:50:00,25,44,69
2024-03-01 07:00:00,12,45,57
2024-03-01 07:10:00,19,47,66
2024-03-01 07:20:00,29,58,87
2024-03-01 07:30:00,37,60,97
2024-03-01 07:40:00,38,45,83
2024-03-01 07:50:00,34,44,78
2024-03-01 08:00:00,25,46,71
2024-03-01 08:10:00,32,60,92
2024-03-01 08:20:00,30,53,83
2024-03-01 08:30:00,20,47,67
2024-03-01 08:40:00,39,50,89
2024-03-01 08:50:00,38,43,81
2024-03-01 09:00:00,24,51,75
2024-03-01 09:10:00,29,51,80
2024-03-01 09:20:00,32,49,81
2024-03-01 09:30:00,30,53,83
2024-03-01 09:40:00,31,64,95
2024-03-01 09:50:00,31,64,95
2024-03-01 10:00:00,30,45,75
2024-03-01 10:10:00,35,47,82
2024-03-01 10:20:00,34,62,96
2024-03-01 10:30:00,43,49,92
2024-03-01 10:40:00,29,46,75
2024-03-01 10:50:00,35,55,90
2024-03-01 11:00:00,52,55,107
2024-03-01 11:10:00,35,45,80
2024-03-01 11:20:00,37,49,86
2024-03-01 11:30:00,34,53,87
2024-03-01 11:40:00,32,51,83
2024-03-01 11:50:00,38,57,95
2024-03-01 12:00:00,41,55,96
2024-03-01 12:10:00,45,53,98
2024-03-01 12:20:00,37,47,84
2024-03-01 12:30:00,42,52,94
2024-03-01 12:40:00,60,45,105
2024-03-01 12:50:00,37,58,95
2024-03-01 13:00:00,38,51,89
2024-03-01 13:10:00,18,32,50
2024-03-01 13:20:00,54,58,112
2024-03-01 13:30:00,52,60,112
2024-03-01 13:40:00,60,56,116
2024-03-01 13:50:00,41,44,85
2024-03-01 14:00:00,58,64,122
2024-03-01 14:10:00,55,62,117
2024-03-01 14:20:00,45,51,96
2024-03-01 14:30:00,42,60,102
2024-03-01 14:40:00,38,59,97
2024-03-01 14:50:00,40,44,84
2024-03-01 15:00:00,45,62,107
2024-03-01 15:10:00,50,62,112
2024-03-01 15:20:00,47,43,90
2024-03-01 15:30:00,41,42,83
2024-03-01 15:40:00,42,46,88
2024-03-01 15:50:00,36,51,87
2024-03-01 16:00:00,33,48,81
2024-03-01 16:10:00,39,57,96
2024-03-01 16:20:00,41,46,87
2024-03-01 16:30:00,47,65,112
2024-03-01 16:40:00,43,51,94
2024-03-01 16:50:00,28,50,78
2024-03-01 17:00:00,43,69,112
2024-03-01 17:10:00,40,55,95
2024-03-01 17:20:00,19,41,60
2024-03-01 17:30:00,38,63,101
2024-03-01 17:40:00,35,56,91
2024-03-01 17:50:00,42,73,115
2024-03-01 18:00:00,30,63,93
2024-03-01 18:10:00,30,45,75
2024-03-01 18:20:00,22,50,72
2024-03-01 18:30:00,28,52,80
2024-03-01 18:40:00,27,44,71
2024-03-01 18:50:00,28,51,79
2024-03-01 19:00:00,34,42,76
2024-03-01 19:10:00,28,27,55
2024-03-01 19:20:00,22,38,60
2024-03-01 19:30:00,27,39,66
2024-03-01 19:40:00,27,41,68
2024-03-01 19:50:00,27,46,73
2024-03-01 20:00:00,28,38,66
2024-03-01 20:10:00,19,37,56
2024-03-01 20:20:00,18,39,57
2024-03-01 20:30:00,20,39,59
2024-03-01 20:40:00,24,23,47
2024-03-01 20:50:00,17,21,38
2024-03-01 21:00:00,19,33,52
2024-03-01 21:10:00,21,28,49
2024-03-01 21:20:00,14,26,40
2024-03-01 21:30:00,19,27,46
2024-03-01 21:40:00,18,33,51
2024-03-01 21:50:00,19,16,35
2024-03-01 22:00:00,17,23,40
2024-03-01 22:10:00,18,24,42
2024-03-01 22:20:00,19,23,42
2024-03-01 22:30:00,14,17,31
2024-03-01 22:40:00,14,27,41
2024-03-01 22:50:00,12,21,33
2024-03-01 23:00:00,8,32,40
2024-03-01 23:10:00,17,13,30
2024-03-01 23:20:00,5,12,17
2024-03-01 23:30:00,14,23,37
2024-03-01 23:40:00,9,15,24
2024-03-01 23:50:00,7,11,18
2024-03-02 00:00:00,13,8,21
2024-03-02 00:10:00,8,15,23
2024-03-02 00:20:00,9,21,30
2024-03-02 00:30:00,7,11,18
2024-03-02 00:40:00,7,19,26
2024-03-02 00:50:00,6,17,23
2024-03-02 01:00:00,7,9,16
2024-03-02 01:10:00,3,4,7
2024-03-02 01:20:00,5,8,13
2024-03-02 01:30:00,2,5,7
2024-03-02 01:40:00,2,7,9
2024-03-02 01:50:00,8,7,15
2024-03-02 02:00:00,6,3,9
2024-03-02 02:10:00,3,8,11
2024-03-02 02:20:00,7,3,10
2024-03-02 02:30:00,6,10,16
2024-03-02 02:40:00,4,3,7
2024-03-02 02:50:00,4,4,8
2024-03-02 03:00:00,2,4,6
2024-03-02 03:10:00,6,7,13
2024-03-02 03:20:00,0,4,4
2024-03-02 03:30:00,5,0,5
2024-03-02 03:40:00,1,8,9
2024-03-02 03:50:00,2,7,9
2024-03-02 04:00:00,3,4,7
2024-03-02 04:10:00,3,7,10
2024-03-02 04:20:00,4,5,9
2024-03-02 04:30:00,2,1,3
2024-03-02 04:40:00,5,3,8
2024-03-02 04:50:00,1,2,3
2024-03-02 05:00:00,2,4,6
2024-03-02 05:10:00,6,6,12
2024-03-02 05:20:00,0,10,10
2024-03-02 05:30:00,10,15,25
2024-03-02 05:40:00,10,7,17
2024-03-02 05:50:00,1,13,14
2024-03-02 06:00:00,5,6,11
2024-03-02 06:10:00,6,11,17
2024-03-02 06:20:00,5,4,9
2024-03-02 06:30:00,11,17,28
2024-03-02 06:40:00,4,6,10
2024-03-02 06:50:00,8,8,16
2024-03-02 07:00:00,7,15,22
2024-03-02 07:10:00,14,19,33
2024-03-02 07:20:00,15,21,36
2024-03-02 07:30:00,19,25,44
2024-03-02 07:40:00,17,24,41
2024-03-02 07:50:00,13,24,37
2024-03-02 08:00:00,17,27,44
2024-03-02 08:10:00,26,33,59
2024-03-02 08:20:00,26,28,54
2024-03-02 08:30:00,24,31,55
2024-03-02 08:40:00,27,40,67
2024-03-02 08:50:00,29,34,63
2024-03-02 09:00:00,36,45,81
2024-03-02 09:10:00,29,38,67
2024-03-02 09:20:00,41,40,81
2024-03-02 09:30:00,33,47,80
2024-03-02 09:40:00,34,55,89
2024-03-02 09:50:00,31,50,81
2024-03-02 10:00:00,32,55,87
2024-03-02 10:10:00,34,47,81
2024-03-02 10:20:00,41,49,90
2024-03-02 10:30:00,43,57,100
2024-03-02 10:40:00,26,47,73
2024-03-02 10:50:00,56,59,115
2024-03-02 11:00:00,52,46,98
2024-03-02 11:10:00,35,53,88
2024-03-02 11:20:00,55,46,101
2024-03-02 11:30:00,40,49,89
2024-03-02 11:40:00,43,62,105
2024-03-02 11:50:00,49,57,106
2024-03-02 12:00:00,59,54,113
2024-03-02 12:10:00,39,55,94
2024-03-02 12:20:00,52,62,114
2024-03-02 12:30:00,43,46,89
2024-03-02 12:40:00,52,48,100
2024-03-02 12:50:00,48,61,109
2024-03-02 13:00:00,46,66,112
2024-03-02 13:10:00,49,47,96
2024-03-02 13:20:00,49,52,101
2024-03-02 13:30:00,48,61,109
2024-03-02 13:40:00,58,47,105
2024-03-02 13:50:00,42,52,94
2024-03-02 14:00:00,33,55,88
2024-03-02 14:10:00,42,53,95
2024-03-02 14:20:00,50,49,99
2024-03-02 14:30:00,52,31,83
2024-03-02 14:40:00,26,54,80
2024-03-02 14:50:00,52,74,126
2024-03-02 15:00:00,40,64,104
2024-03-02 15:10:00,36,52,88
2024-03-02 15:20:00,36,60,96
2024-03-02 15:30:00,38,64,102
2024-03-02 15:40:00,31,58,89
2024-03-02 15:50:00,42,45,87
2024-03-02 16:00:00,37,47,84
2024-03-02 16:10:00,38,55,93
2024-03-02 16:20:00,44,48,92
2024-03-02 16:30:00,38,53,91
2024-03-02 16:40:00,34,51,85
2024-03-02 16:50:00,34,55,89
2024-03-02 17:00:00,35,50,85
2024-03-02 17:10:00,39,54,93
2024-03-02 17:20:00,42,47,89
2024-03-02 17:30:00,34,52,86
2024-03-02 17:40:00,24,58,82
2024-03-02 17:50:00,28,39,67
2024-03-02 18:00:00,27,47,74
2024-03-02 18:10:00,30,57,87
2024-03-02 18:20:00,25,42,67
2024-03-02 18:30:00,28,57,85
2024-03-02 18:40:00,25,40,65
2024-03-02 18:50:00,20,34,54
2024-03-02 19:00:00,27,46,73
2024-03-02 19:10:00,32,36,68
2024-03-02 19:20:00,28,38,66
2024-03-02 19:30:00,20,26,46
2024-03-02 19:40:00,19,38,57
2024-03-02 19:50:00,25,41,66
2024-03-02 20:00:00,22,23,45
2024-03-02 20:10:00,23,38,61
2024-03-02 20:20:00,17,26,43
2024-03-02 20:30:00,16,29,45
2024-03-02 20:40:00,18,39,57
2024-03-02 20:50:00,20,18,38
2024-03-02 21:00:00,20,18,38
2024-03-02 21:10:00,19,22,41
2024-03-02 21:20:00,25,38,63
2024-03-02 21:30:00,11,29,40
2024-03-02 21:40:00,20,22,42
2024-03-02 21:50:00,14,26,40
2024-03-02 22:00:00,13,23,36
2024-03-02 22:10:00,15,17,32
2024-03-02 22:20:00,18,24,42
2024-03-02 22:30:00,17,27,44
2024-03-02 22:40:00,19,20,39
2024-03-02 22:50:00,14,18,32
2024-03-02 23:00:00,15,7,22
2024-03-02 23:10:00,13,21,34
2024-03-02 23:20:00,18,22,40
2024-03-02 23:30:00,14,14,28
2024-03-02 23:40:00,13,24,37
2024-03-02 23:50:00,13,25,38
2024-03-03 00:00:00,11,8,19
2024-03-03 00:10:00,9,19,28
2024-03-03 00:20:00,5,20,25
2024-03-03 00:30:00,13,10,23
2024-03-03 00:40:00,8,7,15
2024-03-03 00:50:00,10,18,28
2024-03-03 01:00:00,7,6,13
2024-03-03 01:10:00,6,11,17
2024-03-03 01:20:00,3,7,10
2024-03-03 01:30:00,2,16,18
2024-03-03 01:40:00,6,6,12
2024-03-03 01:50:00,4,10,14
2024-03-03 02:00:00,3,15,18
2024-03-03 02:10:00,7,7,14
2024-03-03 02:20:00,5,6,11
2024-03-03 02:30:00,5,18,23
2024-03-03 02:40:00,4,5,9
2024-03-03 02:50:00,3,13,16
2024-03-03 03:00:00,4,3,7
2024-03-03 03:10:00,4,4,8
2024-03-03 03:20:00,8,4,12
2024-03-03 03:30:00,4,6,10
2024-03-03 03:40:00,3,11,14
2024-03-03 03:50:00,4,5,9
2024-03-03 04:00:00,4,2,6
2024-03-03 04:10:00,3,9,12
2024-03-03 04:20:00,0,4,4
2024-03-03 04:30:00,4,4,8
2024-03-03 04:40:00,3,4,7
2024-03-03 04:50:00,4,3,7
2024-03-03 05:00:00,2,8,10
2024-03-03 05:10:00,6,8,14
2024-03-03 05:20:00,1,4,5
2024-03-03 05:30:00,8,6,14
2024-03-03 05:40:00,4,3,7
2024-03-03 05:50:00,3,3,6
2024-03-03 06:00:00,3,5,8
2024-03-03 06:10:00,5,11,16
2024-03-03 06:20:00,5,3,8
2024-03-03 06:30:00,5,4,9
2024-03-03 06:40:00,2,2,4
2024-03-03 06:50:00,4,4,8
2024-03-03 07:00:00,4,8,12
2024-03-03 07:10:00,9,6,15
2024-03-03 07:20:00,6,9,15
2024-03-03 07:30:00,9,11,20
2024-03-03 07:40:00,6,7,13
2024-03-03 07:50:00,9,11,20
2024-03-03 08:00:00,13,19,32
2024-03-03 08:10:00,6,7,13
2024-03-03 08:20:00,14,13,27
2024-03-03 08:30:00,18,16,34
2024-03-03 08:40:00,15,16,31
2024-03-03 08:50:00,14,23,37
2024-03-03 09:00:00,19,23,42
2024-03-03 09:10:00,24,31,55
2024-03-03 09:20:00,16,28,44
2024-03-03 09:30:00,30,42,72
2024-03-03 09:40:00,31,35,66
2024-03-03 09:50:00,31,35,66
2024-03-03 10:00:00,39,41,80
2024-03-03 10:10:00,22,36,58
2024-03-03 10:20:00,36,32,68
2024-03-03 10:30:00,32,40,72
2024-03-03 10:40:00,40,46,86
2024-03-03 10:50:00,37,45,82
2024-03-03 11:00:00,33,28,61
2024-03-03 11:10:00,47,45,92
2024-03-03 11:20:00,44,52,96
2024-03-03 11:30:00,41,49,90
2024-03-03 11:40:00,36,42,78
2024-03-03 11:50:00,31,46,77
2024-03-03 12:00:00,46,61,107
2024-03-03 12:10:00,34,57,91
2024-03-03 12:20:00,39,59,98
2024-03-03 12:30:00,53,71,124
2024-03-03 12:40:00,37,57,94
2024-03-03 12:50:00,57,61,118
2024-03-03 13:00:00,33,39,72
2024-03-03 13:10:00,47,57,104
2024-03-03 13:20:00,36,54,90
2024-03-03 13:30:00,43,36,79
2024-03-03 13:40:00,58,59,117
2024-03-03 13:50:00,40,60,100
2024-03-03 14:00:00,49,45,94
2024-03-03 14:10:00,37,37,74
2024-03-03 14:20:00,40,38,78
2024-03-03 14:30:00,51,56,107
2024-03-03 14:40:00,48,49,97
2024-03-03 14:50:00,36,50,86
2024-03-03 15:00:00,44,58,102
2024-03-03 15:10:00,47,56,103
2024-03-03 15:20:00,34,50,84
2024-03-03 15:30:00,45,44,89
2024-03-03 15:40:00,47,46,93
2024-03-03 15:50:00,42,47,89
2024-03-03 16:00:00,37,43,80
2024-03-03 16:10:00,39,45,84
2024-03-03 16:20:00,38,52,90
2024-03-03 16:30:00,34,58,92
2024-03-03 16:40:00,47,42,89
2024-03-03 16:50:00,47,46,93
2024-03-03 17:00:00,46,56,102
2024-03-03 17:10:00,47,52,99
2024-03-03 17:20:00,27,39,66
2024-03-03 17:30:00,41,58,99
2024-03-03 17:40:00,30,52,82
2024-03-03 17:50:00,37,51,88
2024-03-03 18:00:00,27,52,79
2024-03-03 18:10:00,35,48,83
2024-03-03 18:20:00,26,44,70
2024-03-03 18:30:00,32,39,71
2024-03-03 18:40:00,22,35,57
2024-03-03 18:50:00,18,31,49
2024-03-03 19:00:00,29,36,65
2024-03-03 19:10:00,26,23,49
2024-03-03 19:20:00,21,28,49
2024-03-03 19:30:00,29,33,62
2024-03-03 19:40:00,18,36,54
2024-03-03 19:50:00,14,37,51
2024-03-03 20:00:00,17,23,40
2024-03-03 20:10:00,10,30,40
2024-03-03 20:20:00,17,37,54
2024-03-03 20:30:00,24,30,54
2024-03-03 20:40:00,18,15,33
2024-03-03 20:50:00,18,30,48
2024-03-03 21:00:00,18,27,45
2024-03-03 21:10:00,23,20,43
2024-03-03 21:20:00,12,19,31
2024-03-03 21:30:00,12,19,31
2024-03-03 21:40:00,18,20,38
2024-03-03 21:50:00,13,20,33
2024-03-03 22:00:00,12,22,34
2024-03-03 22:10:00,10,16,26
2024-03-03 22:20:00,10,21,31
2024-03-03 22:30:00,13,13,26
2024-03-03 22:40:00,8,13,21
2024-03-03 22:50:00,9,15,24
2024-03-03 23:00:00,14,11,25
2024-03-03 23:10:00,9,15,24
2024-03-03 23:20:00,9,7,16
2024-03-03 23:30:00,8,13,21
2024-03-03 23:40:00,6,4,10
2024-03-03 23:50:00,4,8,12
2024-03-04 00:00:00,10,6,16
2024-03-04 00:10:00,4,3,7
2024-03-04 00:20:00,4,7,11
2024-03-04 00:30:00,2,4,6
2024-03-04 00:40:00,4,0,4
2024-03-04 00:50:00,1,7,8
2024-03-04 01:00:00,3,4,7
2024-03-04 01:10:00,1,5,6
2024-03-04 01:20:00,1,6,7
2024-03-04 01:30:00,6,4,10
2024-03-04 01:40:00,1,2,3
2024-03-04 01:50:00,0,3,3
2024-03-04 02:00:00,1,0,1
2024-03-04 02:10:00,1,1,2
2024-03-04 02:20:00,0,2,2
2024-03-04 02:30:00,0,0,0
2024-03-04 02:40:00,0,0,0
2024-03-04 02:50:00,2,2,4
2024-03-04 03:00:00,3,4,7
2024-03-04 03:10:00,0,0,0
2024-03-04 03:20:00,0,2,2
2024-03-04 03:30:00,1,1,2
2024-03-04 03:40:00,2,2,4
2024-03-04 03:50:00,2,0,2
2024-03-04 04:00:00,1,3,4
2024-03-04 04:10:00,2,1,3
2024-03-04 04:20:00,3,5,8
2024-03-04 04:30:00,4,4,8
2024-03-04 04:40:00,5,5,10
2024-03-04 04:50:00,7,6,13
2024-03-04 05:00:00,7,13,20
2024-03-04 05:10:00,5,13,18
2024-03-04 05:20:00,10,13,23
2024-03-04 05:30:00,9,25,34
2024-03-04 05:40:00,10,35,45
2024-03-04 05:50:00,13,47,60
2024-03-04 06:00:00,15,32,47
2024-03-04 06:10:00,8,38,46
2024-03-04 06:20:00,18,46,64
2024-03-04 06:30:00,20,36,56
2024-03-04 06:40:00,25,42,67
2024-03-04 06:50:00,23,53,76
2024-03-04 07:00:00,25,54,79
2024-03-04 07:10:00,31,43,74
2024-03-04 07:20:00,33,60,93
2024-03-04 07:30:00,37,49,86
2024-03-04 07:40:00,36,41,77
2024-03-04 07:50:00,25,42,67
2024-03-04 08:00:00,34,46,80
2024-03-04 08:10:00,34,55,89
2024-03-04 08:20:00,42,51,93
2024-03-04 08:30:00,34,54,88
2024-03-04 08:40:00,32,45,77
2024-03-04 08:50:00,38,69,107
2024-03-04 09:00:00,42,52,94
2024-03-04 09:10:00,31,59,90
2024-03-04 09:20:00,42,45,87
2024-03-04 09:30:00,40,49,89
2024-03-04 09:40:00,46,51,97
2024-03-04 09:50:00,42,48,90
2024-03-04 10:00:00,34,34,68
2024-03-04 10:10:00,33,41,74
2024-03-04 10:20:00,31,51,82
2024-03-04 10:30:00,53,54,107
2024-03-04 10:40:00,47,48,95
2024-03-04 10:50:00,40,48,88
2024-03-04 11:00:00,28,40,68
2024-03-04 11:10:00,41,45,86
2024-03-04 11:20:00,42,43,85
2024-03-04 11:30:00,28,48,76
2024-03-04 11:40:00,42,48,90
2024-03-04 11:50:00,51,49,100
2024-03-04 12:00:00,55,54,109
2024-03-04 12:10:00,39,55,94
2024-03-04 12:20:00,51,49,100
2024-03-04 12:30:00,49,50,99
2024-03-04 12:40:00,39,45,84
2024-03-04 12:50:00,35,62,97
2024-03-04 13:00:00,42,42,84
2024-03-04 13:10:00,20,44,64
2024-03-04 13:20:00,46,40,86
2024-03-04 13:30:00,42,57,99
2024-03-04 13:40:00,31,54,85
2024-03-04 13:50:00,45,48,93
2024-03-04 14:00:00,43,43,86
2024-03-04 14:10:00,48,53,101
2024-03-04 14:20:00,48,51,99
2024-03-04 14:30:00,47,52,99
2024-03-04 14:40:00,39,48,87
2024-03-04 14:50:00,56,58,114
2024-03-04 15:00:00,59,69,128
2024-03-04 15:10:00,39,53,92
2024-03-04 15:20:00,49,46,95
2024-03-04 15:30:00,49,56,105
2024-03-04 15:40:00,30,63,93
2024-03-04 15:50:00,48,61,109
2024-03-04 16:00:00,25,43,68
2024-03-04 16:10:00,39,42,81
2024-03-04 16:20:00,38,46,84
2024-03-04 16:30:00,40,53,93
2024-03-04 16:40:00,63,60,123
2024-03-04 16:50:00,44,43,87
2024-03-04 17:00:00,39,44,83
2024-03-04 17:10:00,48,53,101
2024-03-04 17:20:00,46,65,111
2024-03-04 17:30:00,53,53,106
2024-03-04 17:40:00,43,48,91
2024-03-04 17:50:00,41,55,96
2024-03-04 18:00:00,36,52,88
2024-03-04 18:10:00,30,36,66
2024-03-04 18:20:00,31,53,84
2024-03-04 18:30:00,35,58,93
2024-03-04 18:40:00,31,40,71
2024-03-04 18:50:00,32,44,76
2024-03-04 19:00:00,26,39,65
2024-03-04 19:10:00,38,33,71
2024-03-04 19:20:00,27,43,70
2024-03-04 19:30:00,27,41,68
2024-03-04 19:40:00,23,33,56
2024-03-04 19:50:00,21,58,79
2024-03-04 20:00:00,19,24,43
2024-03-04 20:10:00,16,28,44
2024-03-04 20:20:00,23,21,44
2024-03-04 20:30:00,23,34,57
2024-03-04 20:40:00,10,38,48
2024-03-04 20:50:00,23,27,50
2024-03-04 21:00:00,25,24,49
2024-03-04 21:10:00,20,27,47
2024-03-04 21:20:00,19,16,35
2024-03-04 21:30:00,17,19,36
2024-03-04 21:40:00,15,21,36
2024-03-04 21:50:00,11,18,29
2024-03-04 22:00:00,16,24,40
2024-03-04 22:10:00,14,22,36
2024-03-04 22:20:00,14,20,34
2024-03-04 22:30:00,14,17,31
2024-03-04 22:40:00,14,15,29
2024-03-04 22:50:00,8,6,14
2024-03-04 23:00:00,8,11,19
2024-03-04 23:10:00,11,8,19
2024-03-04 23:20:00,10,19,29
2024-03-04 23:30:00,9,5,14
2024-03-04 23:40:00,6,13,19
2024-03-04 23:50:00,5,6,11
2024-03-05 00:00:00,3,3,6
2024-03-05 00:10:00,1,3,4
2024-03-05 00:20:00,3,10,13
2024-03-05 00:30:00,2,7,9
2024-03-05 00:40:00,0,6,6
2024-03-05 00:50:00,2,4,6
2024-03-05 01:00:00,1,5,6
2024-03-05 01:10:00,1,2,3
2024-03-05 01:20:00,2,2,4
2024-03-05 01:30:00,1,4,5
2024-03-05 01:40:00,2,2,4
2024-03-05 01:50:00,3,3,6
2024-03-05 02:00:00,0,4,4
2024-03-05 02:10:00,0,0,0
2024-03-05 02:20:00,1,2,3
2024-03-05 02:30:00,1,2,3
2024-03-05 02:40:00,0,0,0
2024-03-05 02:50:00,3,0,3
2024-03-05 03:00:00,1,6,7
2024-03-05 03:10:00,0,0,0
2024-03-05 03:20:00,2,2,4
2024-03-05 03:30:00,1,2,3
2024-03-05 03:40:00,1,3,4
2024-03-05 03:50:00,0,2,2
2024-03-05 04:00:00,0,5,5
2024-03-05 04:10:00,0,2,2
2024-03-05 04:20:00,5,6,11
2024-03-05 04:30:00,7,7,14
2024-03-05 04:40:00,4,5,9
2024-03-05 04:50:00,6,9,15
2024-03-05 05:00:00,7,11,18
2024-03-05 05:10:00,6,20,26
2024-03-05 05:20:00,14,17,31
2024-03-05 05:30:00,13,9,22
2024-03-05 05:40:00,16,29,45
2024-03-05 05:50:00,8,46,54
2024-03-05 06:00:00,13,38,51
2024-03-05 06:10:00,18,47,65
2024-03-05 06:20:00,22,46,68
2024-03-05 06:30:00,17,46,63
2024-03-05 06:40:00,21,59,80
2024-03-05 06:50:00,22,51,73
2024-03-05 07:00:00,16,46,62
2024-03-05 07:10:00,21,59,80
2024-03-05 07:20:00,40,33,73
2024-03-05 07:30:00,19,10,29
2024-03-05 07:40:00,36,50,86
2024-03-05 07:50:00,31,49,80
2024-03-05 08:00:00,23,44,67
2024-03-05 08:10:00,33,59,92
2024-03-05 08:20:00,36,51,87
2024-03-05 08:30:00,40,59,99
2024-03-05 08:40:00,39,68,107
2024-03-05 08:50:00,23,54,77
2024-03-05 09:00:00,37,66,103
2024-03-05 09:10:00,37,51,88
2024-03-05 09:20:00,32,56,88
2024-03-05 09:30:00,34,45,79
2024-03-05 09:40:00,39,51,90
2024-03-05 09:50:00,33,59,92
2024-03-05 10:00:00,34,48,82
2024-03-05 10:10:00,24,46,70
2024-03-05 10:20:00,34,57,91
2024-03-05 10:30:00,36,49,85
2024-03-05 10:40:00,47,45,92
2024-03-05 10:50:00,37,48,85
2024-03-05 11:00:00,38,49,87
2024-03-05 11:10:00,38,46,84
2024-03-05 11:20:00,47,55,102
2024-03-05 11:30:00,32,49,81
2024-03-05 11:40:00,37,58,95
2024-03-05 11:50:00,39,54,93
2024-03-05 12:00:00,36,54,90
2024-03-05 12:10:00,29,53,82
2024-03-05 12:20:00,32,52,84
2024-03-05 12:30:00,28,49,77
2024-03-05 12:40:00,55,61,116
2024-03-05 12:50:00,36,48,84
2024-03-05 13:00:00,28,47,75
2024-03-05 13:10:00,42,46,88
2024-03-05 13:20:00,52,45,97
2024-03-05 13:30:00,34,56,90
2024-03-05 13:40:00,28,53,81
2024-03-05 13:50:00,34,51,85
2024-03-05 14:00:00,35,52,87
2024-03-05 14:10:00,31,56,87
2024-03-05 14:20:00,30,54,84
2024-03-05 14:30:00,28,48,76
2024-03-05 14:40:00,28,54,82
2024-03-05 14:50:00,31,50,81
2024-03-05 15:00:00,35,37,72
2024-03-05 15:10:00,38,55,93
2024-03-05 15:20:00,42,52,94
2024-03-05 15:30:00,37,45,82
2024-03-05 15:40:00,39,39,78
2024-03-05 15:50:00,49,41,90
2024-03-05 16:00:00,25,49,74
2024-03-05 16:10:00,55,61,116
2024-03-05 16:20:00,52,61,113
2024-03-05 16:30:00,66,56,122
2024-03-05 16:40:00,40,56,96
2024-03-05 16:50:00,61,52,113
2024-03-05 17:00:00,41,42,83
2024-03-05 17:10:00,43,61,104
2024-03-05 17:20:00,32,48,80
2024-03-05 17:30:00,55,58,113
2024-03-05 17:40:00,30,53,83
2024-03-05 17:50:00,39,56,95
2024-03-05 18:00:00,36,62,98
2024-03-05 18:10:00,35,53,88
2024-03-05 18:20:00,32,51,83
2024-03-05 18:30:00,27,45,72
2024-03-05 18:40:00,32,44,76
2024-03-05 18:50:00,25,44,69
2024-03-05 19:00:00,26,49,75
2024-03-05 19:10:00,25,32,57
2024-03-05 19:20:00,18,37,55
2024-03-05 19:30:00,27,49,76
2024-03-05 19:40:00,23,36,59
2024-03-05 19:50:00,24,34,58
2024-03-05 20:00:00,23,27,50
2024-03-05 20:10:00,22,38,60
2024-03-05 20:20:00,25,41,66
2024-03-05 20:30:00,19,28,47
2024-03-05 20:40:00,21,29,50
2024-03-05 20:50:00,16,35,51
2024-03-05 21:00:00,14,37,51
2024-03-05 21:10:00,26,18,44
2024-03-05 21:20:00,20,30,50
2024-03-05 21:30:00,15,30,45
2024-03-05 21:40:00,9,15,24
2024-03-05 21:50:00,15,26,41
2024-03-05 22:00:00,25,22,47
2024-03-05 22:10:00,22,30,52
2024-03-05 22:20:00,16,29,45
2024-03-05 22:30:00,10,18,28
2024-03-05 22:40:00,13,15,28
2024-03-05 22:50:00,7,7,14
2024-03-05 23:00:00,9,8,17
2024-03-05 23:10:00,9,7,16
2024-03-05 23:20:00,4,10,14
2024-03-05 23:30:00,11,9,20
2024-03-05 23:40:00,3,4,7
2024-03-05 23:50:00,3,15,18
2024-03-06 00:00:00,8,4,12
2024-03-06 00:10:00,4,3,7
2024-03-06 00:20:00,3,6,9
2024-03-06 00:30:00,3,8,11
2024-03-06 00:40:00,5,10,15
2024-03-06 00:50:00,2,6,8
2024-03-06 01:00:00,1,12,13
2024-03-06 01:10:00,2,3,5
2024-03-06 01:20:00,3,3,6
2024-03-06 01:30:00,2,0,2
2024-03-06 01:40:00,3,5,8
2024-03-06 01:50:00,4,2,6
2024-03-06 02:00:00,2,0,2
2024-03-06 02:10:00,1,2,3
2024-03-06 02:20:00,0,3,3
2024-03-06 02:30:00,3,4,7
2024-03-06 02:40:00,2,4,6
2024-03-06 02:50:00,3,4,7
2024-03-06 03:00:00,1,0,1
2024-03-06 03:10:00,0,0,0
2024-03-06 03:20:00,1,2,3
2024-03-06 03:30:00,0,0,0
2024-03-06 03:40:00,2,4,6
2024-03-06 03:50:00,2,3,5
2024-03-06 04:00:00,2,1,3
2024-03-06 04:10:00,2,3,5
2024-03-06 04:20:00,5,9,14
2024-03-06 04:30:00,4,2,6
2024-03-06 04:40:00,4,12,16
2024-03-06 04:50:00,5,2,7
2024-03-06 05:00:00,8,4,12
2024-03-06 05:10:00,4,13,17
2024-03-06 05:20:00,14,23,37
2024-03-06 05:30:00,9,19,28
2024-03-06 05:40:00,10,30,40
2024-03-06 05:50:00,8,42,50
2024-03-06 06:00:00,18,38,56
2024-03-06 06:10:00,15,47,62
2024-03-06 06:20:00,12,41,53
2024-03-06 06:30:00,22,43,65
2024-03-06 06:40:00,16,39,55
2024-03-06 06:50:00,27,62,89
2024-03-06 07:00:00,21,44,65
2024-03-06 07:10:00,24,58,82
2024-03-06 07:20:00,27,45,72
2024-03-06 07:30:00,33,55,88
2024-03-06 07:40:00,33,54,87
2024-03-06 07:50:00,31,45,76
2024-03-06 08:00:00,34,53,87
2024-03-06 08:10:00,29,53,82
2024-03-06 08:20:00,24,44,68
2024-03-06 08:30:00,36,54,90
2024-03-06 08:40:00,31,58,89
2024-03-06 08:50:00,34,47,81
2024-03-06 09:00:00,30,47,77
2024-03-06 09:10:00,38,44,82
2024-03-06 09:20:00,34,39,73
2024-03-06 09:30:00,32,65,97
2024-03-06 09:40:00,38,45,83
2024-03-06 09:50:00,37,56,93
2024-03-06 10:00:00,36,43,79
2024-03-06 10:10:00,41,52,93
2024-03-06 10:20:00,32,49,81
2024-03-06 10:30:00,57,59,116
2024-03-06 10:40:00,41,53,94
2024-03-06 10:50:00,35,56,91
2024-03-06 11:00:00,46,52,98
2024-03-06 11:10:00,33,51,84
2024-03-06 11:20:00,40,47,87
2024-03-06 11:30:00,38,41,79
2024-03-06 11:40:00,44,48,92
2024-03-06 11:50:00,49,43,92
2024-03-06 12:00:00,52,50,102
2024-03-06 12:10:00,34,42,76
2024-03-06 12:20:00,43,49,92
2024-03-06 12:30:00,43,45,88
2024-03-06 12:40:00,39,47,86
2024-03-06 12:50:00,34,48,82
2024-03-06 13:00:00,42,40,82
2024-03-06 13:10:00,42,60,102
2024-03-06 13:20:00,44,55,99
2024-03-06 13:30:00,34,50,84
2024-03-06 13:40:00,33,43,76
2024-03-06 13:50:00,40,49,89
2024-03-06 14:00:00,44,52,96
2024-03-06 14:10:00,30,52,82
2024-03-06 14:20:00,40,50,90
2024-03-06 14:30:00,35,50,85
2024-03-06 14:40:00,20,51,71
2024-03-06 14:50:00,43,49,92
2024-03-06 15:00:00,40,56,96
2024-03-06 15:10:00,43,58,101
2024-03-06 15:20:00,50,56,106
2024-03-06 15:30:00,55,54,109
2024-03-06 15:40:00,34,52,86
2024-03-06 15:50:00,44,50,94
2024-03-06 16:00:00,32,58,90
2024-03-06 16:10:00,39,54,93
2024-03-06 16:20:00,39,52,91
2024-03-06 16:30:00,53,70,123
2024-03-06 16:40:00,36,40,76
2024-03-06 16:50:00,37,50,87
2024-03-06 17:00:00,53,58,111
2024-03-06 17:10:00,36,38,74
2024-03-06 17:20:00,47,64,111
2024-03-06 17:30:00,52,61,113
2024-03-06 17:40:00,38,57,95
2024-03-06 17:50:00,36,54,90
2024-03-06 18:00:00,43,62,105
2024-03-06 18:10:00,42,43,85
2024-03-06 18:20:00,21,58,79
2024-03-06 18:30:00,34,44,78
2024-03-06 18:40:00,25,36,61
2024-03-06 18:50:00,31,37,68
2024-03-06 19:00:00,29,35,64
2024-03-06 19:10:00,28,34,62
2024-03-06 19:20:00,28,30,58
2024-03-06 19:30:00,22,45,67
2024-03-06 19:40:00,34,40,74
2024-03-06 19:50:00,26,31,57
2024-03-06 20:00:00,26,23,49
2024-03-06 20:10:00,18,35,53
2024-03-06 20:20:00,23,23,46
2024-03-06 20:30:00,18,17,35
2024-03-06 20:40:00,21,21,42
2024-03-06 20:50:00,23,26,49
2024-03-06 21:00:00,17,29,46
2024-03-06 21:10:00,22,21,43
2024-03-06 21:20:00,19,18,37
2024-03-06 21:30:00,22,32,54
2024-03-06 21:40:00,19,22,41
2024-03-06 21:50:00,30,20,50
2024-03-06 22:00:00,19,22,41
2024-03-06 22:10:00,17,35,52
2024-03-06 22:20:00,15,15,30
2024-03-06 22:30:00,15,20,35
2024-03-06 22:40:00,12,15,27
2024-03-06 22:50:00,18,12,30
2024-03-06 23:00:00,17,13,30
2024-03-06 23:10:00,12,13,25
2024-03-06 23:20:00,8,19,27
2024-03-06 23:30:00,7,12,19
2024-03-06 23:40:00,11,5,16
2024-03-06 23:50:00,1,12,13
2024-03-07 00:00:00,9,4,13
2024-03-07 00:10:00,4,7,11
2024-03-07 00:20:00,2,7,9
2024-03-07 00:30:00,5,4,9
2024-03-07 00:40:00,1,8,9
2024-03-07 00:50:00,5,7,12
2024-03-07 01:00:00,4,6,10
2024-03-07 01:10:00,2,5,7
2024-03-07 01:20:00,0,2,2
2024-03-07 01:30:00,1,5,6
2024-03-07 01:40:00,3,2,5
2024-03-07 01:50:00,1,1,2
2024-03-07 02:00:00,0,6,6
2024-03-07 02:10:00,1,2,3
2024-03-07 02:20:00,0,0,0
2024-03-07 02:30:00,3,3,6
2024-03-07 02:40:00,1,4,5
2024-03-07 02:50:00,1,0,1
2024-03-07 03:00:00,2,2,4
2024-03-07 03:10:00,0,10,10
2024-03-07 03:20:00,3,1,4
2024-03-07 03:30:00,4,2,6
2024-03-07 03:40:00,1,2,3
2024-03-07 03:50:00,2,1,3
2024-03-07 04:00:00,1,11,12
2024-03-07 04:10:00,4,5,9
2024-03-07 04:20:00,1,3,4
2024-03-07 04:30:00,7,5,12
2024-03-07 04:40:00,4,9,13
2024-03-07 04:50:00,4,4,8
2024-03-07 05:00:00,7,4,11
2024-03-07 05:10:00,12,16,28
2024-03-07 05:20:00,13,22,35
2024-03-07 05:30:00,9,23,32
2024-03-07 05:40:00,10,35,45
2024-03-07 05:50:00,14,41,55
2024-03-07 06:00:00,11,28,39
2024-03-07 06:10:00,10,40,50
2024-03-07 06:20:00,15,47,62
2024-03-07 06:30:00,20,30,50
2024-03-07 06:40:00,15,47,62
2024-03-07 06:50:00,19,56,75
2024-03-07 07:00:00,22,45,67
2024-03-07 07:10:00,28,53,81
2024-03-07 07:20:00,40,57,97
2024-03-07 07:30:00,31,47,78
2024-03-07 07:40:00,26,43,69
2024-03-07 07:50:00,24,43,67
2024-03-07 08:00:00,21,58,79
2024-03-07 08:10:00,30,53,83
2024-03-07 08:20:00,30,53,83
2024-03-07 08:30:00,40,38,78
2024-03-07 08:40:00,30,31,61
2024-03-07 08:50:00,28,51,79
2024-03-07 09:00:00,44,34,78
2024-03-07 09:10:00,28,61,89
2024-03-07 09:20:00,36,59,95
2024-03-07 09:30:00,44,58,102
2024-03-07 09:40:00,45,57,102
2024-03-07 09:50:00,13,68,81
2024-03-07 10:00:00,45,40,85
2024-03-07 10:10:00,44,42,86
2024-03-07 10:20:00,25,54,79
2024-03-07 10:30:00,42,63,105
2024-03-07 10:40:00,33,51,84
2024-03-07 10:50:00,41,67,108
2024-03-07 11:00:00,50,51,101
2024-03-07 11:10:00,43,46,89
2024-03-07 11:20:00,39,48,87
2024-03-07 11:30:00,40,47,87
2024-03-07 11:40:00,45,51,96
2024-03-07 11:50:00,38,49,87
2024-03-07 12:00:00,42,58,100
2024-03-07 12:10:00,38,59,97
2024-03-07 12:20:00,43,63,106
2024-03-07 12:30:00,45,56,101
2024-03-07 12:40:00,40,58,98
2024-03-07 12:50:00,42,53,95
2024-03-07 13:00:00,53,51,104
2024-03-07 13:10:00,41,37,78
2024-03-07 13:20:00,32,45,77
2024-03-07 13:30:00,43,46,89
2024-03-07 13:40:00,55,36,91
2024-03-07 13:50:00,41,42,83
2024-03-07 14:00:00,32,40,72
2024-03-07 14:10:00,39,41,80
2024-03-07 14:20:00,52,36,88
2024-03-07 14:30:00,56,52,108
2024-03-07 14:40:00,31,33,64
2024-03-07 14:50:00,56,60,116
2024-03-07 15:00:00,51,49,100
2024-03-07 15:10:00,52,70,122
2024-03-07 15:20:00,47,70,117
2024-03-07 15:30:00,44,59,103
2024-03-07 15:40:00,37,58,95
2024-03-07 15:50:00,48,50,98
2024-03-07 16:00:00,43,55,98
2024-03-07 16:10:00,39,69,108
2024-03-07 16:20:00,37,51,88
2024-03-07 16:30:00,51,63,114
2024-03-07 16:40:00,32,49,81
2024-03-07 16:50:00,62,40,102
2024-03-07 17:00:00,39,48,87
2024-03-07 17:10:00,32,31,63
2024-03-07 17:20:00,49,52,101
2024-03-07 17:30:00,37,54,91
2024-03-07 17:40:00,44,57,101
2024-03-07 17:50:00,32,52,84
2024-03-07 18:00:00,34,50,84
2024-03-07 18:10:00,25,43,68
2024-03-07 18:20:00,22,68,90
2024-03-07 18:30:00,29,30,59
2024-03-07 18:40:00,26,43,69
2024-03-07 18:50:00,27,37,64
2024-03-07 19:00:00,27,35,62
2024-03-07 19:10:00,33,40,73
2024-03-07 19:20:00,21,40,61
2024-03-07 19:30:00,25,41,66
2024-03-07 19:40:00,18,36,54
2024-03-07 19:50:00,21,32,53
2024-03-07 20:00:00,29,35,64
2024-03-07 20:10:00,18,38,56
2024-03-07 20:20:00,26,21,47
2024-03-07 20:30:00,19,24,43
2024-03-07 20:40:00,23,31,54
2024-03-07 20:50:00,22,23,45
2024-03-07 21:00:00,19,24,43
2024-03-07 21:10:00,21,28,49
2024-03-07 21:20:00,22,21,43
2024-03-07 21:30:00,14,21,35
2024-03-07 21:40:00,16,21,37
2024-03-07 21:50:00,10,30,40
2024-03-07 22:00:00,11,21,32
2024-03-07 22:10:00,17,26,43
2024-03-07 22:20:00,22,19,41
2024-03-07 22:30:00,19,27,46
2024-03-07 22:40:00,12,11,23
2024-03-07 22:50:00,12,22,34
2024-03-07 23:00:00,14,16,30
2024-03-07 23:10:00,9,11,20
2024-03-07 23:20:00,9,13,22
2024-03-07 23:30:00,7,12,19
2024-03-07 23:40:00,11,3,14
2024-03-07 23:50:00,6,18,24
2024-03-08 00:00:00,3,8,11
2024-03-08 00:10:00,6,9,15
2024-03-08 00:20:00,6,6,12
2024-03-08 00:30:00,5,7,12
2024-03-08 00:40:00,5,5,10
2024-03-08 00:50:00,0,5,5
2024-03-08 01:00:00,3,14,17
2024-03-08 01:10:00,4,3,7
2024-03-08 01:20:00,2,3,5
2024-03-08 01:30:00,0,3,3
2024-03-08 01:40:00,0,2,2
2024-03-08 01:50:00,2,6,8
2024-03-08 02:00:00,1,5,6
2024-03-08 02:10:00,0,3,3
2024-03-08 02:20:00,0,7,7
2024-03-08 02:30:00,1,0,1
2024-03-08 02:40:00,2,1,3
2024-03-08 02:50:00,4,1,5
2024-03-08 03:00:00,1,2,3
2024-03-08 03:10:00,1,0,1
2024-03-08 03:20:00,0,0,0
2024-03-08 03:30:00,1,4,5
2024-03-08 03:40:00,1,3,4
2024-03-08 03:50:00,3,2,5
2024-03-08 04:00:00,2,5,7
2024-03-08 04:10:00,2,7,9
2024-03-08 04:20:00,3,4,7
2024-03-08 04:30:00,4,2,6
2024-03-08 04:40:00,4,5,9
2024-03-08 04:50:00,2,11,13
2024-03-08 05:00:00,8,7,15
2024-03-08 05:10:00,6,15,21
2024-03-08 05:20:00,12,24,36
2024-03-08 05:30:00,8,21,29
2024-03-08 05:40:00,11,31,42
2024-03-08 05:50:00,7,34,41
2024-03-08 06:00:00,15,32,47
2024-03-08 06:10:00,11,28,39
2024-03-08 06:20:00,15,38,53
2024-03-08 06:30:00,14,25,39
2024-03-08 06:40:00,21,47,68
2024-03-08 06:50:00,15,43,58
2024-03-08 07:00:00,22,50,72
2024-03-08 07:10:00,32,67,99
2024-03-08 07:20:00,31,50,81
2024-03-08 07:30:00,22,53,75
2024-03-08 07:40:00,31,45,76
2024-03-08 07:50:00,34,48,82
2024-03-08 08:00:00,28,65,93
2024-03-08 08:10:00,27,51,78
2024-03-08 08:20:00,29,56,85
2024-03-08 08:30:00,24,56,80
2024-03-08 08:40:00,26,43,69
2024-03-08 08:50:00,31,59,90
2024-03-08 09:00:00,28,59,87
2024-03-08 09:10:00,34,55,89
2024-03-08 09:20:00,49,58,107
2024-03-08 09:30:00,36,56,92
2024-03-08 09:40:00,48,67,115
2024-03-08 09:50:00,28,59,87
2024-03-08 10:00:00,46,53,99
2024-03-08 10:10:00,44,63,107
2024-03-08 10:20:00,52,68,120
2024-03-08 10:30:00,40,55,95
2024-03-08 10:40:00,40,57,97
2024-03-08 10:50:00,39,67,106
2024-03-08 11:00:00,37,60,97
2024-03-08 11:10:00,55,59,114
2024-03-08 11:20:00,50,45,95
2024-03-08 11:30:00,34,53,87
2024-03-08 11:40:00,47,50,97
2024-03-08 11:50:00,47,50,97
2024-03-08 12:00:00,53,62,115
2024-03-08 12:10:00,42,49,91
2024-03-08 12:20:00,48,66,114
2024-03-08 12:30:00,44,67,111
2024-03-08 12:40:00,39,55,94
2024-03-08 12:50:00,41,54,95
2024-03-08 13:00:00,34,60,94
2024-03-08 13:10:00,46,58,104
2024-03-08 13:20:00,37,49,86
2024-03-08 13:30:00,44,53,97
2024-03-08 13:40:00,55,37,92
2024-03-08 13:50:00,50,58,108
2024-03-08 14:00:00,41,57,98
2024-03-08 14:10:00,45,43,88
2024-03-08 14:20:00,54,43,97
2024-03-08 14:30:00,51,54,105
2024-03-08 14:40:00,50,49,99
2024-03-08 14:50:00,46,57,103
2024-03-08 15:00:00,55,59,114
2024-03-08 15:10:00,47,56,103
2024-03-08 15:20:00,47,59,106
2024-03-08 15:30:00,49,40,89
2024-03-08 15:40:00,46,45,91
2024-03-08 15:50:00,46,48,94
2024-03-08 16:00:00,37,54,91
2024-03-08 16:10:00,41,54,95
2024-03-08 16:20:00,55,46,101
2024-03-08 16:30:00,49,58,107
2024-03-08 16:40:00,42,63,105
2024-03-08 16:50:00,55,67,122
2024-03-08 17:00:00,37,45,82
2024-03-08 17:10:00,55,41,96
2024-03-08 17:20:00,35,44,79
2024-03-08 17:30:00,54,51,105
2024-03-08 17:40:00,35,58,93
2024-03-08 17:50:00,39,60,99
2024-03-08 18:00:00,28,68,96
2024-03-08 18:10:00,42,65,107
2024-03-08 18:20:00,28,60,88
2024-03-08 18:30:00,27,59,86
2024-03-08 18:40:00,25,44,69
2024-03-08 18:50:00,25,62,87
2024-03-08 19:00:00,32,42,74
2024-03-08 19:10:00,26,41,67
2024-03-08 19:20:00,30,43,73
2024-03-08 19:30:00,26,38,64
2024-03-08 19:40:00,18,38,56
2024-03-08 19:50:00,25,38,63
2024-03-08 20:00:00,21,37,58
2024-03-08 20:10:00,21,37,58
2024-03-08 20:20:00,20,22,42
2024-03-08 20:30:00,15,24,39
2024-03-08 20:40:00,15,30,45
2024-03-08 20:50:00,20,29,49
2024-03-08 21:00:00,25,16,41
2024-03-08 21:10:00,26,35,61
2024-03-08 21:20:00,20,27,47
2024-03-08 21:30:00,20,20,40
2024-03-08 21:40:00,21,31,52
2024-03-08 21:50:00,11,25,36
2024-03-08 22:00:00,21,23,44
2024-03-08 22:10:00,21,43,64
2024-03-08 22:20:00,19,35,54
2024-03-08 22:30:00,18,31,49
2024-03-08 22:40:00,12,21,33
2024-03-08 22:50:00,22,16,38
2024-03-08 23:00:00,12,19,31
2024-03-08 23:10:00,18,35,53
2024-03-08 23:20:00,11,22,33
2024-03-08 23:30:00,12,17,29
2024-03-08 23:40:00,8,25,33
2024-03-08 23:50:00,7,19,26
2024-03-09 00:00:00,16,19,35
2024-03-09 00:10:00,12,19,31
2024-03-09 00:20:00,11,12,23
2024-03-09 00:30:00,9,12,21
2024-03-09 00:40:00,8,9,17
2024-03-09 00:50:00,7,13,20
2024-03-09 01:00:00,13,18,31
2024-03-09 01:10:00,8,7,15
2024-03-09 01:20:00,4,9,13
2024-03-09 01:30:00,4,8,12
2024-03-09 01:40:00,6,6,12
2024-03-09 01:50:00,6,4,10
2024-03-09 02:00:00,4,4,8
2024-03-09 02:10:00,4,13,17
2024-03-09 02:20:00,1,10,11
2024-03-09 02:30:00,4,7,11
2024-03-09 02:40:00,2,13,15
2024-03-09 02:50:00,2,6,8
2024-03-09 03:00:00,2,2,4
2024-03-09 03:10:00,5,4,9
2024-03-09 03:20:00,4,6,10
2024-03-09 03:30:00,2,5,7
2024-03-09 03:40:00,6,3,9
2024-03-09 03:50:00,3,6,9
2024-03-09 04:00:00,2,3,5
2024-03-09 04:10:00,5,14,19
2024-03-09 04:20:00,2,8,10
2024-03-09 04:30:00,6,2,8
2024-03-09 04:40:00,1,1,2
2024-03-09 04:50:00,2,5,7
2024-03-09 05:00:00,0,3,3
2024-03-09 05:10:00,3,11,14
2024-03-09 05:20:00,0,9,9
2024-03-09 05:30:00,7,6,13
2024-03-09 05:40:00,7,13,20
2024-03-09 05:50:00,2,12,14
2024-03-09 06:00:00,5,3,8
2024-03-09 06:10:00,6,16,22
2024-03-09 06:20:00,8,16,24
2024-03-09 06:30:00,12,17,29
2024-03-09 06:40:00,8,20,28
2024-03-09 06:50:00,5,20,25
2024-03-09 07:00:00,12,18,30
2024-03-09 07:10:00,13,20,33
2024-03-09 07:20:00,7,16,23
2024-03-09 07:30:00,13,17,30
2024-03-09 07:40:00,17,31,48
2024-03-09 07:50:00,23,27,50
2024-03-09 08:00:00,16,33,49
2024-03-09 08:10:00,18,33,51
2024-03-09 08:20:00,19,22,41
2024-03-09 08:30:00,29,39,68
2024-03-09 08:40:00,27,37,64
2024-03-09 08:50:00,24,32,56
2024-03-09 09:00:00,30,51,81
2024-03-09 09:10:00,24,44,68
2024-03-09 09:20:00,34,36,70
2024-03-09 09:30:00,30,47,77
2024-03-09 09:40:00,48,59,107
2024-03-09 09:50:00,34,56,90
2024-03-09 10:00:00,39,45,84
2024-03-09 10:10:00,43,54,97
2024-03-09 10:20:00,45,49,94
2024-03-09 10:30:00,39,49,88
2024-03-09 10:40:00,43,43,86
2024-03-09 10:50:00,38,46,84
2024-03-09 11:00:00,51,44,95
2024-03-09 11:10:00,51,45,96
2024-03-09 11:20:00,52,62,114
2024-03-09 11:30:00,46,68,114
2024-03-09 11:40:00,26,63,89
2024-03-09 11:50:00,83,74,157
2024-03-09 12:00:00,38,66,104
2024-03-09 12:10:00,23,51,74
2024-03-09 12:20:00,55,54,109
2024-03-09 12:30:00,34,40,74
2024-03-09 12:40:00,54,51,105
2024-03-09 12:50:00,53,71,124
2024-03-09 13:00:00,44,73,117
2024-03-09 13:10:00,58,57,115
2024-03-09 13:20:00,46,47,93
2024-03-09 13:30:00,45,60,105
2024-03-09 13:40:00,44,46,90
2024-03-09 13:50:00,55,49,104
2024-03-09 14:00:00,42,46,88
2024-03-09 14:10:00,68,53,121
2024-03-09 14:20:00,49,52,101
2024-03-09 14:30:00,42,56,98
2024-03-09 14:40:00,41,63,104
2024-03-09 14:50:00,52,47,99
2024-03-09 15:00:00,44,54,98
2024-03-09 15:10:00,42,43,85
2024-03-09 15:20:00,48,59,107
2024-03-09 15:30:00,39,51,90
2024-03-09 15:40:00,44,59,103
2024-03-09 15:50:00,41,54,95
2024-03-09 16:00:00,40,50,90
2024-03-09 16:10:00,53,55,108
2024-03-09 16:20:00,37,39,76
2024-03-09 16:30:00,39,54,93
2024-03-09 16:40:00,46,60,106
2024-03-09 16:50:00,41,54,95
2024-03-09 17:00:00,45,50,95
2024-03-09 17:10:00,45,63,108
2024-03-09 17:20:00,36,45,81
2024-03-09 17:30:00,36,70,106
2024-03-09 17:40:00,42,44,86
2024-03-09 17:50:00,36,42,78
2024-03-09 18:00:00,38,46,84
2024-03-09 18:10:00,45,55,100
2024-03-09 18:20:00,41,53,94
2024-03-09 18:30:00,27,38,65
2024-03-09 18:40:00,35,34,69
2024-03-09 18:50:00,24,43,67
2024-03-09 19:00:00,27,30,57
2024-03-09 19:10:00,20,38,58
2024-03-09 19:20:00,24,34,58
2024-03-09 19:30:00,20,28,48
2024-03-09 19:40:00,24,35,59
2024-03-09 19:50:00,22,31,53
2024-03-09 20:00:00,25,29,54
2024-03-09 20:10:00,32,28,60
2024-03-09 20:20:00,17,32,49
2024-03-09 20:30:00,21,19,40
2024-03-09 20:40:00,18,24,42
2024-03-09 20:50:00,25,19,44
2024-03-09 21:00:00,15,33,48
2024-03-09 21:10:00,18,29,47
2024-03-09 21:20:00,16,30,46
2024-03-09 21:30:00,19,33,52
2024-03-09 21:40:00,22,25,47
2024-03-09 21:50:00,16,24,40
2024-03-09 22:00:00,17,17,34
2024-03-09 22:10:00,17,27,44
2024-03-09 22:20:00,12,24,36
2024-03-09 22:30:00,23,25,48
2024-03-09 22:40:00,11,17,28
2024-03-09 22:50:00,14,18,32
2024-03-09 23:00:00,17,21,38
2024-03-09 23:10:00,24,35,59
2024-03-09 23:20:00,18,18,36
2024-03-09 23:30:00,17,18,35
2024-03-09 23:40:00,10,20,30
2024-03-09 23:50:00,12,15,27
2024-03-10 00:00:00,18,12,30
2024-03-10 00:10:00,12,12,24
2024-03-10 00:20:00,10,12,22
2024-03-10 00:30:00,16,16,32
2024-03-10 00:40:00,11,8,19
2024-03-10 00:50:00,8,13,21
2024-03-10 01:00:00,7,11,18
2024-03-10 01:10:00,8,12,20
2024-03-10 01:20:00,6,16,22
2024-03-10 01:30:00,3,10,13
2024-03-10 01:40:00,8,14,22
2024-03-10 01:50:00,4,9,13
2024-03-10 02:00:00,7,3,10
2024-03-10 02:10:00,2,4,6
2024-03-10 02:20:00,5,10,15
2024-03-10 02:30:00,6,6,12
2024-03-10 02:40:00,2,5,7
2024-03-10 02:50:00,2,6,8
2024-03-10 03:00:00,4,2,6
2024-03-10 03:10:00,2,10,12
2024-03-10 03:20:00,0,4,4
2024-03-10 03:30:00,5,5,10
2024-03-10 03:40:00,4,10,14
2024-03-10 03:50:00,2,3,5
2024-03-10 04:00:00,2,7,9
2024-03-10 04:10:00,4,1,5
2024-03-10 04:20:00,9,1,10
2024-03-10 04:30:00,3,6,9
2024-03-10 04:40:00,2,1,3
2024-03-10 04:50:00,4,3,7
2024-03-10 05:00:00,2,4,6
2024-03-10 05:10:00,0,3,3
2024-03-10 05:20:00,4,4,8
2024-03-10 05:30:00,2,0,2
2024-03-10 05:40:00,6,6,12
2024-03-10 05:50:00,3,2,5
2024-03-10 06:00:00,1,3,4
2024-03-10 06:10:00,3,6,9
2024-03-10 06:20:00,4,6,10
2024-03-10 06:30:00,4,6,10
2024-03-10 06:40:00,6,8,14
2024-03-10 06:50:00,2,5,7
2024-03-10 07:00:00,5,11,16
2024-03-10 07:10:00,12,11,23
2024-03-10 07:20:00,14,9,23
2024-03-10 07:30:00,13,17,30
2024-03-10 07:40:00,6,12,18
2024-03-10 07:50:00,6,13,19
2024-03-10 08:00:00,12,23,35
2024-03-10 08:10:00,12,16,28
2024-03-10 08:20:00,16,23,39
2024-03-10 08:30:00,15,16,31
2024-03-10 08:40:00,19,21,40
2024-03-10 08:50:00,12,22,34
2024-03-10 09:00:00,15,28,43
2024-03-10 09:10:00,22,35,57
2024-03-10 09:20:00,25,32,57
2024-03-10 09:30:00,29,32,61
2024-03-10 09:40:00,33,44,77
2024-03-10 09:50:00,25,32,57
2024-03-10 10:00:00,20,44,64
2024-03-10 10:10:00,29,37,66
2024-03-10 10:20:00,25,33,58
2024-03-10 10:30:00,20,31,51
2024-03-10 10:40:00,24,36,60
2024-03-10 10:50:00,38,47,85
2024-03-10 11:00:00,34,35,69
2024-03-10 11:10:00,35,41,76
2024-03-10 11:20:00,37,38,75
2024-03-10 11:30:00,34,42,76
2024-03-10 11:40:00,40,39,79
2024-03-10 11:50:00,36,42,78
2024-03-10 12:00:00,41,46,87
2024-03-10 12:10:00,33,48,81
2024-03-10 12:20:00,42,49,91
2024-03-10 12:30:00,26,49,75
2024-03-10 12:40:00,49,51,100
2024-03-10 12:50:00,39,47,86
2024-03-10 13:00:00,41,42,83
2024-03-10 13:10:00,38,43,81
2024-03-10 13:20:00,41,45,86
2024-03-10 13:30:00,36,48,84
2024-03-10 13:40:00,35,39,74
2024-03-10 13:50:00,33,46,79
2024-03-10 14:00:00,53,51,104
2024-03-10 14:10:00,33,48,81
2024-03-10 14:20:00,29,42,71
2024-03-10 14:30:00,45,46,91
2024-03-10 14:40:00,40,41,81
2024-03-10 14:50:00,40,50,90
2024-03-10 15:00:00,44,49,93
2024-03-10 15:10:00,59,59,118
2024-03-10 15:20:00,36,50,86
2024-03-10 15:30:00,45,40,85
2024-03-10 15:40:00,43,45,88
2024-03-10 15:50:00,39,45,84
2024-03-10 16:00:00,32,51,83
2024-03-10 16:10:00,38,55,93
2024-03-10 16:20:00,35,51,86
2024-03-10 16:30:00,35,46,81
2024-03-10 16:40:00,37,44,81
2024-03-10 16:50:00,26,44,70
2024-03-10 17:00:00,60,55,115
2024-03-10 17:10:00,28,48,76
2024-03-10 17:20:00,30,45,75
2024-03-10 17:30:00,49,45,94
2024-03-10 17:40:00,46,53,99
2024-03-10 17:50:00,29,38,67
2024-03-10 18:00:00,27,43,70
2024-03-10 18:10:00,28,36,64
2024-03-10 18:20:00,31,32,63
2024-03-10 18:30:00,25,36,61
2024-03-10 18:40:00,28,26,54
2024-03-10 18:50:00,23,34,57
2024-03-10 19:00:00,14,29,43
2024-03-10 19:10:00,18,30,48
2024-03-10 19:20:00,19,42,61
2024-03-10 19:30:00,22,35,57
2024-03-10 19:40:00,16,27,43
2024-03-10 19:50:00,21,27,48
2024-03-10 20:00:00,17,27,44
2024-03-10 20:10:00,14,35,49
2024-03-10 20:20:00,20,24,44
2024-03-10 20:30:00,12,31,43
2024-03-10 20:40:00,19,25,44
2024-03-10 20:50:00,17,22,39
2024-03-10 21:00:00,16,25,41
2024-03-10 21:10:00,16,21,37
2024-03-10 21:20:00,11,16,27
2024-03-10 21:30:00,16,18,34
2024-03-10 21:40:00,12,15,27
2024-03-10 21:50:00,11,17,28
2024-03-10 22:00:00,15,33,48
2024-03-10 22:10:00,13,11,24
2024-03-10 22:20:00,8,12,20
2024-03-10 22:30:00,9,8,17
2024-03-10 22:40:00,9,12,21
2024-03-10 22:50:00,9,9,18
2024-03-10 23:00:00,7,9,16
2024-03-10 23:10:00,9,7,16
2024-03-10 23:20:00,9,8,17
2024-03-10 23:30:00,5,4,9
2024-03-10 23:40:00,1,3,4
2024-03-10 23:50:00,3,9,12
2024-03-11 00:00:00,7,8,15
2024-03-11 00:10:00,2,4,6
2024-03-11 00:20:00,5,6,11
2024-03-11 00:30:00,5,5,10
2024-03-11 00:40:00,2,3,5
2024-03-11 00:50:00,6,4,10
2024-03-11 01:00:00,3,4,7
2024-03-11 01:10:00,4,3,7
2024-03-11 01:20:00,1,3,4
2024-03-11 01:30:00,0,1,1
2024-03-11 01:40:00,0,3,3
2024-03-11 01:50:00,6,1,7
2024-03-11 02:00:00,3,0,3
2024-03-11 02:10:00,1,0,1
2024-03-11 02:20:00,2,3,5
2024-03-11 02:30:00,0,0,0
2024-03-11 02:40:00,1,2,3
2024-03-11 02:50:00,1,0,1
2024-03-11 03:00:00,3,0,3
2024-03-11 03:10:00,2,0,2
2024-03-11 03:20:00,1,0,1
2024-03-11 03:30:00,2,0,2
2024-03-11 03:40:00,1,5,6
2024-03-11 03:50:00,3,1,4
2024-03-11 04:00:00,0,5,5
2024-03-11 04:10:00,2,2,4
2024-03-11 04:20:00,1,6,7
2024-03-11 04:30:00,4,1,5
2024-03-11 04:40:00,7,5,12
2024-03-11 04:50:00,4,10,14
2024-03-11 05:00:00,5,8,13
2024-03-11 05:10:00,8,8,16
2024-03-11 05:20:00,9,16,25
2024-03-11 05:30:00,8,20,28
2024-03-11 05:40:00,10,24,34
2024-03-11 05:50:00,11,23,34
2024-03-11 06:00:00,9,23,32
2024-03-11 06:10:00,9,24,33
2024-03-11 06:20:00,13,27,40
2024-03-11 06:30:00,10,30,40
2024-03-11 06:40:00,16,34,50
2024-03-11 06:50:00,27,67,94
2024-03-11 07:00:00,16,50,66
2024-03-11 07:10:00,20,49,69
2024-03-11 07:20:00,23,49,72
2024-03-11 07:30:00,30,53,83
2024-03-11 07:40:00,22,56,78
2024-03-11 07:50:00,21,48,69
2024-03-11 08:00:00,20,56,76
2024-03-11 08:10:00,24,56,80
2024-03-11 08:20:00,23,47,70
2024-03-11 08:30:00,19,55,74
2024-03-11 08:40:00,24,45,69
2024-03-11 08:50:00,32,55,87
2024-03-11 09:00:00,21,48,69
2024-03-11 09:10:00,21,44,65
2024-03-11 09:20:00,27,44,71
2024-03-11 09:30:00,32,57,89
2024-03-11 09:40:00,27,45,72
2024-03-11 09:50:00,5,46,51
2024-03-11 10:00:00,12,45,57
2024-03-11 10:10:00,29,54,83
2024-03-11 10:20:00,30,63,93
2024-03-11 10:30:00,27,42,69
2024-03-11 10:40:00,17,48,65
2024-03-11 10:50:00,26,51,77
2024-03-11 11:00:00,25,46,71
2024-03-11 11:10:00,33,48,81
2024-03-11 11:20:00,29,56,85
2024-03-11 11:30:00,39,50,89
2024-03-11 11:40:00,37,61,98
2024-03-11 11:50:00,29,49,78
2024-03-11 12:00:00,31,46,77
2024-03-11 12:10:00,43,45,88
2024-03-11 12:20:00,26,48,74
2024-03-11 12:30:00,42,63,105
2024-03-11 12:40:00,37,61,98
2024-03-11 12:50:00,29,51,80
2024-03-11 13:00:00,47,53,100
2024-03-11 13:10:00,37,51,88
2024-03-11 13:20:00,49,56,105
2024-03-11 13:30:00,46,44,90
2024-03-11 13:40:00,30,41,71
2024-03-11 13:50:00,43,60,103
2024-03-11 14:00:00,46,37,83
2024-03-11 14:10:00,42,48,90
2024-03-11 14:20:00,34,41,75
2024-03-11 14:30:00,42,48,90
2024-03-11 14:40:00,47,47,94
2024-03-11 14:50:00,38,59,97
2024-03-11 15:00:00,45,50,95
2024-03-11 15:10:00,40,67,107
2024-03-11 15:20:00,29,54,83
2024-03-11 15:30:00,40,56,96
2024-03-11 15:40:00,41,60,101
2024-03-11 15:50:00,47,64,111
2024-03-11 16:00:00,69,59,128
2024-03-11 16:10:00,42,52,94
2024-03-11 16:20:00,30,57,87
2024-03-11 16:30:00,26,52,78
2024-03-11 16:40:00,53,54,107
2024-03-11 16:50:00,51,49,100
2024-03-11 17:00:00,46,55,101
2024-03-11 17:10:00,29,45,74
2024-03-11 17:20:00,37,57,94
2024-03-11 17:30:00,36,43,79
2024-03-11 17:40:00,33,58,91
2024-03-11 17:50:00,37,54,91
2024-03-11 18:00:00,39,53,92
2024-03-11 18:10:00,20,47,67
2024-03-11 18:20:00,32,51,83
2024-03-11 18:30:00,28,57,85
2024-03-11 18:40:00,31,32,63
2024-03-11 18:50:00,26,32,58
2024-03-11 19:00:00,33,39,72
2024-03-11 19:10:00,29,35,64
2024-03-11 19:20:00,27,40,67
2024-03-11 19:30:00,27,36,63
2024-03-11 19:40:00,26,34,60
2024-03-11 19:50:00,23,30,53
2024-03-11 20:00:00,25,17,42
2024-03-11 20:10:00,25,40,65
2024-03-11 20:20:00,21,27,48
2024-03-11 20:30:00,22,31,53
2024-03-11 20:40:00,20,19,39
2024-03-11 20:50:00,17,22,39
2024-03-11 21:00:00,17,30,47
2024-03-11 21:10:00,21,27,48
2024-03-11 21:20:00,18,28,46
2024-03-11 21:30:00,24,21,45
2024-03-11 21:40:00,10,27,37
2024-03-11 21:50:00,11,11,22
2024-03-11 22:00:00,12,18,30
2024-03-11 22:10:00,14,24,38
2024-03-11 22:20:00,16,21,37
2024-03-11 22:30:00,10,13,23
2024-03-11 22:40:00,13,9,22
2024-03-11 22:50:00,7,12,19
2024-03-11 23:00:00,11,11,22
2024-03-11 23:10:00,7,6,13
2024-03-11 23:20:00,7,8,15
2024-03-11 23:30:00,8,15,23
2024-03-11 23:40:00,2,1,3
2024-03-11 23:50:00,3,7,10
2024-03-12 00:00:00,6,9,15
2024-03-12 00:10:00,5,5,10
2024-03-12 00:20:00,2,8,10
2024-03-12 00:30:00,6,12,18
2024-03-12 00:40:00,4,3,7
2024-03-12 00:50:00,1,2,3
2024-03-12 01:00:00,3,6,9
2024-03-12 01:10:00,2,4,6
2024-03-12 01:20:00,1,3,4
2024-03-12 01:30:00,3,0,3
2024-03-12 01:40:00,3,5,8
2024-03-12 01:50:00,1,3,4
2024-03-12 02:00:00,0,4,4
2024-03-12 02:10:00,1,3,4
2024-03-12 02:20:00,0,1,1
2024-03-12 02:30:00,3,2,5
2024-03-12 02:40:00,0,3,3
2024-03-12 02:50:00,1,4,5
2024-03-12 03:00:00,4,1,5
2024-03-12 03:10:00,4,0,4
2024-03-12 03:20:00,0,5,5
2024-03-12 03:30:00,4,3,7
2024-03-12 03:40:00,2,0,2
2024-03-12 03:50:00,1,2,3
2024-03-12 04:00:00,1,5,6
2024-03-12 04:10:00,3,3,6
2024-03-12 04:20:00,5,3,8
2024-03-12 04:30:00,7,4,11
2024-03-12 04:40:00,2,5,7
2024-03-12 04:50:00,1,8,9
2024-03-12 05:00:00,4,10,14
2024-03-12 05:10:00,8,15,23
2024-03-12 05:20:00,13,22,35
2024-03-12 05:30:00,12,15,27
2024-03-12 05:40:00,13,28,41
2024-03-12 05:50:00,9,41,50
2024-03-12 06:00:00,18,37,55
2024-03-12 06:10:00,18,42,60
2024-03-12 06:20:00,15,57,72
2024-03-12 06:30:00,21,57,78
2024-03-12 06:40:00,22,33,55
2024-03-12 06:50:00,18,59,77
2024-03-12 07:00:00,25,56,81
2024-03-12 07:10:00,23,52,75
2024-03-12 07:20:00,27,49,76
2024-03-12 07:30:00,48,60,108
2024-03-12 07:40:00,24,39,63
2024-03-12 07:50:00,22,54,76
2024-03-12 08:00:00,30,54,84
2024-03-12 08:10:00,32,57,89
2024-03-12 08:20:00,31,70,101
2024-03-12 08:30:00,32,48,80
2024-03-12 08:40:00,34,66,100
2024-03-12 08:50:00,30,47,77
2024-03-12 09:00:00,34,48,82
2024-03-12 09:10:00,30,47,77
2024-03-12 09:20:00,30,54,84
2024-03-12 09:30:00,22,27,49
2024-03-12 09:40:00,23,45,68
2024-03-12 09:50:00,33,37,70
2024-03-12 10:00:00,31,52,83
2024-03-12 10:10:00,34,51,85
2024-03-12 10:20:00,54,49,103
2024-03-12 10:30:00,40,46,86
2024-03-12 10:40:00,38,62,100
2024-03-12 10:50:00,42,58,100
2024-03-12 11:00:00,31,55,86
2024-03-12 11:10:00,43,52,95
2024-03-12 11:20:00,41,54,95
2024-03-12 11:30:00,38,55,93
2024-03-12 11:40:00,38,61,99
2024-03-12 11:50:00,45,51,96
2024-03-12 12:00:00,47,41,88
2024-03-12 12:10:00,52,46,98
2024-03-12 12:20:00,44,49,93
2024-03-12 12:30:00,39,57,96
2024-03-12 12:40:00,40,56,96
2024-03-12 12:50:00,39,57,96
2024-03-12 13:00:00,34,45,79
2024-03-12 13:10:00,44,49,93
2024-03-12 13:20:00,40,53,93
2024-03-12 13:30:00,41,54,95
2024-03-12 13:40:00,42,58,100
2024-03-12 13:50:00,32,46,78
2024-03-12 14:00:00,42,54,96
2024-03-12 14:10:00,29,53,82
2024-03-12 14:20:00,63,62,125
2024-03-12 14:30:00,52,54,106
2024-03-12 14:40:00,34,52,86
2024-03-12 14:50:00,41,59,100
2024-03-12 15:00:00,48,42,90
2024-03-12 15:10:00,36,46,82
2024-03-12 15:20:00,39,56,95
2024-03-12 15:30:00,34,51,85
2024-03-12 15:40:00,35,54,89
2024-03-12 15:50:00,26,57,83
2024-03-12 16:00:00,49,38,87
2024-03-12 16:10:00,37,54,91
2024-03-12 16:20:00,28,55,83
2024-03-12 16:30:00,47,74,121
2024-03-12 16:40:00,42,48,90
2024-03-12 16:50:00,40,53,93
2024-03-12 17:00:00,49,60,109
2024-03-12 17:10:00,52,59,111
2024-03-12 17:20:00,39,54,93
2024-03-12 17:30:00,43,67,110
2024-03-12 17:40:00,42,63,105
2024-03-12 17:50:00,36,58,94
2024-03-12 18:00:00,32,58,90
2024-03-12 18:10:00,31,50,81
2024-03-12 18:20:00,31,45,76
2024-03-12 18:30:00,18,39,57
2024-03-12 18:40:00,31,39,70
2024-03-12 18:50:00,35,45,80
2024-03-12 19:00:00,27,34,61
2024-03-12 19:10:00,23,45,68
2024-03-12 19:20:00,30,47,77
2024-03-12 19:30:00,22,41,63
2024-03-12 19:40:00,21,26,47
2024-03-12 19:50:00,21,29,50
2024-03-12 20:00:00,24,25,49
2024-03-12 20:10:00,23,19,42
2024-03-12 20:20:00,20,21,41
2024-03-12 20:30:00,25,16,41
2024-03-12 20:40:00,14,13,27
2024-03-12 20:50:00,17,23,40
2024-03-12 21:00:00,16,14,30
2024-03-12 21:10:00,18,20,38
2024-03-12 21:20:00,23,19,42
2024-03-12 21:30:00,22,13,35
2024-03-12 21:40:00,13,29,42
2024-03-12 21:50:00,17,19,36
2024-03-12 22:00:00,19,17,36
2024-03-12 22:10:00,18,14,32
2024-03-12 22:20:00,10,17,27
2024-03-12 22:30:00,11,13,24
2024-03-12 22:40:00,11,15,26
2024-03-12 22:50:00,8,8,16
2024-03-12 23:00:00,7,15,22
2024-03-12 23:10:00,3,6,9
2024-03-12 23:20:00,14,18,32
2024-03-12 23:30:00,4,9,13
2024-03-12 23:40:00,5,3,8
2024-03-12 23:50:00,3,3,6
2024-03-13 00:00:00,5,4,9
2024-03-13 00:10:00,5,5,10
2024-03-13 00:20:00,6,9,15
2024-03-13 00:30:00,6,5,11
2024-03-13 00:40:00,1,2,3
2024-03-13 00:50:00,0,4,4
2024-03-13 01:00:00,3,4,7
2024-03-13 01:10:00,1,2,3
2024-03-13 01:20:00,1,3,4
2024-03-13 01:30:00,2,0,2
2024-03-13 01:40:00,1,1,2
2024-03-13 01:50:00,1,3,4
2024-03-13 02:00:00,0,3,3
2024-03-13 02:10:00,5,3,8
2024-03-13 02:20:00,1,1,2
2024-03-13 02:30:00,0,1,1
2024-03-13 02:40:00,1,2,3
2024-03-13 02:50:00,6,4,10
2024-03-13 03:00:00,2,1,3
2024-03-13 03:10:00,3,2,5
2024-03-13 03:20:00,4,0,4
2024-03-13 03:30:00,3,2,5
2024-03-13 03:40:00,3,2,5
2024-03-13 03:50:00,2,1,3
2024-03-13 04:00:00,4,5,9
2024-03-13 04:10:00,5,2,7
2024-03-13 04:20:00,3,5,8
2024-03-13 04:30:00,9,3,12
2024-03-13 04:40:00,2,2,4
2024-03-13 04:50:00,6,7,13
2024-03-13 05:00:00,6,10,16
2024-03-13 05:10:00,5,10,15
2024-03-13 05:20:00,16,19,35
2024-03-13 05:30:00,7,11,18
2024-03-13 05:40:00,12,20,32
2024-03-13 05:50:00,11,32,43
2024-03-13 06:00:00,12,24,36
2024-03-13 06:10:00,13,25,38
2024-03-13 06:20:00,27,37,64
2024-03-13 06:30:00,16,19,35
2024-03-13 06:40:00,21,42,63
2024-03-13 06:50:00,13,54,67
2024-03-13 07:00:00,20,50,70
2024-03-13 07:10:00,22,57,79
2024-03-13 07:20:00,27,57,84
2024-03-13 07:30:00,20,48,68
2024-03-13 07:40:00,21,52,73
2024-03-13 07:50:00,17,42,59
2024-03-13 08:00:00,22,46,68
2024-03-13 08:10:00,21,54,75
2024-03-13 08:20:00,28,59,87
2024-03-13 08:30:00,31,58,89
2024-03-13 08:40:00,24,41,65
2024-03-13 08:50:00,26,45,71
2024-03-13 09:00:00,32,47,79
2024-03-13 09:10:00,31,55,86
2024-03-13 09:20:00,28,44,72
2024-03-13 09:30:00,25,54,79
2024-03-13 09:40:00,33,60,93
2024-03-13 09:50:00,27,53,80
2024-03-13 10:00:00,23,38,61
2024-03-13 10:10:00,36,57,93
2024-03-13 10:20:00,26,49,75
2024-03-13 10:30:00,34,57,91
2024-03-13 10:40:00,20,49,69
2024-03-13 10:50:00,32,52,84
2024-03-13 11:00:00,25,38,63
2024-03-13 11:10:00,31,51,82
2024-03-13 11:20:00,30,49,79
2024-03-13 11:30:00,29,44,73
2024-03-13 11:40:00,24,51,75
2024-03-13 11:50:00,47,65,112
2024-03-13 12:00:00,57,55,112
2024-03-13 12:10:00,45,53,98
2024-03-13 12:20:00,59,61,120
2024-03-13 12:30:00,33,63,96
2024-03-13 12:40:00,28,49,77
2024-03-13 12:50:00,31,47,78
2024-03-13 13:00:00,30,46,76
2024-03-13 13:10:00,37,54,91
2024-03-13 13:20:00,43,50,93
2024-03-13 13:30:00,46,63,109
2024-03-13 13:40:00,37,55,92
2024-03-13 13:50:00,34,47,81
2024-03-13 14:00:00,57,48,105
2024-03-13 14:10:00,35,50,85
2024-03-13 14:20:00,36,63,99
2024-03-13 14:30:00,44,44,88
2024-03-13 14:40:00,35,49,84
2024-03-13 14:50:00,45,60,105
2024-03-13 15:00:00,41,61,102
2024-03-13 15:10:00,51,60,111
2024-03-13 15:20:00,48,68,116
2024-03-13 15:30:00,41,46,87
2024-03-13 15:40:00,40,72,112
2024-03-13 15:50:00,51,52,103
2024-03-13 16:00:00,38,52,90
2024-03-13 16:10:00,32,54,86
2024-03-13 16:20:00,45,53,98
2024-03-13 16:30:00,40,52,92
2024-03-13 16:40:00,47,55,102
2024-03-13 16:50:00,55,50,105
2024-03-13 17:00:00,42,56,98
2024-03-13 17:10:00,44,59,103
2024-03-13 17:20:00,18,50,68
2024-03-13 17:30:00,42,71,113
2024-03-13 17:40:00,31,56,87
2024-03-13 17:50:00,43,52,95
2024-03-13 18:00:00,35,49,84
2024-03-13 18:10:00,29,44,73
2024-03-13 18:20:00,31,50,81
2024-03-13 18:30:00,39,42,81
2024-03-13 18:40:00,28,48,76
2024-03-13 18:50:00,29,49,78
2024-03-13 19:00:00,32,32,64
2024-03-13 19:10:00,30,45,75
2024-03-13 19:20:00,36,42,78
2024-03-13 19:30:00,30,46,76
2024-03-13 19:40:00,30,27,57
2024-03-13 19:50:00,27,35,62
2024-03-13 20:00:00,27,21,48
2024-03-13 20:10:00,25,33,58
2024-03-13 20:20:00,27,30,57
2024-03-13 20:30:00,22,27,49
2024-03-13 20:40:00,17,23,40
2024-03-13 20:50:00,24,21,45
2024-03-13 21:00:00,21,26,47
2024-03-13 21:10:00,24,35,59
2024-03-13 21:20:00,20,32,52
2024-03-13 21:30:00,15,25,40
2024-03-13 21:40:00,15,23,38
2024-03-13 21:50:00,17,28,45
2024-03-13 22:00:00,12,32,44
2024-03-13 22:10:00,18,25,43
2024-03-13 22:20:00,21,28,49
2024-03-13 22:30:00,18,20,38
2024-03-13 22:40:00,16,16,32
2024-03-13 22:50:00,10,16,26
2024-03-13 23:00:00,18,23,41
2024-03-13 23:10:00,15,15,30
2024-03-13 23:20:00,15,17,32
2024-03-13 23:30:00,7,8,15
2024-03-13 23:40:00,4,13,17
2024-03-13 23:50:00,2,8,10
2024-03-14 00:00:00,4,11,15
2024-03-14 00:10:00,5,14,19
2024-03-14 00:20:00,3,10,13
2024-03-14 00:30:00,7,9,16
2024-03-14 00:40:00,3,4,7
2024-03-14 00:50:00,1,8,9
2024-03-14 01:00:00,1,13,14
2024-03-14 01:10:00,6,2,8
2024-03-14 01:20:00,3,4,7
2024-03-14 01:30:00,4,5,9
2024-03-14 01:40:00,3,5,8
2024-03-14 01:50:00,5,4,9
2024-03-14 02:00:00,2,3,5
2024-03-14 02:10:00,4,0,4
2024-03-14 02:20:00,1,10,11
2024-03-14 02:30:00,1,3,4
2024-03-14 02:40:00,3,5,8
2024-03-14 02:50:00,1,2,3
2024-03-14 03:00:00,3,1,4
2024-03-14 03:10:00,0,1,1
2024-03-14 03:20:00,3,2,5
2024-03-14 03:30:00,4,2,6
2024-03-14 03:40:00,1,1,2
2024-03-14 03:50:00,0,4,4
2024-03-14 04:00:00,4,1,5
2024-03-14 04:10:00,0,0,0
2024-03-14 04:20:00,6,8,14
2024-03-14 04:30:00,6,5,11
2024-03-14 04:40:00,3,5,8
2024-03-14 04:50:00,2,10,12
2024-03-14 05:00:00,4,10,14
2024-03-14 05:10:00,7,15,22
2024-03-14 05:20:00,17,17,34
2024-03-14 05:30:00,9,19,28
2024-03-14 05:40:00,9,39,48
2024-03-14 05:50:00,13,28,41
2024-03-14 06:00:00,15,37,52
2024-03-14 06:10:00,12,41,53
2024-03-14 06:20:00,23,33,56
2024-03-14 06:30:00,14,45,59
2024-03-14 06:40:00,24,47,71
2024-03-14 06:50:00,22,48,70
2024-03-14 07:00:00,28,50,78
2024-03-14 07:10:00,27,51,78
2024-03-14 07:20:00,29,55,84
2024-03-14 07:30:00,33,64,97
2024-03-14 07:40:00,26,50,76
2024-03-14 07:50:00,39,46,85
2024-03-14 08:00:00,24,57,81
2024-03-14 08:10:00,23,50,73
2024-03-14 08:20:00,31,43,74
2024-03-14 08:30:00,18,51,69
2024-03-14 08:40:00,32,68,100
2024-03-14 08:50:00,31,54,85
2024-03-14 09:00:00,34,46,80
2024-03-14 09:10:00,50,51,101
2024-03-14 09:20:00,33,54,87
2024-03-14 09:30:00,48,56,104
2024-03-14 09:40:00,40,45,85
2024-03-14 09:50:00,40,58,98
2024-03-14 10:00:00,58,60,118
2024-03-14 10:10:00,45,50,95
2024-03-14 10:20:00,43,39,82
2024-03-14 10:30:00,45,58,103
2024-03-14 10:40:00,37,47,84
2024-03-14 10:50:00,46,43,89
2024-03-14 11:00:00,39,51,90
2024-03-14 11:10:00,39,60,99
2024-03-14 11:20:00,44,53,97
2024-03-14 11:30:00,45,46,91
2024-03-14 11:40:00,37,52,89
2024-03-14 11:50:00,48,65,113
2024-03-14 12:00:00,37,53,90
2024-03-14 12:10:00,44,52,96
2024-03-14 12:20:00,52,56,108
2024-03-14 12:30:00,46,51,97
2024-03-14 12:40:00,47,49,96
2024-03-14 12:50:00,46,46,92
2024-03-14 13:00:00,44,53,97
2024-03-14 13:10:00,41,58,99
2024-03-14 13:20:00,47,48,95
2024-03-14 13:30:00,40,55,95
2024-03-14 13:40:00,35,63,98
2024-03-14 13:50:00,36,61,97
2024-03-14 14:00:00,40,54,94
2024-03-14 14:10:00,45,48,93
2024-03-14 14:20:00,43,51,94
2024-03-14 14:30:00,44,63,107
2024-03-14 14:40:00,34,46,80
2024-03-14 14:50:00,28,43,71
2024-03-14 15:00:00,42,40,82
2024-03-14 15:10:00,47,53,100
2024-03-14 15:20:00,45,39,84
2024-03-14 15:30:00,31,48,79
2024-03-14 15:40:00,48,58,106
2024-03-14 15:50:00,46,62,108
2024-03-14 16:00:00,36,61,97
2024-03-14 16:10:00,51,66,117
2024-03-14 16:20:00,46,62,108
2024-03-14 16:30:00,44,36,80
2024-03-14 16:40:00,48,46,94
2024-03-14 16:50:00,46,54,100
2024-03-14 17:00:00,43,45,88
2024-03-14 17:10:00,39,54,93
2024-03-14 17:20:00,30,46,76
2024-03-14 17:30:00,30,52,82
2024-03-14 17:40:00,36,63,99
2024-03-14 17:50:00,29,61,90
2024-03-14 18:00:00,39,57,96
2024-03-14 18:10:00,30,60,90
2024-03-14 18:20:00,31,56,87
2024-03-14 18:30:00,31,46,77
2024-03-14 18:40:00,24,42,66
2024-03-14 18:50:00,24,43,67
2024-03-14 19:00:00,24,38,62
2024-03-14 19:10:00,24,29,53
2024-03-14 19:20:00,24,44,68
2024-03-14 19:30:00,20,40,60
2024-03-14 19:40:00,26,46,72
2024-03-14 19:50:00,30,33,63
2024-03-14 20:00:00,27,29,56
2024-03-14 20:10:00,32,33,65
2024-03-14 20:20:00,29,28,57
2024-03-14 20:30:00,29,26,55
2024-03-14 20:40:00,16,16,32
2024-03-14 20:50:00,16,33,49
2024-03-14 21:00:00,22,31,53
2024-03-14 21:10:00,23,21,44
2024-03-14 21:20:00,24,22,46
2024-03-14 21:30:00,16,17,33
2024-03-14 21:40:00,16,29,45
2024-03-14 21:50:00,21,32,53
2024-03-14 22:00:00,12,30,42
2024-03-14 22:10:00,19,35,54
2024-03-14 22:20:00,17,20,37
2024-03-14 22:30:00,18,20,38
2024-03-14 22:40:00,17,18,35
2024-03-14 22:50:00,13,20,33
2024-03-14 23:00:00,12,21,33
2024-03-14 23:10:00,13,13,26
2024-03-14 23:20:00,11,15,26
2024-03-14 23:30:00,10,6,16
2024-03-14 23:40:00,7,11,18
2024-03-14 23:50:00,5,12,17
2024-03-15 00:00:00,6,11,17
2024-03-15 00:10:00,2,3,5
2024-03-15 00:20:00,3,4,7
2024-03-15 00:30:00,6,3,9
2024-03-15 00:40:00,1,3,4
2024-03-15 00:50:00,2,11,13
2024-03-15 01:00:00,3,5,8
2024-03-15 01:10:00,6,2,8
2024-03-15 01:20:00,2,2,4
2024-03-15 01:30:00,2,7,9
2024-03-15 01:40:00,2,1,3
2024-03-15 01:50:00,1,8,9
2024-03-15 02:00:00,3,0,3
2024-03-15 02:10:00,0,3,3
2024-03-15 02:20:00,4,5,9
2024-03-15 02:30:00,2,4,6
2024-03-15 02:40:00,0,4,4
2024-03-15 02:50:00,0,1,1
2024-03-15 03:00:00,0,1,1
2024-03-15 03:10:00,2,3,5
2024-03-15 03:20:00,0,6,6
2024-03-15 03:30:00,2,1,3
2024-03-15 03:40:00,3,4,7
2024-03-15 03:50:00,3,0,3
2024-03-15 04:00:00,2,6,8
2024-03-15 04:10:00,2,1,3
2024-03-15 04:20:00,5,3,8
2024-03-15 04:30:00,5,8,13
2024-03-15 04:40:00,4,1,5
2024-03-15 04:50:00,0,4,4
2024-03-15 05:00:00,10,11,21
2024-03-15 05:10:00,6,15,21
2024-03-15 05:20:00,10,24,34
2024-03-15 05:30:00,13,16,29
2024-03-15 05:40:00,8,26,34
2024-03-15 05:50:00,14,26,40
2024-03-15 06:00:00,12,31,43
2024-03-15 06:10:00,16,38,54
2024-03-15 06:20:00,12,44,56
2024-03-15 06:30:00,15,45,60
2024-03-15 06:40:00,30,56,86
2024-03-15 06:50:00,25,50,75
2024-03-15 07:00:00,21,50,71
2024-03-15 07:10:00,36,50,86
2024-03-15 07:20:00,26,51,77
2024-03-15 07:30:00,27,51,78
2024-03-15 07:40:00,28,67,95
2024-03-15 07:50:00,31,64,95
2024-03-15 08:00:00,36,47,83
2024-03-15 08:10:00,28,43,71
2024-03-15 08:20:00,32,52,84
2024-03-15 08:30:00,39,51,90
2024-03-15 08:40:00,35,53,88
2024-03-15 08:50:00,33,59,92
2024-03-15 09:00:00,28,43,71
2024-03-15 09:10:00,30,45,75
2024-03-15 09:20:00,39,55,94
2024-03-15 09:30:00,28,50,78
2024-03-15 09:40:00,29,57,86
2024-03-15 09:50:00,37,61,98
2024-03-15 10:00:00,44,54,98
2024-03-15 10:10:00,33,53,86
2024-03-15 10:20:00,33,42,75
2024-03-15 10:30:00,26,63,89
2024-03-15 10:40:00,31,57,88
2024-03-15 10:50:00,33,49,82
2024-03-15 11:00:00,36,52,88
2024-03-15 11:10:00,29,53,82
2024-03-15 11:20:00,24,56,80
2024-03-15 11:30:00,26,53,79
2024-03-15 11:40:00,28,52,80
2024-03-15 11:50:00,28,57,85
2024-03-15 12:00:00,32,49,81
2024-03-15 12:10:00,26,50,76
2024-03-15 12:20:00,33,49,82
2024-03-15 12:30:00,35,65,100
2024-03-15 12:40:00,34,47,81
2024-03-15 12:50:00,20,58,78
2024-03-15 13:00:00,33,54,87
2024-03-15 13:10:00,44,65,109
2024-03-15 13:20:00,28,58,86
2024-03-15 13:30:00,30,58,88
2024-03-15 13:40:00,41,49,90
2024-03-15 13:50:00,28,54,82
2024-03-15 14:00:00,31,44,75
2024-03-15 14:10:00,45,48,93
2024-03-15 14:20:00,47,56,103
2024-03-15 14:30:00,28,56,84
2024-03-15 14:40:00,39,63,102
2024-03-15 14:50:00,58,54,112
2024-03-15 15:00:00,38,46,84
2024-03-15 15:10:00,47,50,97
2024-03-15 15:20:00,45,62,107
2024-03-15 15:30:00,54,54,108
2024-03-15 15:40:00,47,51,98
2024-03-15 15:50:00,42,43,85
2024-03-15 16:00:00,41,56,97
2024-03-15 16:10:00,36,52,88
2024-03-15 16:20:00,44,48,92
2024-03-15 16:30:00,35,59,94
2024-03-15 16:40:00,48,52,100
2024-03-15 16:50:00,42,54,96
2024-03-15 17:00:00,39,50,89
2024-03-15 17:10:00,35,41,76
2024-03-15 17:20:00,38,53,91
2024-03-15 17:30:00,39,62,101
2024-03-15 17:40:00,38,58,96
2024-03-15 17:50:00,37,55,92
2024-03-15 18:00:00,36,66,102
2024-03-15 18:10:00,43,70,113
2024-03-15 18:20:00,25,44,69
2024-03-15 18:30:00,30,52,82
2024-03-15 18:40:00,20,42,62
2024-03-15 18:50:00,29,49,78
2024-03-15 19:00:00,42,51,93
2024-03-15 19:10:00,26,36,62
2024-03-15 19:20:00,28,39,67
2024-03-15 19:30:00,25,34,59
2024-03-15 19:40:00,25,29,54
2024-03-15 19:50:00,22,38,60
2024-03-15 20:00:00,21,34,55
2024-03-15 20:10:00,28,28,56
2024-03-15 20:20:00,23,24,47
2024-03-15 20:30:00,17,20,37
2024-03-15 20:40:00,22,22,44
2024-03-15 20:50:00,20,14,34
2024-03-15 21:00:00,19,17,36
2024-03-15 21:10:00,23,25,48
2024-03-15 21:20:00,21,32,53
2024-03-15 21:30:00,23,25,48
2024-03-15 21:40:00,19,20,39
2024-03-15 21:50:00,16,18,34
2024-03-15 22:00:00,19,23,42
2024-03-15 22:10:00,16,15,31
2024-03-15 22:20:00,19,34,53
2024-03-15 22:30:00,17,31,48
2024-03-15 22:40:00,18,24,42
2024-03-15 22:50:00,12,31,43
2024-03-15 23:00:00,15,19,34
2024-03-15 23:10:00,16,24,40
2024-03-15 23:20:00,12,28,40
2024-03-15 23:30:00,12,21,33
2024-03-15 23:40:00,9,16,25
2024-03-15 23:50:00,14,9,23
2024-03-16 00:00:00,8,18,26
2024-03-16 00:10:00,9,11,20
2024-03-16 00:20:00,14,19,33
2024-03-16 00:30:00,16,6,22
2024-03-16 00:40:00,17,11,28
2024-03-16 00:50:00,11,14,25
2024-03-16 01:00:00,10,5,15
2024-03-16 01:10:00,6,12,18
2024-03-16 01:20:00,3,7,10
2024-03-16 01:30:00,3,3,6
2024-03-16 01:40:00,1,6,7
2024-03-16 01:50:00,2,3,5
2024-03-16 02:00:00,1,7,8
2024-03-16 02:10:00,7,4,11
2024-03-16 02:20:00,5,10,15
2024-03-16 02:30:00,7,3,10
2024-03-16 02:40:00,4,2,6
2024-03-16 02:50:00,3,5,8
2024-03-16 03:00:00,2,2,4
2024-03-16 03:10:00,3,7,10
2024-03-16 03:20:00,6,4,10
2024-03-16 03:30:00,0,3,3
2024-03-16 03:40:00,6,3,9
2024-03-16 03:50:00,2,2,4
2024-03-16 04:00:00,3,2,5
2024-03-16 04:10:00,3,6,9
2024-03-16 04:20:00,5,3,8
2024-03-16 04:30:00,1,1,2
2024-03-16 04:40:00,0,2,2
2024-03-16 04:50:00,2,2,4
2024-03-16 05:00:00,4,2,6
2024-03-16 05:10:00,4,4,8
2024-03-16 05:20:00,7,7,14
2024-03-16 05:30:00,8,11,19
2024-03-16 05:40:00,5,16,21
2024-03-16 05:50:00,5,11,16
2024-03-16 06:00:00,8,9,17
2024-03-16 06:10:00,5,9,14
2024-03-16 06:20:00,5,7,12
2024-03-16 06:30:00,5,11,16
2024-03-16 06:40:00,11,16,27
2024-03-16 06:50:00,7,17,24
2024-03-16 07:00:00,8,19,27
2024-03-16 07:10:00,10,20,30
2024-03-16 07:20:00,9,21,30
2024-03-16 07:30:00,14,25,39
2024-03-16 07:40:00,13,28,41
2024-03-16 07:50:00,11,24,35
2024-03-16 08:00:00,14,25,39
2024-03-16 08:10:00,13,30,43
2024-03-16 08:20:00,14,26,40
2024-03-16 08:30:00,23,35,58
2024-03-16 08:40:00,21,33,54
2024-03-16 08:50:00,34,47,81
2024-03-16 09:00:00,24,34,58
2024-03-16 09:10:00,36,42,78
2024-03-16 09:20:00,38,42,80
2024-03-16 09:30:00,31,43,74
2024-03-16 09:40:00,28,42,70
2024-03-16 09:50:00,28,52,80
2024-03-16 10:00:00,31,47,78
2024-03-16 10:10:00,53,68,121
2024-03-16 10:20:00,41,52,93
2024-03-16 10:30:00,46,60,106
2024-03-16 10:40:00,32,48,80
2024-03-16 10:50:00,36,62,98
2024-03-16 11:00:00,48,67,115
2024-03-16 11:10:00,35,63,98
2024-03-16 11:20:00,50,49,99
2024-03-16 11:30:00,36,50,86
2024-03-16 11:40:00,39,58,97
2024-03-16 11:50:00,42,40,82
2024-03-16 12:00:00,33,56,89
2024-03-16 12:10:00,26,53,79
2024-03-16 12:20:00,39,59,98
2024-03-16 12:30:00,39,55,94
2024-03-16 12:40:00,28,58,86
2024-03-16 12:50:00,44,60,104
2024-03-16 13:00:00,35,45,80
2024-03-16 13:10:00,32,56,88
2024-03-16 13:20:00,56,62,118
2024-03-16 13:30:00,42,66,108
2024-03-16 13:40:00,34,55,89
2024-03-16 13:50:00,44,64,108
2024-03-16 14:00:00,37,64,101
2024-03-16 14:10:00,42,57,99
2024-03-16 14:20:00,52,56,108
2024-03-16 14:30:00,33,51,84
2024-03-16 14:40:00,33,47,80
2024-03-16 14:50:00,44,45,89
2024-03-16 15:00:00,51,56,107
2024-03-16 15:10:00,38,49,87
2024-03-16 15:20:00,35,43,78
2024-03-16 15:30:00,48,52,100
2024-03-16 15:40:00,53,49,102
2024-03-16 15:50:00,39,49,88
2024-03-16 16:00:00,29,48,77
2024-03-16 16:10:00,40,43,83
2024-03-16 16:20:00,45,52,97
2024-03-16 16:30:00,35,51,86
2024-03-16 16:40:00,48,49,97
2024-03-16 16:50:00,36,48,84
2024-03-16 17:00:00,42,51,93
2024-03-16 17:10:00,35,45,80
2024-03-16 17:20:00,34,52,86
2024-03-16 17:30:00,31,46,77
2024-03-16 17:40:00,23,37,60
2024-03-16 17:50:00,39,58,97
2024-03-16 18:00:00,34,55,89
2024-03-16 18:10:00,34,53,87
2024-03-16 18:20:00,28,52,80
2024-03-16 18:30:00,31,44,75
2024-03-16 18:40:00,25,54,79
2024-03-16 18:50:00,26,36,62
2024-03-16 19:00:00,20,42,62
2024-03-16 19:10:00,30,26,56
2024-03-16 19:20:00,23,38,61
2024-03-16 19:30:00,20,30,50
2024-03-16 19:40:00,24,40,64
2024-03-16 19:50:00,32,29,61
2024-03-16 20:00:00,24,39,63
2024-03-16 20:10:00,23,43,66
2024-03-16 20:20:00,19,27,46
2024-03-16 20:30:00,14,29,43
2024-03-16 20:40:00,18,23,41
2024-03-16 20:50:00,21,39,60
2024-03-16 21:00:00,19,22,41
2024-03-16 21:10:00,21,27,48
2024-03-16 21:20:00,17,23,40
2024-03-16 21:30:00,18,23,41
2024-03-16 21:40:00,14,27,41
2024-03-16 21:50:00,19,25,44
2024-03-16 22:00:00,27,20,47
2024-03-16 22:10:00,22,23,45
2024-03-16 22:20:00,23,33,56
2024-03-16 22:30:00,16,24,40
2024-03-16 22:40:00,16,18,34
2024-03-16 22:50:00,15,13,28
2024-03-16 23:00:00,14,16,30
2024-03-16 23:10:00,21,28,49
2024-03-16 23:20:00,13,23,36
2024-03-16 23:30:00,18,21,39
2024-03-16 23:40:00,13,18,31
2024-03-16 23:50:00,10,10,20
2024-03-17 00:00:00,18,18,36
2024-03-17 00:10:00,7,15,22
2024-03-17 00:20:00,10,10,20
2024-03-17 00:30:00,10,12,22
2024-03-17 00:40:00,5,14,19
2024-03-17 00:50:00,11,25,36
2024-03-17 01:00:00,10,13,23
2024-03-17 01:10:00,6,10,16
2024-03-17 01:20:00,4,5,9
2024-03-17 01:30:00,3,6,9
2024-03-17 01:40:00,4,5,9
2024-03-17 01:50:00,2,2,4
2024-03-17 02:00:00,3,5,8
2024-03-17 02:10:00,3,6,9
2024-03-17 02:20:00,2,15,17
2024-03-17 02:30:00,3,4,7
2024-03-17 02:40:00,3,6,9
2024-03-17 02:50:00,6,5,11
2024-03-17 03:00:00,6,8,14
2024-03-17 03:10:00,2,7,9
2024-03-17 03:20:00,4,3,7
2024-03-17 03:30:00,1,4,5
2024-03-17 03:40:00,1,8,9
2024-03-17 03:50:00,1,3,4
2024-03-17 04:00:00,0,2,2
2024-03-17 04:10:00,3,4,7
2024-03-17 04:20:00,5,6,11
2024-03-17 04:30:00,3,7,10
2024-03-17 04:40:00,3,2,5
2024-03-17 04:50:00,2,2,4
2024-03-17 05:00:00,2,1,3
2024-03-17 05:10:00,6,5,11
2024-03-17 05:20:00,1,1,2
2024-03-17 05:30:00,7,6,13
2024-03-17 05:40:00,5,6,11
2024-03-17 05:50:00,7,8,15
2024-03-17 06:00:00,2,7,9
2024-03-17 06:10:00,3,7,10
2024-03-17 06:20:00,3,6,9
2024-03-17 06:30:00,6,7,13
2024-03-17 06:40:00,4,12,16
2024-03-17 06:50:00,6,10,16
2024-03-17 07:00:00,5,12,17
2024-03-17 07:10:00,9,15,24
2024-03-17 07:20:00,8,11,19
2024-03-17 07:30:00,7,15,22
2024-03-17 07:40:00,10,9,19
2024-03-17 07:50:00,17,19,36
2024-03-17 08:00:00,8,11,19
2024-03-17 08:10:00,10,17,27
2024-03-17 08:20:00,15,17,32
2024-03-17 08:30:00,20,26,46
2024-03-17 08:40:00,19,21,40
2024-03-17 08:50:00,18,30,48
2024-03-17 09:00:00,21,28,49
2024-03-17 09:10:00,27,29,56
2024-03-17 09:20:00,18,25,43
2024-03-17 09:30:00,40,36,76
2024-03-17 09:40:00,31,39,70
2024-03-17 09:50:00,28,46,74
2024-03-17 10:00:00,33,37,70
2024-03-17 10:10:00,27,41,68
2024-03-17 10:20:00,32,43,75
2024-03-17 10:30:00,37,40,77
2024-03-17 10:40:00,32,37,69
2024-03-17 10:50:00,38,46,84
2024-03-17 11:00:00,31,45,76
2024-03-17 11:10:00,34,36,70
2024-03-17 11:20:00,27,47,74
2024-03-17 11:30:00,40,39,79
2024-03-17 11:40:00,56,47,103
2024-03-17 11:50:00,37,34,71
2024-03-17 12:00:00,35,51,86
2024-03-17 12:10:00,34,43,77
2024-03-17 12:20:00,46,52,98
2024-03-17 12:30:00,43,45,88
2024-03-17 12:40:00,38,39,77
2024-03-17 12:50:00,57,59,116
2024-03-17 13:00:00,45,56,101
2024-03-17 13:10:00,56,48,104
2024-03-17 13:20:00,38,49,87
2024-03-17 13:30:00,46,49,95
2024-03-17 13:40:00,45,51,96
2024-03-17 13:50:00,37,47,84
2024-03-17 14:00:00,45,57,102
2024-03-17 14:10:00,55,60,115
2024-03-17 14:20:00,44,53,97
2024-03-17 14:30:00,37,48,85
2024-03-17 14:40:00,50,38,88
2024-03-17 14:50:00,58,52,110
2024-03-17 15:00:00,33,47,80
2024-03-17 15:10:00,50,47,97
2024-03-17 15:20:00,57,56,113
2024-03-17 15:30:00,44,42,86
2024-03-17 15:40:00,48,49,97
2024-03-17 15:50:00,33,47,80
2024-03-17 16:00:00,38,44,82
2024-03-17 16:10:00,35,47,82
2024-03-17 16:20:00,36,51,87
2024-03-17 16:30:00,48,43,91
2024-03-17 16:40:00,40,45,85
2024-03-17 16:50:00,39,45,84
2024-03-17 17:00:00,38,51,89
2024-03-17 17:10:00,52,45,97
2024-03-17 17:20:00,28,48,76
2024-03-17 17:30:00,42,53,95
2024-03-17 17:40:00,36,57,93
2024-03-17 17:50:00,39,55,94
2024-03-17 18:00:00,42,48,90
2024-03-17 18:10:00,34,46,80
2024-03-17 18:20:00,33,53,86
2024-03-17 18:30:00,25,45,70
2024-03-17 18:40:00,21,30,51
2024-03-17 18:50:00,19,29,48
2024-03-17 19:00:00,19,27,46
2024-03-17 19:10:00,30,31,61
2024-03-17 19:20:00,27,33,60
2024-03-17 19:30:00,19,36,55
2024-03-17 19:40:00,22,28,50
2024-03-17 19:50:00,27,44,71
2024-03-17 20:00:00,24,28,52
2024-03-17 20:10:00,20,26,46
2024-03-17 20:20:00,27,31,58
2024-03-17 20:30:00,14,33,47
2024-03-17 20:40:00,18,32,50
2024-03-17 20:50:00,19,21,40
2024-03-17 21:00:00,14,26,40
2024-03-17 21:10:00,9,28,37
2024-03-17 21:20:00,10,23,33
2024-03-17 21:30:00,13,22,35
2024-03-17 21:40:00,10,19,29
2024-03-17 21:50:00,20,19,39
2024-03-17 22:00:00,16,29,45
2024-03-17 22:10:00,13,22,35
2024-03-17 22:20:00,16,14,30
2024-03-17 22:30:00,16,18,34
2024-03-17 22:40:00,8,12,20
2024-03-17 22:50:00,10,11,21
2024-03-17 23:00:00,12,8,20
2024-03-17 23:10:00,11,10,21
2024-03-17 23:20:00,9,14,23
2024-03-17 23:30:00,8,12,20
2024-03-17 23:40:00,4,7,11
2024-03-17 23:50:00,7,8,15
2024-03-18 00:00:00,4,1,5
2024-03-18 00:10:00,8,2,10
2024-03-18 00:20:00,2,5,7
2024-03-18 00:30:00,3,5,8
2024-03-18 00:40:00,3,2,5
2024-03-18 00:50:00,3,9,12
2024-03-18 01:00:00,5,2,7
2024-03-18 01:10:00,0,1,1
2024-03-18 01:20:00,0,1,1
2024-03-18 01:30:00,1,1,2
2024-03-18 01:40:00,1,4,5
2024-03-18 01:50:00,1,4,5
2024-03-18 02:00:00,3,5,8
2024-03-18 02:10:00,2,0,2
2024-03-18 02:20:00,2,3,5
2024-03-18 02:30:00,0,2,2
2024-03-18 02:40:00,1,0,1
2024-03-18 02:50:00,2,1,3
2024-03-18 03:00:00,2,1,3
2024-03-18 03:10:00,1,0,1
2024-03-18 03:20:00,0,1,1
2024-03-18 03:30:00,1,1,2
2024-03-18 03:40:00,2,2,4
2024-03-18 03:50:00,0,0,0
2024-03-18 04:00:00,1,3,4
2024-03-18 04:10:00,6,1,7
2024-03-18 04:20:00,1,2,3
2024-03-18 04:30:00,7,5,12
2024-03-18 04:40:00,2,3,5
2024-03-18 04:50:00,6,6,12
2024-03-18 05:00:00,3,6,9
2024-03-18 05:10:00,11,18,29
2024-03-18 05:20:00,9,14,23
2024-03-18 05:30:00,12,18,30
2024-03-18 05:40:00,14,14,28
2024-03-18 05:50:00,12,34,46
2024-03-18 06:00:00,19,29,48
2024-03-18 06:10:00,8,35,43
2024-03-18 06:20:00,14,33,47
2024-03-18 06:30:00,14,42,56
2024-03-18 06:40:00,17,37,54
2024-03-18 06:50:00,28,51,79
2024-03-18 07:00:00,24,51,75
2024-03-18 07:10:00,25,50,75
2024-03-18 07:20:00,36,51,87
2024-03-18 07:30:00,35,48,83
2024-03-18 07:40:00,31,53,84
2024-03-18 07:50:00,34,54,88
2024-03-18 08:00:00,27,52,79
2024-03-18 08:10:00,27,45,72
2024-03-18 08:20:00,35,47,82
2024-03-18 08:30:00,30,44,74
2024-03-18 08:40:00,27,47,74
2024-03-18 08:50:00,19,50,69
2024-03-18 09:00:00,23,55,78
2024-03-18 09:10:00,42,53,95
2024-03-18 09:20:00,41,58,99
2024-03-18 09:30:00,37,44,81
2024-03-18 09:40:00,37,54,91
2024-03-18 09:50:00,33,39,72
2024-03-18 10:00:00,34,46,80
2024-03-18 10:10:00,37,44,81
2024-03-18 10:20:00,34,53,87
2024-03-18 10:30:00,26,47,73
2024-03-18 10:40:00,33,51,84
2024-03-18 10:50:00,28,51,79
2024-03-18 11:00:00,35,47,82
2024-03-18 11:10:00,26,50,76
2024-03-18 11:20:00,30,54,84
2024-03-18 11:30:00,26,48,74
2024-03-18 11:40:00,28,53,81
2024-03-18 11:50:00,27,46,73
2024-03-18 12:00:00,29,65,94
2024-03-18 12:10:00,31,57,88
2024-03-18 12:20:00,32,49,81
2024-03-18 12:30:00,33,49,82
2024-03-18 12:40:00,35,59,94
2024-03-18 12:50:00,31,36,67
2024-03-18 13:00:00,33,49,82
2024-03-18 13:10:00,28,41,69
2024-03-18 13:20:00,22,55,77
2024-03-18 13:30:00,33,55,88
2024-03-18 13:40:00,31,45,76
2024-03-18 13:50:00,42,63,105
2024-03-18 14:00:00,36,45,81
2024-03-18 14:10:00,38,56,94
2024-03-18 14:20:00,41,61,102
2024-03-18 14:30:00,57,62,119
2024-03-18 14:40:00,35,60,95
2024-03-18 14:50:00,56,56,112
2024-03-18 15:00:00,52,63,115
2024-03-18 15:10:00,40,59,99
2024-03-18 15:20:00,41,69,110
2024-03-18 15:30:00,46,62,108
2024-03-18 15:40:00,50,61,111
2024-03-18 15:50:00,36,58,94
2024-03-18 16:00:00,34,45,79
2024-03-18 16:10:00,32,61,93
2024-03-18 16:20:00,44,62,106
2024-03-18 16:30:00,54,50,104
2024-03-18 16:40:00,51,51,102
2024-03-18 16:50:00,31,34,65
2024-03-18 17:00:00,29,53,82
2024-03-18 17:10:00,34,66,100
2024-03-18 17:20:00,31,54,85
2024-03-18 17:30:00,33,58,91
2024-03-18 17:40:00,29,53,82
2024-03-18 17:50:00,35,68,103
2024-03-18 18:00:00,45,65,110
2024-03-18 18:10:00,36,49,85
2024-03-18 18:20:00,32,50,82
2024-03-18 18:30:00,33,51,84
2024-03-18 18:40:00,28,54,82
2024-03-18 18:50:00,39,32,71
2024-03-18 19:00:00,33,37,70
2024-03-18 19:10:00,32,22,54
2024-03-18 19:20:00,27,34,61
2024-03-18 19:30:00,29,37,66
2024-03-18 19:40:00,28,38,66
2024-03-18 19:50:00,24,25,49
2024-03-18 20:00:00,26,31,57
2024-03-18 20:10:00,23,30,53
2024-03-18 20:20:00,19,23,42
2024-03-18 20:30:00,17,19,36
2024-03-18 20:40:00,20,32,52
2024-03-18 20:50:00,15,27,42
2024-03-18 21:00:00,17,24,41
2024-03-18 21:10:00,24,10,34
2024-03-18 21:20:00,17,22,39
2024-03-18 21:30:00,20,22,42
2024-03-18 21:40:00,16,17,33
2024-03-18 21:50:00,10,19,29
2024-03-18 22:00:00,15,22,37
2024-03-18 22:10:00,15,22,37
2024-03-18 22:20:00,9,16,25
2024-03-18 22:30:00,15,20,35
2024-03-18 22:40:00,12,12,24
2024-03-18 22:50:00,19,8,27
2024-03-18 23:00:00,10,15,25
2024-03-18 23:10:00,12,9,21
2024-03-18 23:20:00,8,8,16
2024-03-18 23:30:00,9,7,16
2024-03-18 23:40:00,4,4,8
2024-03-18 23:50:00,2,9,11
2024-03-19 00:00:00,5,7,12
2024-03-19 00:10:00,4,3,7
2024-03-19 00:20:00,2,3,5
2024-03-19 00:30:00,2,13,15
2024-03-19 00:40:00,0,2,2
2024-03-19 00:50:00,2,3,5
2024-03-19 01:00:00,4,6,10
2024-03-19 01:10:00,2,4,6
2024-03-19 01:20:00,5,2,7
2024-03-19 01:30:00,0,0,0
2024-03-19 01:40:00,1,0,1
2024-03-19 01:50:00,1,0,1
2024-03-19 02:00:00,1,2,3
2024-03-19 02:10:00,1,4,5
2024-03-19 02:20:00,4,0,4
2024-03-19 02:30:00,0,4,4
2024-03-19 02:40:00,2,6,8
2024-03-19 02:50:00,3,2,5
2024-03-19 03:00:00,1,0,1
2024-03-19 03:10:00,1,5,6
2024-03-19 03:20:00,3,0,3
2024-03-19 03:30:00,2,3,5
2024-03-19 03:40:00,1,2,3
2024-03-19 03:50:00,0,2,2
2024-03-19 04:00:00,1,7,8
2024-03-19 04:10:00,2,3,5
2024-03-19 04:20:00,2,4,6
2024-03-19 04:30:00,5,11,16
2024-03-19 04:40:00,2,4,6
2024-03-19 04:50:00,2,7,9
2024-03-19 05:00:00,5,8,13
2024-03-19 05:10:00,8,19,27
2024-03-19 05:20:00,13,20,33
2024-03-19 05:30:00,13,15,28
2024-03-19 05:40:00,10,30,40
2024-03-19 05:50:00,9,44,53
2024-03-19 06:00:00,15,50,65
2024-03-19 06:10:00,18,44,62
2024-03-19 06:20:00,16,47,63
2024-03-19 06:30:00,23,66,89
2024-03-19 06:40:00,27,43,70
2024-03-19 06:50:00,21,41,62
2024-03-19 07:00:00,32,56,88
2024-03-19 07:10:00,23,52,75
2024-03-19 07:20:00,45,51,96
2024-03-19 07:30:00,56,51,107
2024-03-19 07:40:00,21,37,58
2024-03-19 07:50:00,33,58,91
2024-03-19 08:00:00,17,46,63
2024-03-19 08:10:00,24,41,65
2024-03-19 08:20:00,37,43,80
2024-03-19 08:30:00,49,47,96
2024-03-19 08:40:00,29,52,81
2024-03-19 08:50:00,28,43,71
2024-03-19 09:00:00,44,49,93
2024-03-19 09:10:00,44,49,93
2024-03-19 09:20:00,40,55,95
2024-03-19 09:30:00,28,51,79
2024-03-19 09:40:00,28,43,71
2024-03-19 09:50:00,31,49,80
2024-03-19 10:00:00,33,47,80
2024-03-19 10:10:00,39,51,90
2024-03-19 10:20:00,42,49,91
2024-03-19 10:30:00,33,48,81
2024-03-19 10:40:00,34,60,94
2024-03-19 10:50:00,33,46,79
2024-03-19 11:00:00,37,47,84
2024-03-19 11:10:00,33,56,89
2024-03-19 11:20:00,29,58,87
2024-03-19 11:30:00,49,45,94
2024-03-19 11:40:00,39,53,92
2024-03-19 11:50:00,47,61,108
2024-03-19 12:00:00,39,50,89
2024-03-19 12:10:00,38,52,90
2024-03-19 12:20:00,43,55,98
2024-03-19 12:30:00,44,52,96
2024-03-19 12:40:00,53,49,102
2024-03-19 12:50:00,50,54,104
2024-03-19 13:00:00,42,46,88
2024-03-19 13:10:00,35,50,85
2024-03-19 13:20:00,47,54,101
2024-03-19 13:30:00,45,52,97
2024-03-19 13:40:00,52,51,103
2024-03-19 13:50:00,51,47,98
2024-03-19 14:00:00,35,54,89
2024-03-19 14:10:00,49,65,114
2024-03-19 14:20:00,45,53,98
2024-03-19 14:30:00,32,58,90
2024-03-19 14:40:00,35,58,93
2024-03-19 14:50:00,46,39,85
2024-03-19 15:00:00,36,61,97
2024-03-19 15:10:00,27,46,73
2024-03-19 15:20:00,34,70,104
2024-03-19 15:30:00,35,54,89
2024-03-19 15:40:00,40,52,92
2024-03-19 15:50:00,39,43,82
2024-03-19 16:00:00,23,53,76
2024-03-19 16:10:00,31,46,77
2024-03-19 16:20:00,42,50,92
2024-03-19 16:30:00,46,64,110
2024-03-19 16:40:00,40,52,92
2024-03-19 16:50:00,24,39,63
2024-03-19 17:00:00,22,59,81
2024-03-19 17:10:00,27,45,72
2024-03-19 17:20:00,26,45,71
2024-03-19 17:30:00,22,38,60
2024-03-19 17:40:00,25,33,58
2024-03-19 17:50:00,19,21,40
2024-03-19 18:00:00,26,41,67
2024-03-19 18:10:00,16,27,43
2024-03-19 18:20:00,24,56,80
2024-03-19 18:30:00,26,54,80
2024-03-19 18:40:00,24,48,72
2024-03-19 18:50:00,27,44,71
2024-03-19 19:00:00,28,35,63
2024-03-19 19:10:00,34,31,65
2024-03-19 19:20:00,25,47,72
2024-03-19 19:30:00,22,29,51
2024-03-19 19:40:00,21,26,47
2024-03-19 19:50:00,28,30,58
2024-03-19 20:00:00,21,36,57
2024-03-19 20:10:00,24,22,46
2024-03-19 20:20:00,18,32,50
2024-03-19 20:30:00,23,26,49
2024-03-19 20:40:00,22,25,47
2024-03-19 20:50:00,20,27,47
2024-03-19 21:00:00,19,25,44
2024-03-19 21:10:00,25,22,47
2024-03-19 21:20:00,17,22,39
2024-03-19 21:30:00,20,20,40
2024-03-19 21:40:00,15,22,37
2024-03-19 21:50:00,17,23,40
2024-03-19 22:00:00,23,25,48
2024-03-19 22:10:00,9,35,44
2024-03-19 22:20:00,24,17,41
2024-03-19 22:30:00,18,15,33
2024-03-19 22:40:00,13,15,28
2024-03-19 22:50:00,7,12,19
2024-03-19 23:00:00,11,21,32
2024-03-19 23:10:00,13,7,20
2024-03-19 23:20:00,14,13,27
2024-03-19 23:30:00,9,13,22
2024-03-19 23:40:00,5,11,16
2024-03-19 23:50:00,6,8,14
2024-03-20 00:00:00,6,1,7
2024-03-20 00:10:00,3,11,14
2024-03-20 00:20:00,5,8,13
2024-03-20 00:30:00,3,2,5
2024-03-20 00:40:00,4,0,4
2024-03-20 00:50:00,1,8,9
2024-03-20 01:00:00,5,14,19
2024-03-20 01:10:00,2,3,5
2024-03-20 01:20:00,2,1,3
2024-03-20 01:30:00,2,5,7
2024-03-20 01:40:00,3,6,9
2024-03-20 01:50:00,2,0,2
2024-03-20 02:00:00,1,0,1
2024-03-20 02:10:00,1,6,7
2024-03-20 02:20:00,0,3,3
2024-03-20 02:30:00,1,7,8
2024-03-20 02:40:00,2,1,3
2024-03-20 02:50:00,2,0,2
2024-03-20 03:00:00,4,3,7
2024-03-20 03:10:00,2,2,4
2024-03-20 03:20:00,0,4,4
2024-03-20 03:30:00,5,1,6
2024-03-20 03:40:00,0,4,4
2024-03-20 03:50:00,2,5,7
2024-03-20 04:00:00,2,2,4
2024-03-20 04:10:00,3,3,6
2024-03-20 04:20:00,4,2,6
2024-03-20 04:30:00,8,4,12
2024-03-20 04:40:00,1,5,6
2024-03-20 04:50:00,2,6,8
2024-03-20 05:00:00,7,12,19
2024-03-20 05:10:00,11,11,22
2024-03-20 05:20:00,8,20,28
2024-03-20 05:30:00,12,28,40
2024-03-20 05:40:00,8,31,39
2024-03-20 05:50:00,10,40,50
2024-03-20 06:00:00,16,40,56
2024-03-20 06:10:00,11,26,37
2024-03-20 06:20:00,17,40,57
2024-03-20 06:30:00,14,44,58
2024-03-20 06:40:00,23,46,69
2024-03-20 06:50:00,19,58,77
2024-03-20 07:00:00,27,46,73
2024-03-20 07:10:00,30,65,95
2024-03-20 07:20:00,16,53,69
2024-03-20 07:30:00,25,50,75
2024-03-20 07:40:00,20,57,77
2024-03-20 07:50:00,29,46,75
2024-03-20 08:00:00,26,54,80
2024-03-20 08:10:00,36,53,89
2024-03-20 08:20:00,36,56,92
2024-03-20 08:30:00,34,59,93
2024-03-20 08:40:00,27,50,77
2024-03-20 08:50:00,28,48,76
2024-03-20 09:00:00,43,47,90
2024-03-20 09:10:00,35,49,84
2024-03-20 09:20:00,33,43,76
2024-03-20 09:30:00,36,65,101
2024-03-20 09:40:00,47,50,97
2024-03-20 09:50:00,34,56,90
2024-03-20 10:00:00,40,48,88
2024-03-20 10:10:00,40,48,88
2024-03-20 10:20:00,36,60,96
2024-03-20 10:30:00,31,60,91
2024-03-20 10:40:00,44,52,96
2024-03-20 10:50:00,30,45,75
2024-03-20 11:00:00,38,48,86
2024-03-20 11:10:00,41,49,90
2024-03-20 11:20:00,61,56,117
2024-03-20 11:30:00,48,54,102
2024-03-20 11:40:00,45,52,97
2024-03-20 11:50:00,30,56,86
2024-03-20 12:00:00,41,46,87
2024-03-20 12:10:00,51,57,108
2024-03-20 12:20:00,44,47,91
2024-03-20 12:30:00,49,56,105
2024-03-20 12:40:00,52,51,103
2024-03-20 12:50:00,43,51,94
2024-03-20 13:00:00,45,52,97
2024-03-20 13:10:00,43,58,101
2024-03-20 13:20:00,27,40,67
2024-03-20 13:30:00,49,50,99
2024-03-20 13:40:00,45,49,94
2024-03-20 13:50:00,50,51,101
2024-03-20 14:00:00,40,61,101
2024-03-20 14:10:00,40,59,99
2024-03-20 14:20:00,36,55,91
2024-03-20 14:30:00,39,52,91
2024-03-20 14:40:00,40,52,92
2024-03-20 14:50:00,51,56,107
2024-03-20 15:00:00,36,55,91
2024-03-20 15:10:00,57,68,125
2024-03-20 15:20:00,52,46,98
2024-03-20 15:30:00,39,51,90
2024-03-20 15:40:00,39,55,94
2024-03-20 15:50:00,65,59,124
2024-03-20 16:00:00,47,45,92
2024-03-20 16:10:00,49,60,109
2024-03-20 16:20:00,56,66,122
2024-03-20 16:30:00,37,51,88
2024-03-20 16:40:00,38,59,97
2024-03-20 16:50:00,30,42,72
2024-03-20 17:00:00,35,52,87
2024-03-20 17:10:00,44,60,104
2024-03-20 17:20:00,40,50,90
2024-03-20 17:30:00,40,61,101
2024-03-20 17:40:00,46,53,99
2024-03-20 17:50:00,48,55,103
2024-03-20 18:00:00,34,71,105
2024-03-20 18:10:00,44,58,102
2024-03-20 18:20:00,33,57,90
2024-03-20 18:30:00,26,65,91
2024-03-20 18:40:00,32,53,85
2024-03-20 18:50:00,18,48,66
2024-03-20 19:00:00,28,33,61
2024-03-20 19:10:00,28,38,66
2024-03-20 19:20:00,30,51,81
2024-03-20 19:30:00,27,39,66
2024-03-20 19:40:00,31,37,68
2024-03-20 19:50:00,39,24,63
2024-03-20 20:00:00,25,34,59
2024-03-20 20:10:00,27,30,57
2024-03-20 20:20:00,23,37,60
2024-03-20 20:30:00,25,22,47
2024-03-20 20:40:00,20,28,48
2024-03-20 20:50:00,20,24,44
2024-03-20 21:00:00,22,26,48
2024-03-20 21:10:00,28,35,63
2024-03-20 21:20:00,16,30,46
2024-03-20 21:30:00,18,27,45
2024-03-20 21:40:00,22,25,47
2024-03-20 21:50:00,16,21,37
2024-03-20 22:00:00,22,32,54
2024-03-20 22:10:00,12,27,39
2024-03-20 22:20:00,13,26,39
2024-03-20 22:30:00,13,8,21
2024-03-20 22:40:00,11,21,32
2024-03-20 22:50:00,6,22,28
2024-03-20 23:00:00,16,13,29
2024-03-20 23:10:00,9,20,29
2024-03-20 23:20:00,4,13,17
2024-03-20 23:30:00,8,9,17
2024-03-20 23:40:00,4,5,9
2024-03-20 23:50:00,4,5,9
2024-03-21 00:00:00,7,7,14
2024-03-21 00:10:00,6,6,12
2024-03-21 00:20:00,6,6,12
2024-03-21 00:30:00,5,3,8
2024-03-21 00:40:00,1,2,3
2024-03-21 00:50:00,1,10,11
2024-03-21 01:00:00,1,1,2
2024-03-21 01:10:00,3,3,6
2024-03-21 01:20:00,3,6,9
2024-03-21 01:30:00,1,4,5
2024-03-21 01:40:00,2,6,8
2024-03-21 01:50:00,3,1,4
2024-03-21 02:00:00,2,3,5
2024-03-21 02:10:00,5,2,7
2024-03-21 02:20:00,2,8,10
2024-03-21 02:30:00,4,7,11
2024-03-21 02:40:00,4,6,10
2024-03-21 02:50:00,6,5,11
2024-03-21 03:00:00,1,0,1
2024-03-21 03:10:00,2,2,4
2024-03-21 03:20:00,3,1,4
2024-03-21 03:30:00,1,4,5
2024-03-21 03:40:00,2,0,2
2024-03-21 03:50:00,2,3,5
2024-03-21 04:00:00,3,2,5
2024-03-21 04:10:00,2,2,4
2024-03-21 04:20:00,5,4,9
2024-03-21 04:30:00,3,5,8
2024-03-21 04:40:00,5,5,10
2024-03-21 04:50:00,4,6,10
2024-03-21 05:00:00,4,12,16
2024-03-21 05:10:00,8,7,15
2024-03-21 05:20:00,9,29,38
2024-03-21 05:30:00,11,17,28
2024-03-21 05:40:00,6,36,42
2024-03-21 05:50:00,15,54,69
2024-03-21 06:00:00,15,32,47
2024-03-21 06:10:00,10,44,54
2024-03-21 06:20:00,28,48,76
2024-03-21 06:30:00,16,43,59
2024-03-21 06:40:00,25,40,65
2024-03-21 06:50:00,28,49,77
2024-03-21 07:00:00,25,51,76
2024-03-21 07:10:00,29,44,73
2024-03-21 07:20:00,31,55,86
2024-03-21 07:30:00,35,64,99
2024-03-21 07:40:00,24,41,65
2024-03-21 07:50:00,27,42,69
2024-03-21 08:00:00,23,41,64
2024-03-21 08:10:00,28,43,71
2024-03-21 08:20:00,36,53,89
2024-03-21 08:30:00,27,59,86
2024-03-21 08:40:00,46,51,97
2024-03-21 08:50:00,31,54,85
2024-03-21 09:00:00,31,46,77
2024-03-21 09:10:00,38,57,95
2024-03-21 09:20:00,21,46,67
2024-03-21 09:30:00,31,48,79
2024-03-21 09:40:00,48,51,99
2024-03-21 09:50:00,43,54,97
2024-03-21 10:00:00,32,53,85
2024-03-21 10:10:00,34,51,85
2024-03-21 10:20:00,30,43,73
2024-03-21 10:30:00,38,48,86
2024-03-21 10:40:00,40,54,94
2024-03-21 10:50:00,47,48,95
2024-03-21 11:00:00,39,51,90
2024-03-21 11:10:00,34,47,81
2024-03-21 11:20:00,31,49,80
2024-03-21 11:30:00,43,52,95
2024-03-21 11:40:00,36,47,83
2024-03-21 11:50:00,51,43,94
2024-03-21 12:00:00,35,53,88
2024-03-21 12:10:00,45,48,93
2024-03-21 12:20:00,38,54,92
2024-03-21 12:30:00,44,47,91
2024-03-21 12:40:00,47,62,109
2024-03-21 12:50:00,43,62,105
2024-03-21 13:00:00,41,48,89
2024-03-21 13:10:00,46,54,100
2024-03-21 13:20:00,34,46,80
2024-03-21 13:30:00,49,46,95
2024-03-21 13:40:00,51,54,105
2024-03-21 13:50:00,43,48,91
2024-03-21 14:00:00,36,55,91
2024-03-21 14:10:00,47,61,108
2024-03-21 14:20:00,24,49,73
2024-03-21 14:30:00,44,45,89
2024-03-21 14:40:00,41,45,86
2024-03-21 14:50:00,43,63,106
2024-03-21 15:00:00,41,47,88
2024-03-21 15:10:00,27,59,86
2024-03-21 15:20:00,20,63,83
2024-03-21 15:30:00,41,51,92
2024-03-21 15:40:00,32,59,91
2024-03-21 15:50:00,50,47,97
2024-03-21 16:00:00,49,52,101
2024-03-21 16:10:00,44,56,100
2024-03-21 16:20:00,40,49,89
2024-03-21 16:30:00,40,58,98
2024-03-21 16:40:00,48,40,88
2024-03-21 16:50:00,56,52,108
2024-03-21 17:00:00,40,55,95
2024-03-21 17:10:00,46,48,94
2024-03-21 17:20:00,48,45,93
2024-03-21 17:30:00,43,51,94
2024-03-21 17:40:00,33,57,90
2024-03-21 17:50:00,36,64,100
2024-03-21 18:00:00,40,47,87
2024-03-21 18:10:00,35,52,87
2024-03-21 18:20:00,28,59,87
2024-03-21 18:30:00,41,69,110
2024-03-21 18:40:00,28,50,78
2024-03-21 18:50:00,21,43,64
2024-03-21 19:00:00,24,50,74
2024-03-21 19:10:00,29,50,79
2024-03-21 19:20:00,30,40,70
2024-03-21 19:30:00,28,56,84
2024-03-21 19:40:00,25,51,76
2024-03-21 19:50:00,28,35,63
2024-03-21 20:00:00,23,29,52
2024-03-21 20:10:00,23,44,67
2024-03-21 20:20:00,28,28,56
2024-03-21 20:30:00,22,37,59
2024-03-21 20:40:00,21,26,47
2024-03-21 20:50:00,23,37,60
2024-03-21 21:00:00,19,26,45
2024-03-21 21:10:00,21,29,50
2024-03-21 21:20:00,22,36,58
2024-03-21 21:30:00,17,11,28
2024-03-21 21:40:00,22,31,53
2024-03-21 21:50:00,18,26,44
2024-03-21 22:00:00,21,25,46
2024-03-21 22:10:00,19,31,50
2024-03-21 22:20:00,12,13,25
2024-03-21 22:30:00,21,26,47
2024-03-21 22:40:00,17,35,52
2024-03-21 22:50:00,13,18,31
2024-03-21 23:00:00,13,17,30
2024-03-21 23:10:00,19,16,35
2024-03-21 23:20:00,15,17,32
2024-03-21 23:30:00,14,11,25
2024-03-21 23:40:00,9,6,15
2024-03-21 23:50:00,13,11,24
2024-03-22 00:00:00,8,17,25
2024-03-22 00:10:00,6,10,16
2024-03-22 00:20:00,4,11,15
2024-03-22 00:30:00,4,5,9
2024-03-22 00:40:00,1,8,9
2024-03-22 00:50:00,3,4,7
2024-03-22 01:00:00,4,6,10
2024-03-22 01:10:00,2,8,10
2024-03-22 01:20:00,2,7,9
2024-03-22 01:30:00,2,10,12
2024-03-22 01:40:00,1,0,1
2024-03-22 01:50:00,1,1,2
2024-03-22 02:00:00,2,9,11
2024-03-22 02:10:00,4,3,7
2024-03-22 02:20:00,1,5,6
2024-03-22 02:30:00,1,3,4
2024-03-22 02:40:00,3,2,5
2024-03-22 02:50:00,0,2,2
2024-03-22 03:00:00,1,3,4
2024-03-22 03:10:00,2,3,5
2024-03-22 03:20:00,3,3,6
2024-03-22 03:30:00,2,3,5
2024-03-22 03:40:00,2,2,4
2024-03-22 03:50:00,0,1,1
2024-03-22 04:00:00,6,3,9
2024-03-22 04:10:00,3,5,8
2024-03-22 04:20:00,2,2,4
2024-03-22 04:30:00,4,10,14
2024-03-22 04:40:00,5,3,8
2024-03-22 04:50:00,3,8,11
2024-03-22 05:00:00,2,7,9
2024-03-22 05:10:00,11,7,18
2024-03-22 05:20:00,9,15,24
2024-03-22 05:30:00,7,25,32
2024-03-22 05:40:00,11,26,37
2024-03-22 05:50:00,14,30,44
2024-03-22 06:00:00,14,33,47
2024-03-22 06:10:00,15,38,53
2024-03-22 06:20:00,22,41,63
2024-03-22 06:30:00,19,41,60
2024-03-22 06:40:00,25,43,68
2024-03-22 06:50:00,27,43,70
2024-03-22 07:00:00,36,57,93
2024-03-22 07:10:00,34,51,85
2024-03-22 07:20:00,27,50,77
2024-03-22 07:30:00,30,49,79
2024-03-22 07:40:00,38,50,88
2024-03-22 07:50:00,29,42,71
2024-03-22 08:00:00,32,57,89
2024-03-22 08:10:00,30,41,71
2024-03-22 08:20:00,31,52,83
2024-03-22 08:30:00,37,59,96
2024-03-22 08:40:00,26,45,71
2024-03-22 08:50:00,36,52,88
2024-03-22 09:00:00,39,57,96
2024-03-22 09:10:00,26,53,79
2024-03-22 09:20:00,32,48,80
2024-03-22 09:30:00,49,60,109
2024-03-22 09:40:00,35,57,92
2024-03-22 09:50:00,40,61,101
2024-03-22 10:00:00,34,47,81
2024-03-22 10:10:00,49,56,105
2024-03-22 10:20:00,25,40,65
2024-03-22 10:30:00,50,43,93
2024-03-22 10:40:00,37,42,79
2024-03-22 10:50:00,38,58,96
2024-03-22 11:00:00,42,48,90
2024-03-22 11:10:00,33,51,84
2024-03-22 11:20:00,49,48,97
2024-03-22 11:30:00,47,56,103
2024-03-22 11:40:00,38,59,97
2024-03-22 11:50:00,51,53,104
2024-03-22 12:00:00,44,61,105
2024-03-22 12:10:00,48,53,101
2024-03-22 12:20:00,49,52,101
2024-03-22 12:30:00,31,53,84
2024-03-22 12:40:00,51,72,123
2024-03-22 12:50:00,41,49,90
2024-03-22 13:00:00,43,52,95
2024-03-22 13:10:00,32,51,83
2024-03-22 13:20:00,51,51,102
2024-03-22 13:30:00,58,54,112
2024-03-22 13:40:00,49,62,111
2024-03-22 13:50:00,44,53,97
2024-03-22 14:00:00,46,53,99
2024-03-22 14:10:00,46,57,103
2024-03-22 14:20:00,56,60,116
2024-03-22 14:30:00,45,42,87
2024-03-22 14:40:00,44,51,95
2024-03-22 14:50:00,46,49,95
2024-03-22 15:00:00,41,50,91
2024-03-22 15:10:00,43,59,102
2024-03-22 15:20:00,53,49,102
2024-03-22 15:30:00,45,54,99
2024-03-22 15:40:00,35,60,95
2024-03-22 15:50:00,35,54,89
2024-03-22 16:00:00,43,59,102
2024-03-22 16:10:00,23,63,86
2024-03-22 16:20:00,43,56,99
2024-03-22 16:30:00,45,50,95
2024-03-22 16:40:00,46,49,95
2024-03-22 16:50:00,38,53,91
2024-03-22 17:00:00,37,63,100
2024-03-22 17:10:00,57,55,112
2024-03-22 17:20:00,43,53,96
2024-03-22 17:30:00,29,61,90
2024-03-22 17:40:00,31,61,92
2024-03-22 17:50:00,37,42,79
2024-03-22 18:00:00,32,49,81
2024-03-22 18:10:00,44,53,97
2024-03-22 18:20:00,34,54,88
2024-03-22 18:30:00,20,27,47
2024-03-22 18:40:00,15,21,36
2024-03-22 18:50:00,13,41,54
2024-03-22 19:00:00,19,33,52
2024-03-22 19:10:00,30,47,77
2024-03-22 19:20:00,32,37,69
2024-03-22 19:30:00,32,29,61
2024-03-22 19:40:00,27,40,67
2024-03-22 19:50:00,29,41,70
2024-03-22 20:00:00,29,19,48
2024-03-22 20:10:00,30,49,79
2024-03-22 20:20:00,32,27,59
2024-03-22 20:30:00,25,28,53
2024-03-22 20:40:00,22,30,52
2024-03-22 20:50:00,17,34,51
2024-03-22 21:00:00,23,19,42
2024-03-22 21:10:00,20,27,47
2024-03-22 21:20:00,23,41,64
2024-03-22 21:30:00,11,21,32
2024-03-22 21:40:00,21,23,44
2024-03-22 21:50:00,19,20,39
2024-03-22 22:00:00,17,21,38
2024-03-22 22:10:00,17,21,38
2024-03-22 22:20:00,16,18,34
2024-03-22 22:30:00,14,24,38
2024-03-22 22:40:00,13,20,33
2024-03-22 22:50:00,19,27,46
2024-03-22 23:00:00,12,15,27
2024-03-22 23:10:00,14,21,35
2024-03-22 23:20:00,15,17,32
2024-03-22 23:30:00,12,20,32
2024-03-22 23:40:00,15,17,32
2024-03-22 23:50:00,13,16,29
2024-03-23 00:00:00,7,15,22
2024-03-23 00:10:00,10,13,23
2024-03-23 00:20:00,9,9,18
2024-03-23 00:30:00,8,10,18
2024-03-23 00:40:00,7,12,19
2024-03-23 00:50:00,9,17,26
2024-03-23 01:00:00,5,14,19
2024-03-23 01:10:00,8,16,24
2024-03-23 01:20:00,6,10,16
2024-03-23 01:30:00,4,6,10
2024-03-23 01:40:00,4,11,15
2024-03-23 01:50:00,5,3,8
2024-03-23 02:00:00,9,8,17
2024-03-23 02:10:00,1,6,7
2024-03-23 02:20:00,4,9,13
2024-03-23 02:30:00,5,9,14
2024-03-23 02:40:00,5,5,10
2024-03-23 02:50:00,0,2,2
2024-03-23 03:00:00,3,4,7
2024-03-23 03:10:00,4,6,10
2024-03-23 03:20:00,3,4,7
2024-03-23 03:30:00,4,4,8
2024-03-23 03:40:00,1,8,9
2024-03-23 03:50:00,5,3,8
2024-03-23 04:00:00,2,6,8
2024-03-23 04:10:00,3,3,6
2024-03-23 04:20:00,4,8,12
2024-03-23 04:30:00,3,4,7
2024-03-23 04:40:00,5,4,9
2024-03-23 04:50:00,2,3,5
2024-03-23 05:00:00,2,7,9
2024-03-23 05:10:00,4,6,10
2024-03-23 05:20:00,8,10,18
2024-03-23 05:30:00,6,6,12
2024-03-23 05:40:00,9,5,14
2024-03-23 05:50:00,7,9,16
2024-03-23 06:00:00,7,10,17
2024-03-23 06:10:00,9,8,17
2024-03-23 06:20:00,13,18,31
2024-03-23 06:30:00,11,15,26
2024-03-23 06:40:00,3,13,16
2024-03-23 06:50:00,6,10,16
2024-03-23 07:00:00,9,20,29
2024-03-23 07:10:00,14,20,34
2024-03-23 07:20:00,13,20,33
2024-03-23 07:30:00,16,24,40
2024-03-23 07:40:00,10,23,33
2024-03-23 07:50:00,15,27,42
2024-03-23 08:00:00,18,25,43
2024-03-23 08:10:00,15,28,43
2024-03-23 08:20:00,13,31,44
2024-03-23 08:30:00,17,41,58
2024-03-23 08:40:00,21,34,55
2024-03-23 08:50:00,22,36,58
2024-03-23 09:00:00,21,37,58
2024-03-23 09:10:00,30,39,69
2024-03-23 09:20:00,22,42,64
2024-03-23 09:30:00,42,47,89
2024-03-23 09:40:00,22,41,63
2024-03-23 09:50:00,39,56,95
2024-03-23 10:00:00,41,45,86
2024-03-23 10:10:00,41,43,84
2024-03-23 10:20:00,32,47,79
2024-03-23 10:30:00,37,48,85
2024-03-23 10:40:00,39,54,93
2024-03-23 10:50:00,37,41,78
2024-03-23 11:00:00,29,45,74
2024-03-23 11:10:00,26,56,82
2024-03-23 11:20:00,41,49,90
2024-03-23 11:30:00,48,62,110
2024-03-23 11:40:00,47,54,101
2024-03-23 11:50:00,34,51,85
2024-03-23 12:00:00,25,51,76
2024-03-23 12:10:00,28,51,79
2024-03-23 12:20:00,28,53,81
2024-03-23 12:30:00,32,53,85
2024-03-23 12:40:00,27,47,74
2024-03-23 12:50:00,39,52,91
2024-03-23 13:00:00,40,59,99
2024-03-23 13:10:00,61,45,106
2024-03-23 13:20:00,37,41,78
2024-03-23 13:30:00,33,40,73
2024-03-23 13:40:00,30,60,90
2024-03-23 13:50:00,47,52,99
2024-03-23 14:00:00,37,54,91
2024-03-23 14:10:00,26,59,85
2024-03-23 14:20:00,32,55,87
2024-03-23 14:30:00,37,56,93
2024-03-23 14:40:00,30,55,85
2024-03-23 14:50:00,32,56,88
2024-03-23 15:00:00,29,55,84
2024-03-23 15:10:00,23,54,77
2024-03-23 15:20:00,39,57,96
2024-03-23 15:30:00,32,52,84
2024-03-23 15:40:00,39,54,93
2024-03-23 15:50:00,43,53,96
2024-03-23 16:00:00,38,66,104
2024-03-23 16:10:00,32,53,85
2024-03-23 16:20:00,42,41,83
2024-03-23 16:30:00,36,50,86
2024-03-23 16:40:00,41,44,85
2024-03-23 16:50:00,35,54,89
2024-03-23 17:00:00,27,52,79
2024-03-23 17:10:00,30,58,88
2024-03-23 17:20:00,31,60,91
2024-03-23 17:30:00,30,49,79
2024-03-23 17:40:00,23,59,82
2024-03-23 17:50:00,43,49,92
2024-03-23 18:00:00,39,52,91
2024-03-23 18:10:00,24,55,79
2024-03-23 18:20:00,40,71,111
2024-03-23 18:30:00,33,54,87
2024-03-23 18:40:00,22,55,77
2024-03-23 18:50:00,29,47,76
2024-03-23 19:00:00,25,37,62
2024-03-23 19:10:00,19,38,57
2024-03-23 19:20:00,24,29,53
2024-03-23 19:30:00,21,46,67
2024-03-23 19:40:00,21,33,54
2024-03-23 19:50:00,22,51,73
2024-03-23 20:00:00,19,29,48
2024-03-23 20:10:00,24,18,42
2024-03-23 20:20:00,18,21,39
2024-03-23 20:30:00,25,24,49
2024-03-23 20:40:00,21,29,50
2024-03-23 20:50:00,18,21,39
2024-03-23 21:00:00,14,18,32
2024-03-23 21:10:00,19,20,39
2024-03-23 21:20:00,19,23,42
2024-03-23 21:30:00,15,20,35
2024-03-23 21:40:00,15,26,41
2024-03-23 21:50:00,18,36,54
2024-03-23 22:00:00,16,25,41
2024-03-23 22:10:00,19,20,39
2024-03-23 22:20:00,14,17,31
2024-03-23 22:30:00,17,24,41
2024-03-23 22:40:00,11,13,24
2024-03-23 22:50:00,16,23,39
2024-03-23 23:00:00,20,27,47
2024-03-23 23:10:00,13,17,30
2024-03-23 23:20:00,14,20,34
2024-03-23 23:30:00,15,19,34
2024-03-23 23:40:00,12,21,33
2024-03-23 23:50:00,12,25,37
2024-03-24 00:00:00,21,10,31
2024-03-24 00:10:00,15,11,26
2024-03-24 00:20:00,8,15,23
2024-03-24 00:30:00,12,10,22
2024-03-24 00:40:00,11,5,16
2024-03-24 00:50:00,8,8,16
2024-03-24 01:00:00,8,15,23
2024-03-24 01:10:00,7,8,15
2024-03-24 01:20:00,6,11,17
2024-03-24 01:30:00,5,4,9
2024-03-24 01:40:00,4,4,8
2024-03-24 01:50:00,4,9,13
2024-03-24 02:00:00,8,8,16
2024-03-24 02:10:00,7,8,15
2024-03-24 02:20:00,4,11,15
2024-03-24 02:30:00,4,10,14
2024-03-24 02:40:00,6,4,10
2024-03-24 02:50:00,4,6,10
2024-03-24 03:00:00,3,2,5
2024-03-24 03:10:00,4,6,10
2024-03-24 03:20:00,5,5,10
2024-03-24 03:30:00,4,7,11
2024-03-24 03:40:00,2,1,3
2024-03-24 03:50:00,4,6,10
2024-03-24 04:00:00,3,8,11
2024-03-24 04:10:00,1,4,5
2024-03-24 04:20:00,4,2,6
2024-03-24 04:30:00,1,6,7
2024-03-24 04:40:00,1,2,3
2024-03-24 04:50:00,3,2,5
2024-03-24 05:00:00,4,1,5
2024-03-24 05:10:00,1,8,9
2024-03-24 05:20:00,3,3,6
2024-03-24 05:30:00,5,3,8
2024-03-24 05:40:00,8,1,9
2024-03-24 05:50:00,0,7,7
2024-03-24 06:00:00,4,7,11
2024-03-24 06:10:00,9,4,13
2024-03-24 06:20:00,4,9,13
2024-03-24 06:30:00,5,11,16
2024-03-24 06:40:00,7,8,15
2024-03-24 06:50:00,3,8,11
2024-03-24 07:00:00,4,8,12
2024-03-24 07:10:00,7,14,21
2024-03-24 07:20:00,4,9,13
2024-03-24 07:30:00,16,18,34
2024-03-24 07:40:00,6,10,16
2024-03-24 07:50:00,10,15,25
2024-03-24 08:00:00,9,14,23
2024-03-24 08:10:00,8,11,19
2024-03-24 08:20:00,15,18,33
2024-03-24 08:30:00,13,17,30
2024-03-24 08:40:00,15,17,32
2024-03-24 08:50:00,19,21,40
2024-03-24 09:00:00,17,20,37
2024-03-24 09:10:00,8,19,27
2024-03-24 09:20:00,23,30,53
2024-03-24 09:30:00,27,28,55
2024-03-24 09:40:00,22,30,52
2024-03-24 09:50:00,35,42,77
2024-03-24 10:00:00,29,28,57
2024-03-24 10:10:00,36,22,58
2024-03-24 10:20:00,17,34,51
2024-03-24 10:30:00,23,40,63
2024-03-24 10:40:00,18,38,56
2024-03-24 10:50:00,19,46,65
2024-03-24 11:00:00,14,23,37
2024-03-24 11:10:00,22,34,56
2024-03-24 11:20:00,29,35,64
2024-03-24 11:30:00,38,39,77
2024-03-24 11:40:00,29,43,72
2024-03-24 11:50:00,26,45,71
2024-03-24 12:00:00,28,42,70
2024-03-24 12:10:00,27,41,68
2024-03-24 12:20:00,20,45,65
2024-03-24 12:30:00,22,38,60
2024-03-24 12:40:00,25,36,61
2024-03-24 12:50:00,32,51,83
2024-03-24 13:00:00,32,36,68
2024-03-24 13:10:00,25,42,67
2024-03-24 13:20:00,29,41,70
2024-03-24 13:30:00,43,44,87
2024-03-24 13:40:00,30,45,75
2024-03-24 13:50:00,47,56,103
2024-03-24 14:00:00,32,37,69
2024-03-24 14:10:00,24,37,61
2024-03-24 14:20:00,23,52,75
2024-03-24 14:30:00,23,38,61
2024-03-24 14:40:00,31,58,89
2024-03-24 14:50:00,45,51,96
2024-03-24 15:00:00,39,47,86
2024-03-24 15:10:00,35,43,78
2024-03-24 15:20:00,34,48,82
2024-03-24 15:30:00,34,44,78
2024-03-24 15:40:00,38,36,74
2024-03-24 15:50:00,26,42,68
2024-03-24 16:00:00,30,44,74
2024-03-24 16:10:00,42,51,93
2024-03-24 16:20:00,46,41,87
2024-03-24 16:30:00,31,49,80
2024-03-24 16:40:00,33,43,76
2024-03-24 16:50:00,30,51,81
2024-03-24 17:00:00,25,45,70
2024-03-24 17:10:00,37,34,71
2024-03-24 17:20:00,40,49,89
2024-03-24 17:30:00,38,56,94
2024-03-24 17:40:00,34,54,88
2024-03-24 17:50:00,41,52,93
2024-03-24 18:00:00,29,49,78
2024-03-24 18:10:00,32,43,75
2024-03-24 18:20:00,16,43,59
2024-03-24 18:30:00,37,42,79
2024-03-24 18:40:00,26,36,62
2024-03-24 18:50:00,26,31,57
2024-03-24 19:00:00,22,25,47
2024-03-24 19:10:00,19,30,49
2024-03-24 19:20:00,16,19,35
2024-03-24 19:30:00,24,34,58
2024-03-24 19:40:00,16,31,47
2024-03-24 19:50:00,18,24,42
2024-03-24 20:00:00,21,29,50
2024-03-24 20:10:00,17,24,41
2024-03-24 20:20:00,11,28,39
2024-03-24 20:30:00,19,19,38
2024-03-24 20:40:00,15,19,34
2024-03-24 20:50:00,15,31,46
2024-03-24 21:00:00,18,20,38
2024-03-24 21:10:00,15,35,50
2024-03-24 21:20:00,15,24,39
2024-03-24 21:30:00,13,23,36
2024-03-24 21:40:00,15,12,27
2024-03-24 21:50:00,17,26,43
2024-03-24 22:00:00,14,15,29
2024-03-24 22:10:00,14,16,30
2024-03-24 22:20:00,9,31,40
2024-03-24 22:30:00,13,16,29
2024-03-24 22:40:00,6,17,23
2024-03-24 22:50:00,6,12,18
2024-03-24 23:00:00,12,9,21
2024-03-24 23:10:00,5,20,25
2024-03-24 23:20:00,12,11,23
2024-03-24 23:30:00,7,14,21
2024-03-24 23:40:00,4,11,15
2024-03-24 23:50:00,2,9,11
2024-03-25 00:00:00,6,7,13
2024-03-25 00:10:00,7,7,14
2024-03-25 00:20:00,3,6,9
2024-03-25 00:30:00,5,5,10
2024-03-25 00:40:00,0,6,6
2024-03-25 00:50:00,4,8,12
2024-03-25 01:00:00,3,0,3
2024-03-25 01:10:00,1,3,4
2024-03-25 01:20:00,1,5,6
2024-03-25 01:30:00,2,0,2
2024-03-25 01:40:00,0,2,2
2024-03-25 01:50:00,3,1,4
2024-03-25 02:00:00,0,2,2
2024-03-25 02:10:00,0,2,2
2024-03-25 02:20:00,1,3,4
2024-03-25 02:30:00,3,3,6
2024-03-25 02:40:00,1,4,5
2024-03-25 02:50:00,3,2,5
2024-03-25 03:00:00,3,3,6
2024-03-25 03:10:00,4,4,8
2024-03-25 03:20:00,1,3,4
2024-03-25 03:30:00,3,0,3
2024-03-25 03:40:00,2,3,5
2024-03-25 03:50:00,1,3,4
2024-03-25 04:00:00,0,7,7
2024-03-25 04:10:00,1,5,6
2024-03-25 04:20:00,4,4,8
2024-03-25 04:30:00,5,7,12
2024-03-25 04:40:00,7,8,15
2024-03-25 04:50:00,2,7,9
2024-03-25 05:00:00,8,16,24
2024-03-25 05:10:00,3,13,16
2024-03-25 05:20:00,11,15,26
2024-03-25 05:30:00,10,19,29
2024-03-25 05:40:00,9,31,40
2024-03-25 05:50:00,14,43,57
2024-03-25 06:00:00,15,33,48
2024-03-25 06:10:00,13,37,50
2024-03-25 06:20:00,23,33,56
2024-03-25 06:30:00,22,45,67
2024-03-25 06:40:00,22,47,69
2024-03-25 06:50:00,16,42,58
2024-03-25 07:00:00,22,43,65
2024-03-25 07:10:00,22,51,73
2024-03-25 07:20:00,18,52,70
2024-03-25 07:30:00,29,69,98
2024-03-25 07:40:00,27,54,81
2024-03-25 07:50:00,20,55,75
2024-03-25 08:00:00,26,41,67
2024-03-25 08:10:00,33,50,83
2024-03-25 08:20:00,25,62,87
2024-03-25 08:30:00,34,47,81
2024-03-25 08:40:00,20,53,73
2024-03-25 08:50:00,32,51,83
2024-03-25 09:00:00,36,52,88
2024-03-25 09:10:00,26,44,70
2024-03-25 09:20:00,39,50,89
2024-03-25 09:30:00,39,69,108
2024-03-25 09:40:00,23,61,84
2024-03-25 09:50:00,44,56,100
2024-03-25 10:00:00,41,47,88
2024-03-25 10:10:00,25,54,79
2024-03-25 10:20:00,33,63,96
2024-03-25 10:30:00,26,45,71
2024-03-25 10:40:00,28,50,78
2024-03-25 10:50:00,38,53,91
2024-03-25 11:00:00,42,54,96
2024-03-25 11:10:00,21,53,74
2024-03-25 11:20:00,33,50,83
2024-03-25 11:30:00,35,46,81
2024-03-25 11:40:00,42,47,89
2024-03-25 11:50:00,43,58,101
2024-03-25 12:00:00,41,54,95
2024-03-25 12:10:00,32,47,79
2024-03-25 12:20:00,29,48,77
2024-03-25 12:30:00,27,48,75
2024-03-25 12:40:00,30,55,85
2024-03-25 12:50:00,24,55,79
2024-03-25 13:00:00,32,52,84
2024-03-25 13:10:00,25,44,69
2024-03-25 13:20:00,39,52,91
2024-03-25 13:30:00,21,53,74
2024-03-25 13:40:00,32,55,87
2024-03-25 13:50:00,24,52,76
2024-03-25 14:00:00,44,50,94
2024-03-25 14:10:00,44,62,106
2024-03-25 14:20:00,29,61,90
2024-03-25 14:30:00,30,50,80
2024-03-25 14:40:00,40,69,109
2024-03-25 14:50:00,32,54,86
2024-03-25 15:00:00,25,45,70
2024-03-25 15:10:00,28,49,77
2024-03-25 15:20:00,34,54,88
2024-03-25 15:30:00,30,49,79
2024-03-25 15:40:00,40,53,93
2024-03-25 15:50:00,32,67,99
2024-03-25 16:00:00,39,50,89
2024-03-25 16:10:00,31,51,82
2024-03-25 16:20:00,28,48,76
2024-03-25 16:30:00,29,51,80
2024-03-25 16:40:00,28,40,68
2024-03-25 16:50:00,46,37,83
2024-03-25 17:00:00,31,40,71
2024-03-25 17:10:00,36,56,92
2024-03-25 17:20:00,14,56,70
2024-03-25 17:30:00,29,56,85
2024-03-25 17:40:00,37,58,95
2024-03-25 17:50:00,25,62,87
2024-03-25 18:00:00,35,69,104
2024-03-25 18:10:00,25,57,82
2024-03-25 18:20:00,26,57,83
2024-03-25 18:30:00,27,57,84
2024-03-25 18:40:00,32,52,84
2024-03-25 18:50:00,19,50,69
2024-03-25 19:00:00,17,31,48
2024-03-25 19:10:00,14,41,55
2024-03-25 19:20:00,18,48,66
2024-03-25 19:30:00,15,39,54
2024-03-25 19:40:00,14,20,34
2024-03-25 19:50:00,15,42,57
2024-03-25 20:00:00,20,30,50
2024-03-25 20:10:00,14,44,58
2024-03-25 20:20:00,19,31,50
2024-03-25 20:30:00,14,31,45
2024-03-25 20:40:00,14,19,33
2024-03-25 20:50:00,14,18,32
2024-03-25 21:00:00,16,31,47
2024-03-25 21:10:00,14,25,39
2024-03-25 21:20:00,19,21,40
2024-03-25 21:30:00,14,24,38
2024-03-25 21:40:00,16,26,42
2024-03-25 21:50:00,9,19,28
2024-03-25 22:00:00,13,18,31
2024-03-25 22:10:00,13,24,37
2024-03-25 22:20:00,15,15,30
2024-03-25 22:30:00,9,23,32
2024-03-25 22:40:00,7,13,20
2024-03-25 22:50:00,8,25,33
2024-03-25 23:00:00,10,21,31
2024-03-25 23:10:00,8,16,24
2024-03-25 23:20:00,7,12,19
2024-03-25 23:30:00,9,6,15
2024-03-25 23:40:00,4,13,17
2024-03-25 23:50:00,3,5,8
2024-03-26 00:00:00,5,3,8
2024-03-26 00:10:00,6,5,11
2024-03-26 00:20:00,4,11,15
2024-03-26 00:30:00,4,14,18
2024-03-26 00:40:00,4,8,12
2024-03-26 00:50:00,2,5,7
2024-03-26 01:00:00,2,5,7
2024-03-26 01:10:00,2,4,6
2024-03-26 01:20:00,2,4,6
2024-03-26 01:30:00,5,3,8
2024-03-26 01:40:00,2,1,3
2024-03-26 01:50:00,2,0,2
2024-03-26 02:00:00,2,0,2
2024-03-26 02:10:00,0,6,6
2024-03-26 02:20:00,1,2,3
2024-03-26 02:30:00,3,3,6
2024-03-26 02:40:00,1,0,1
2024-03-26 02:50:00,1,0,1
2024-03-26 03:00:00,0,0,0
2024-03-26 03:10:00,3,2,5
2024-03-26 03:20:00,2,1,3
2024-03-26 03:30:00,0,1,1
2024-03-26 03:40:00,2,1,3
2024-03-26 03:50:00,1,1,2
2024-03-26 04:00:00,0,3,3
2024-03-26 04:10:00,1,1,2
2024-03-26 04:20:00,3,1,4
2024-03-26 04:30:00,6,4,10
2024-03-26 04:40:00,6,7,13
2024-03-26 04:50:00,2,9,11
2024-03-26 05:00:00,5,7,12
2024-03-26 05:10:00,6,11,17
2024-03-26 05:20:00,10,18,28
2024-03-26 05:30:00,6,13,19
2024-03-26 05:40:00,9,41,50
2024-03-26 05:50:00,7,48,55
2024-03-26 06:00:00,14,33,47
2024-03-26 06:10:00,11,39,50
2024-03-26 06:20:00,16,45,61
2024-03-26 06:30:00,18,54,72
2024-03-26 06:40:00,18,37,55
2024-03-26 06:50:00,22,42,64
2024-03-26 07:00:00,19,51,70
2024-03-26 07:10:00,25,52,77
2024-03-26 07:20:00,23,53,76
2024-03-26 07:30:00,25,47,72
2024-03-26 07:40:00,22,44,66
2024-03-26 07:50:00,21,39,60
2024-03-26 08:00:00,17,56,73
2024-03-26 08:10:00,22,48,70
2024-03-26 08:20:00,19,59,78
2024-03-26 08:30:00,19,55,74
2024-03-26 08:40:00,35,52,87
2024-03-26 08:50:00,23,35,58
2024-03-26 09:00:00,24,52,76
2024-03-26 09:10:00,30,31,61
2024-03-26 09:20:00,26,45,71
2024-03-26 09:30:00,38,63,101
2024-03-26 09:40:00,15,49,64
2024-03-26 09:50:00,22,60,82
2024-03-26 10:00:00,23,56,79
2024-03-26 10:10:00,28,45,73
2024-03-26 10:20:00,35,50,85
2024-03-26 10:30:00,23,50,73
2024-03-26 10:40:00,29,42,71
2024-03-26 10:50:00,36,56,92
2024-03-26 11:00:00,27,63,90
2024-03-26 11:10:00,28,49,77
2024-03-26 11:20:00,21,50,71
2024-03-26 11:30:00,20,53,73
2024-03-26 11:40:00,24,58,82
2024-03-26 11:50:00,24,49,73
2024-03-26 12:00:00,23,56,79
2024-03-26 12:10:00,35,58,93
2024-03-26 12:20:00,29,46,75
2024-03-26 12:30:00,26,40,66
2024-03-26 12:40:00,40,50,90
2024-03-26 12:50:00,35,51,86
2024-03-26 13:00:00,31,57,88
2024-03-26 13:10:00,27,49,76
2024-03-26 13:20:00,40,62,102
2024-03-26 13:30:00,30,59,89
2024-03-26 13:40:00,44,63,107
2024-03-26 13:50:00,37,59,96
2024-03-26 14:00:00,39,60,99
2024-03-26 14:10:00,31,73,104
2024-03-26 14:20:00,47,61,108
2024-03-26 14:30:00,21,44,65
2024-03-26 14:40:00,31,53,84
2024-03-26 14:50:00,22,53,75
2024-03-26 15:00:00,16,56,72
2024-03-26 15:10:00,28,42,70
2024-03-26 15:20:00,26,50,76
2024-03-26 15:30:00,27,56,83
2024-03-26 15:40:00,25,46,71
2024-03-26 15:50:00,24,47,71
2024-03-26 16:00:00,27,61,88
2024-03-26 16:10:00,29,46,75
2024-03-26 16:20:00,28,44,72
2024-03-26 16:30:00,27,48,75
2024-03-26 16:40:00,43,50,93
2024-03-26 16:50:00,35,46,81
2024-03-26 17:00:00,35,59,94
2024-03-26 17:10:00,28,58,86
2024-03-26 17:20:00,19,56,75
2024-03-26 17:30:00,16,47,63
2024-03-26 17:40:00,18,59,77
2024-03-26 17:50:00,29,53,82
2024-03-26 18:00:00,18,47,65
2024-03-26 18:10:00,21,50,71
2024-03-26 18:20:00,29,55,84
2024-03-26 18:30:00,21,51,72
2024-03-26 18:40:00,25,46,71
2024-03-26 18:50:00,13,49,62
2024-03-26 19:00:00,21,36,57
2024-03-26 19:10:00,16,38,54
2024-03-26 19:20:00,18,33,51
2024-03-26 19:30:00,16,32,48
2024-03-26 19:40:00,18,36,54
2024-03-26 19:50:00,16,33,49
2024-03-26 20:00:00,19,24,43
2024-03-26 20:10:00,20,21,41
2024-03-26 20:20:00,15,27,42
2024-03-26 20:30:00,17,35,52
2024-03-26 20:40:00,14,27,41
2024-03-26 20:50:00,9,20,29
2024-03-26 21:00:00,20,20,40
2024-03-26 21:10:00,19,23,42
2024-03-26 21:20:00,19,20,39
2024-03-26 21:30:00,11,15,26
2024-03-26 21:40:00,8,15,23
2024-03-26 21:50:00,16,17,33
2024-03-26 22:00:00,11,18,29
2024-03-26 22:10:00,13,25,38
2024-03-26 22:20:00,7,22,29
2024-03-26 22:30:00,11,14,25
2024-03-26 22:40:00,6,15,21
2024-03-26 22:50:00,8,22,30
2024-03-26 23:00:00,11,19,30
2024-03-26 23:10:00,8,12,20
2024-03-26 23:20:00,5,6,11
2024-03-26 23:30:00,9,9,18
2024-03-26 23:40:00,8,8,16
2024-03-26 23:50:00,6,11,17
2024-03-27 00:00:00,12,13,25
2024-03-27 00:10:00,5,9,14
2024-03-27 00:20:00,7,6,13
2024-03-27 00:30:00,6,6,12
2024-03-27 00:40:00,5,9,14
2024-03-27 00:50:00,3,5,8
2024-03-27 01:00:00,3,4,7
2024-03-27 01:10:00,1,7,8
2024-03-27 01:20:00,0,3,3
2024-03-27 01:30:00,1,7,8
2024-03-27 01:40:00,4,3,7
2024-03-27 01:50:00,4,2,6
2024-03-27 02:00:00,2,1,3
2024-03-27 02:10:00,4,2,6
2024-03-27 02:20:00,5,4,9
2024-03-27 02:30:00,2,2,4
2024-03-27 02:40:00,2,4,6
2024-03-27 02:50:00,2,3,5
2024-03-27 03:00:00,2,2,4
2024-03-27 03:10:00,2,0,2
2024-03-27 03:20:00,0,1,1
2024-03-27 03:30:00,1,2,3
2024-03-27 03:40:00,1,2,3
2024-03-27 03:50:00,3,1,4
2024-03-27 04:00:00,1,3,4
2024-03-27 04:10:00,4,2,6
2024-03-27 04:20:00,4,5,9
2024-03-27 04:30:00,2,7,9
2024-03-27 04:40:00,3,11,14
2024-03-27 04:50:00,5,6,11
2024-03-27 05:00:00,4,12,16
2024-03-27 05:10:00,5,10,15
2024-03-27 05:20:00,8,24,32
2024-03-27 05:30:00,8,14,22
2024-03-27 05:40:00,8,27,35
2024-03-27 05:50:00,11,26,37
2024-03-27 06:00:00,13,33,46
2024-03-27 06:10:00,11,37,48
2024-03-27 06:20:00,16,41,57
2024-03-27 06:30:00,18,31,49
2024-03-27 06:40:00,18,47,65
2024-03-27 06:50:00,26,49,75
2024-03-27 07:00:00,27,43,70
2024-03-27 07:10:00,27,48,75
2024-03-27 07:20:00,27,53,80
2024-03-27 07:30:00,22,49,71
2024-03-27 07:40:00,31,50,81
2024-03-27 07:50:00,27,59,86
2024-03-27 08:00:00,22,47,69
2024-03-27 08:10:00,17,52,69
2024-03-27 08:20:00,24,51,75
2024-03-27 08:30:00,30,60,90
2024-03-27 08:40:00,26,48,74
2024-03-27 08:50:00,21,47,68
2024-03-27 09:00:00,23,55,78
2024-03-27 09:10:00,27,47,74
2024-03-27 09:20:00,23,40,63
2024-03-27 09:30:00,33,62,95
2024-03-27 09:40:00,35,48,83
2024-03-27 09:50:00,21,54,75
2024-03-27 10:00:00,32,53,85
2024-03-27 10:10:00,30,52,82
2024-03-27 10:20:00,35,61,96
2024-03-27 10:30:00,29,55,84
2024-03-27 10:40:00,20,53,73
2024-03-27 10:50:00,33,48,81
2024-03-27 11:00:00,37,43,80
2024-03-27 11:10:00,31,49,80
2024-03-27 11:20:00,32,51,83
2024-03-27 11:30:00,28,41,69
2024-03-27 11:40:00,28,45,73
2024-03-27 11:50:00,36,45,81
2024-03-27 12:00:00,27,51,78
2024-03-27 12:10:00,26,60,86
2024-03-27 12:20:00,33,54,87
2024-03-27 12:30:00,28,47,75
2024-03-27 12:40:00,28,56,84
2024-03-27 12:50:00,28,56,84
2024-03-27 13:00:00,36,51,87
2024-03-27 13:10:00,21,58,79
2024-03-27 13:20:00,29,65,94
2024-03-27 13:30:00,30,47,77
2024-03-27 13:40:00,31,49,80
2024-03-27 13:50:00,28,54,82
2024-03-27 14:00:00,19,49,68
2024-03-27 14:10:00,32,70,102
2024-03-27 14:20:00,26,66,92
2024-03-27 14:30:00,25,46,71
2024-03-27 14:40:00,28,59,87
2024-03-27 14:50:00,29,45,74
2024-03-27 15:00:00,38,62,100
2024-03-27 15:10:00,21,59,80
2024-03-27 15:20:00,29,66,95
2024-03-27 15:30:00,14,58,72
2024-03-27 15:40:00,35,67,102
2024-03-27 15:50:00,27,62,89
2024-03-27 16:00:00,25,58,83
2024-03-27 16:10:00,25,59,84
2024-03-27 16:20:00,28,58,86
2024-03-27 16:30:00,23,52,75
2024-03-27 16:40:00,18,57,75
2024-03-27 16:50:00,17,53,70
2024-03-27 17:00:00,15,57,72
2024-03-27 17:10:00,17,51,68
2024-03-27 17:20:00,16,52,68
2024-03-27 17:30:00,18,65,83
2024-03-27 17:40:00,16,70,86
2024-03-27 17:50:00,13,45,58
2024-03-27 18:00:00,12,45,57
2024-03-27 18:10:00,16,60,76
2024-03-27 18:20:00,18,64,82
2024-03-27 18:30:00,19,58,77
2024-03-27 18:40:00,15,49,64
2024-03-27 18:50:00,14,35,49
2024-03-27 19:00:00,20,32,52
2024-03-27 19:10:00,20,27,47
2024-03-27 19:20:00,19,23,42
2024-03-27 19:30:00,18,30,48
2024-03-27 19:40:00,18,13,31
2024-03-27 19:50:00,13,18,31
2024-03-27 20:00:00,16,15,31
2024-03-27 20:10:00,17,14,31
2024-03-27 20:20:00,15,23,38
2024-03-27 20:30:00,13,18,31
2024-03-27 20:40:00,12,17,29
2024-03-27 20:50:00,14,17,31
2024-03-27 21:00:00,10,21,31
2024-03-27 21:10:00,15,11,26
2024-03-27 21:20:00,15,23,38
2024-03-27 21:30:00,14,16,30
2024-03-27 21:40:00,13,13,26
2024-03-27 21:50:00,18,22,40
2024-03-27 22:00:00,13,13,26
2024-03-27 22:10:00,10,26,36
2024-03-27 22:20:00,16,30,46
2024-03-27 22:30:00,17,20,37
2024-03-27 22:40:00,8,17,25
2024-03-27 22:50:00,11,15,26
2024-03-27 23:00:00,13,24,37
2024-03-27 23:10:00,7,10,17
2024-03-27 23:20:00,5,18,23
2024-03-27 23:30:00,7,10,17
2024-03-27 23:40:00,5,4,9
2024-03-27 23:50:00,6,8,14
2024-03-28 00:00:00,8,4,12
2024-03-28 00:10:00,4,11,15
2024-03-28 00:20:00,6,14,20
2024-03-28 00:30:00,3,10,13
2024-03-28 00:40:00,1,2,3
2024-03-28 00:50:00,1,10,11
2024-03-28 01:00:00,4,10,14
2024-03-28 01:10:00,2,8,10
2024-03-28 01:20:00,4,9,13
2024-03-28 01:30:00,0,2,2
2024-03-28 01:40:00,3,3,6
2024-03-28 01:50:00,4,0,4
2024-03-28 02:00:00,1,3,4
2024-03-28 02:10:00,2,1,3
2024-03-28 02:20:00,3,1,4
2024-03-28 02:30:00,1,3,4
2024-03-28 02:40:00,1,3,4
2024-03-28 02:50:00,1,2,3
2024-03-28 03:00:00,1,3,4
2024-03-28 03:10:00,1,0,1
2024-03-28 03:20:00,1,1,2
2024-03-28 03:30:00,1,2,3
2024-03-28 03:40:00,3,4,7
2024-03-28 03:50:00,4,3,7
2024-03-28 04:00:00,0,1,1
2024-03-28 04:10:00,4,4,8
2024-03-28 04:20:00,3,6,9
2024-03-28 04:30:00,5,8,13
2024-03-28 04:40:00,5,5,10
2024-03-28 04:50:00,3,8,11
2024-03-28 05:00:00,3,13,16
2024-03-28 05:10:00,6,15,21
2024-03-28 05:20:00,13,15,28
2024-03-28 05:30:00,10,22,32
2024-03-28 05:40:00,12,30,42
2024-03-28 05:50:00,10,31,41
2024-03-28 06:00:00,11,25,36
2024-03-28 06:10:00,13,26,39
2024-03-28 06:20:00,13,42,55
2024-03-28 06:30:00,16,37,53
2024-03-28 06:40:00,27,43,70
2024-03-28 06:50:00,13,38,51
2024-03-28 07:00:00,20,52,72
2024-03-28 07:10:00,22,40,62
2024-03-28 07:20:00,22,52,74
2024-03-28 07:30:00,16,49,65
2024-03-28 07:40:00,30,59,89
2024-03-28 07:50:00,28,58,86
2024-03-28 08:00:00,33,52,85
2024-03-28 08:10:00,16,41,57
2024-03-28 08:20:00,16,50,66
2024-03-28 08:30:00,13,54,67
2024-03-28 08:40:00,19,44,63
2024-03-28 08:50:00,16,58,74
2024-03-28 09:00:00,20,44,64
2024-03-28 09:10:00,22,47,69
2024-03-28 09:20:00,20,51,71
2024-03-28 09:30:00,25,58,83
2024-03-28 09:40:00,24,60,84
2024-03-28 09:50:00,17,47,64
2024-03-28 10:00:00,19,55,74
2024-03-28 10:10:00,14,52,66
2024-03-28 10:20:00,18,55,73
2024-03-28 10:30:00,15,48,63
2024-03-28 10:40:00,28,57,85
2024-03-28 10:50:00,27,52,79
2024-03-28 11:00:00,24,54,78
2024-03-28 11:10:00,20,69,89
2024-03-28 11:20:00,24,55,79
2024-03-28 11:30:00,26,53,79
2024-03-28 11:40:00,29,60,89
2024-03-28 11:50:00,35,65,100
2024-03-28 12:00:00,21,53,74
2024-03-28 12:10:00,25,49,74
2024-03-28 12:20:00,25,53,78
2024-03-28 12:30:00,23,47,70
2024-03-28 12:40:00,30,60,90
2024-03-28 12:50:00,19,46,65
2024-03-28 13:00:00,32,49,81
2024-03-28 13:10:00,32,51,83
2024-03-28 13:20:00,24,47,71
2024-03-28 13:30:00,28,61,89
2024-03-28 13:40:00,26,51,77
2024-03-28 13:50:00,29,62,91
2024-03-28 14:00:00,26,56,82
2024-03-28 14:10:00,34,58,92
2024-03-28 14:20:00,27,61,88
2024-03-28 14:30:00,28,51,79
2024-03-28 14:40:00,18,65,83
2024-03-28 14:50:00,20,42,62
2024-03-28 15:00:00,27,58,85
2024-03-28 15:10:00,35,35,70
2024-03-28 15:20:00,35,58,93
2024-03-28 15:30:00,17,60,77
2024-03-28 15:40:00,23,59,82
2024-03-28 15:50:00,23,68,91
2024-03-28 16:00:00,28,48,76
2024-03-28 16:10:00,20,51,71
2024-03-28 16:20:00,11,49,60
2024-03-28 16:30:00,27,54,81
2024-03-28 16:40:00,26,69,95
2024-03-28 16:50:00,19,55,74
2024-03-28 17:00:00,32,56,88
2024-03-28 17:10:00,34,58,92
2024-03-28 17:20:00,24,63,87
2024-03-28 17:30:00,33,55,88
2024-03-28 17:40:00,27,57,84
2024-03-28 17:50:00,33,53,86
2024-03-28 18:00:00,23,56,79
2024-03-28 18:10:00,26,59,85
2024-03-28 18:20:00,31,58,89
2024-03-28 18:30:00,31,46,77
2024-03-28 18:40:00,24,50,74
2024-03-28 18:50:00,21,49,70
2024-03-28 19:00:00,17,45,62
2024-03-28 19:10:00,15,46,61
2024-03-28 19:20:00,13,34,47
2024-03-28 19:30:00,15,37,52
2024-03-28 19:40:00,15,34,49
2024-03-28 19:50:00,18,25,43
2024-03-28 20:00:00,20,38,58
2024-03-28 20:10:00,18,34,52
2024-03-28 20:20:00,14,34,48
2024-03-28 20:30:00,23,37,60
2024-03-28 20:40:00,16,27,43
2024-03-28 20:50:00,14,23,37
2024-03-28 21:00:00,19,32,51
2024-03-28 21:10:00,10,28,38
2024-03-28 21:20:00,18,27,45
2024-03-28 21:30:00,14,26,40
2024-03-28 21:40:00,8,17,25
2024-03-28 21:50:00,15,17,32
2024-03-28 22:00:00,17,27,44
2024-03-28 22:10:00,7,29,36
2024-03-28 22:20:00,19,27,46
2024-03-28 22:30:00,18,21,39
2024-03-28 22:40:00,10,23,33
2024-03-28 22:50:00,14,11,25
2024-03-28 23:00:00,10,22,32
2024-03-28 23:10:00,13,16,29
2024-03-28 23:20:00,10,20,30
2024-03-28 23:30:00,17,13,30
2024-03-28 23:40:00,10,10,20
2024-03-28 23:50:00,12,8,20
2024-03-29 00:00:00,16,10,26
2024-03-29 00:10:00,5,7,12
2024-03-29 00:20:00,6,15,21
2024-03-29 00:30:00,7,7,14
2024-03-29 00:40:00,8,9,17
2024-03-29 00:50:00,4,3,7
2024-03-29 01:00:00,7,16,23
2024-03-29 01:10:00,5,9,14
2024-03-29 01:20:00,4,12,16
2024-03-29 01:30:00,1,6,7
2024-03-29 01:40:00,2,6,8
2024-03-29 01:50:00,4,2,6
2024-03-29 02:00:00,3,3,6
2024-03-29 02:10:00,7,3,10
2024-03-29 02:20:00,4,6,10
2024-03-29 02:30:00,3,5,8
2024-03-29 02:40:00,2,2,4
2024-03-29 02:50:00,3,8,11
2024-03-29 03:00:00,2,3,5
2024-03-29 03:10:00,5,0,5
2024-03-29 03:20:00,1,0,1
2024-03-29 03:30:00,4,4,8
2024-03-29 03:40:00,1,4,5
2024-03-29 03:50:00,2,2,4
2024-03-29 04:00:00,5,3,8
2024-03-29 04:10:00,1,6,7
2024-03-29 04:20:00,0,0,0
2024-03-29 04:30:00,4,2,6
2024-03-29 04:40:00,2,2,4
2024-03-29 04:50:00,3,5,8
2024-03-29 05:00:00,1,3,4
2024-03-29 05:10:00,8,4,12
2024-03-29 05:20:00,6,3,9
2024-03-29 05:30:00,9,6,15
2024-03-29 05:40:00,6,3,9
2024-03-29 05:50:00,3,9,12
2024-03-29 06:00:00,6,5,11
2024-03-29 06:10:00,4,6,10
2024-03-29 06:20:00,3,13,16
2024-03-29 06:30:00,5,13,18
2024-03-29 06:40:00,7,10,17
2024-03-29 06:50:00,6,13,19
2024-03-29 07:00:00,8,14,22
2024-03-29 07:10:00,6,8,14
2024-03-29 07:20:00,4,6,10
2024-03-29 07:30:00,8,14,22
2024-03-29 07:40:00,1,6,7
2024-03-29 07:50:00,9,16,25
2024-03-29 08:00:00,6,18,24
2024-03-29 08:10:00,7,12,19
2024-03-29 08:20:00,6,11,17
2024-03-29 08:30:00,7,17,24
2024-03-29 08:40:00,10,17,27
2024-03-29 08:50:00,6,18,24
2024-03-29 09:00:00,15,22,37
2024-03-29 09:10:00,9,11,20
2024-03-29 09:20:00,12,21,33
2024-03-29 09:30:00,14,22,36
2024-03-29 09:40:00,16,29,45
2024-03-29 09:50:00,14,27,41
2024-03-29 10:00:00,14,32,46
2024-03-29 10:10:00,15,25,40
2024-03-29 10:20:00,20,34,54
2024-03-29 10:30:00,13,27,40
2024-03-29 10:40:00,13,32,45
2024-03-29 10:50:00,18,36,54
2024-03-29 11:00:00,15,34,49
2024-03-29 11:10:00,14,42,56
2024-03-29 11:20:00,12,55,67
2024-03-29 11:30:00,13,37,50
2024-03-29 11:40:00,19,37,56
2024-03-29 11:50:00,10,28,38
2024-03-29 12:00:00,16,39,55
2024-03-29 12:10:00,14,32,46
2024-03-29 12:20:00,19,30,49
2024-03-29 12:30:00,21,37,58
2024-03-29 12:40:00,13,32,45
2024-03-29 12:50:00,17,40,57
2024-03-29 13:00:00,18,33,51
2024-03-29 13:10:00,17,32,49
2024-03-29 13:20:00,19,38,57
2024-03-29 13:30:00,18,31,49
2024-03-29 13:40:00,18,35,53
2024-03-29 13:50:00,19,39,58
2024-03-29 14:00:00,20,40,60
2024-03-29 14:10:00,27,45,72
2024-03-29 14:20:00,22,45,67
2024-03-29 14:30:00,15,49,64
2024-03-29 14:40:00,21,48,69
2024-03-29 14:50:00,15,38,53
2024-03-29 15:00:00,17,39,56
2024-03-29 15:10:00,16,45,61
2024-03-29 15:20:00,22,44,66
2024-03-29 15:30:00,19,48,67
2024-03-29 15:40:00,20,39,59
2024-03-29 15:50:00,14,37,51
2024-03-29 16:00:00,18,46,64
2024-03-29 16:10:00,17,45,62
2024-03-29 16:20:00,15,39,54
2024-03-29 16:30:00,26,42,68
2024-03-29 16:40:00,15,25,40
2024-03-29 16:50:00,15,40,55
2024-03-29 17:00:00,17,47,64
2024-03-29 17:10:00,17,37,54
2024-03-29 17:20:00,16,41,57
2024-03-29 17:30:00,17,38,55
2024-03-29 17:40:00,17,38,55
2024-03-29 17:50:00,17,49,66
2024-03-29 18:00:00,19,42,61
2024-03-29 18:10:00,14,39,53
2024-03-29 18:20:00,17,44,61
2024-03-29 18:30:00,20,48,68
2024-03-29 18:40:00,18,42,60
2024-03-29 18:50:00,15,38,53
2024-03-29 19:00:00,16,34,50
2024-03-29 19:10:00,11,22,33
2024-03-29 19:20:00,15,23,38
2024-03-29 19:30:00,14,20,34
2024-03-29 19:40:00,14,19,33
2024-03-29 19:50:00,15,19,34
2024-03-29 20:00:00,17,19,36
2024-03-29 20:10:00,12,12,24
2024-03-29 20:20:00,13,25,38
2024-03-29 20:30:00,18,14,32
2024-03-29 20:40:00,14,19,33
2024-03-29 20:50:00,15,15,30
2024-03-29 21:00:00,14,15,29
2024-03-29 21:10:00,9,16,25
2024-03-29 21:20:00,11,28,39
2024-03-29 21:30:00,11,12,23
2024-03-29 21:40:00,11,15,26
2024-03-29 21:50:00,14,21,35
2024-03-29 22:00:00,10,20,30
2024-03-29 22:10:00,11,23,34
2024-03-29 22:20:00,12,10,22
2024-03-29 22:30:00,9,15,24
2024-03-29 22:40:00,10,14,24
2024-03-29 22:50:00,9,9,18
2024-03-29 23:00:00,14,19,33
2024-03-29 23:10:00,10,6,16
2024-03-29 23:20:00,10,10,20
2024-03-29 23:30:00,7,13,20
2024-03-29 23:40:00,7,9,16
2024-03-29 23:50:00,4,7,11
2024-03-30 00:00:00,6,8,14
2024-03-30 00:10:00,9,12,21
2024-03-30 00:20:00,10,8,18
2024-03-30 00:30:00,5,8,13
2024-03-30 00:40:00,5,11,16
2024-03-30 00:50:00,10,7,17
2024-03-30 01:00:00,5,4,9
2024-03-30 01:10:00,11,7,18
2024-03-30 01:20:00,5,1,6
2024-03-30 01:30:00,5,4,9
2024-03-30 01:40:00,3,5,8
2024-03-30 01:50:00,3,4,7
2024-03-30 02:00:00,6,3,9
2024-03-30 02:10:00,4,1,5
2024-03-30 02:20:00,1,9,10
2024-03-30 02:30:00,3,3,6
2024-03-30 02:40:00,6,2,8
2024-03-30 02:50:00,3,0,3
2024-03-30 03:00:00,2,3,5
2024-03-30 03:10:00,4,1,5
2024-03-30 03:20:00,4,2,6
2024-03-30 03:30:00,4,2,6
2024-03-30 03:40:00,4,4,8
2024-03-30 03:50:00,1,5,6
2024-03-30 04:00:00,2,5,7
2024-03-30 04:10:00,3,6,9
2024-03-30 04:20:00,2,1,3
2024-03-30 04:30:00,2,2,4
2024-03-30 04:40:00,1,3,4
2024-03-30 04:50:00,4,1,5
2024-03-30 05:00:00,5,3,8
2024-03-30 05:10:00,8,7,15
2024-03-30 05:20:00,4,11,15
2024-03-30 05:30:00,11,8,19
2024-03-30 05:40:00,6,8,14
2024-03-30 05:50:00,3,8,11
2024-03-30 06:00:00,5,13,18
2024-03-30 06:10:00,5,12,17
2024-03-30 06:20:00,7,11,18
2024-03-30 06:30:00,6,7,13
2024-03-30 06:40:00,6,14,20
2024-03-30 06:50:00,4,10,14
2024-03-30 07:00:00,8,21,29
2024-03-30 07:10:00,7,18,25
2024-03-30 07:20:00,8,17,25
2024-03-30 07:30:00,12,19,31
2024-03-30 07:40:00,12,20,32
2024-03-30 07:50:00,9,13,22
2024-03-30 08:00:00,12,21,33
2024-03-30 08:10:00,16,33,49
2024-03-30 08:20:00,13,21,34
2024-03-30 08:30:00,20,29,49
2024-03-30 08:40:00,23,40,63
2024-03-30 08:50:00,19,34,53
2024-03-30 09:00:00,26,32,58
2024-03-30 09:10:00,26,40,66
2024-03-30 09:20:00,27,46,73
2024-03-30 09:30:00,25,43,68
2024-03-30 09:40:00,30,53,83
2024-03-30 09:50:00,29,46,75
2024-03-30 10:00:00,26,38,64
2024-03-30 10:10:00,25,39,64
2024-03-30 10:20:00,28,46,74
2024-03-30 10:30:00,33,60,93
2024-03-30 10:40:00,37,48,85
2024-03-30 10:50:00,25,61,86
2024-03-30 11:00:00,28,39,67
2024-03-30 11:10:00,31,40,71
2024-03-30 11:20:00,32,55,87
2024-03-30 11:30:00,42,54,96
2024-03-30 11:40:00,31,50,81
2024-03-30 11:50:00,26,57,83
2024-03-30 12:00:00,33,45,78
2024-03-30 12:10:00,33,55,88
2024-03-30 12:20:00,32,40,72
2024-03-30 12:30:00,47,52,99
2024-03-30 12:40:00,30,51,81
2024-03-30 12:50:00,35,45,80
2024-03-30 13:00:00,31,52,83
2024-03-30 13:10:00,39,50,89
2024-03-30 13:20:00,35,53,88
2024-03-30 13:30:00,31,57,88
2024-03-30 13:40:00,39,53,92
2024-03-30 13:50:00,33,48,81
2024-03-30 14:00:00,27,49,76
2024-03-30 14:10:00,38,56,94
2024-03-30 14:20:00,31,57,88
2024-03-30 14:30:00,29,43,72
2024-03-30 14:40:00,32,61,93
2024-03-30 14:50:00,28,50,78
2024-03-30 15:00:00,31,59,90
2024-03-30 15:10:00,29,49,78
2024-03-30 15:20:00,33,38,71
2024-03-30 15:30:00,18,42,60
2024-03-30 15:40:00,34,43,77
2024-03-30 15:50:00,49,67,116
2024-03-30 16:00:00,24,36,60
2024-03-30 16:10:00,31,48,79
2024-03-30 16:20:00,31,41,72
2024-03-30 16:30:00,29,62,91
2024-03-30 16:40:00,23,40,63
2024-03-30 16:50:00,31,46,77
2024-03-30 17:00:00,28,39,67
2024-03-30 17:10:00,28,42,70
2024-03-30 17:20:00,32,52,84
2024-03-30 17:30:00,45,54,99
2024-03-30 17:40:00,38,50,88
2024-03-30 17:50:00,25,46,71
2024-03-30 18:00:00,27,58,85
2024-03-30 18:10:00,28,49,77
2024-03-30 18:20:00,33,51,84
2024-03-30 18:30:00,29,41,70
2024-03-30 18:40:00,29,49,78
2024-03-30 18:50:00,22,51,73
2024-03-30 19:00:00,17,36,53
2024-03-30 19:10:00,13,35,48
2024-03-30 19:20:00,14,27,41
2024-03-30 19:30:00,15,23,38
2024-03-30 19:40:00,15,30,45
2024-03-30 19:50:00,18,33,51
2024-03-30 20:00:00,17,30,47
2024-03-30 20:10:00,21,31,52
2024-03-30 20:20:00,17,30,47
2024-03-30 20:30:00,21,14,35
2024-03-30 20:40:00,15,36,51
2024-03-30 20:50:00,17,34,51
2024-03-30 21:00:00,9,22,31
2024-03-30 21:10:00,18,25,43
2024-03-30 21:20:00,12,26,38
2024-03-30 21:30:00,17,18,35
2024-03-30 21:40:00,16,26,42
2024-03-30 21:50:00,15,26,41
2024-03-30 22:00:00,16,15,31
2024-03-30 22:10:00,16,35,51
2024-03-30 22:20:00,12,18,30
2024-03-30 22:30:00,15,16,31
2024-03-30 22:40:00,10,15,25
2024-03-30 22:50:00,7,12,19
2024-03-30 23:00:00,14,28,42
2024-03-30 23:10:00,13,25,38
2024-03-30 23:20:00,15,16,31
2024-03-30 23:30:00,10,14,24
2024-03-30 23:40:00,9,9,18
2024-03-30 23:50:00,9,14,23
2024-03-31 00:00:00,10,13,23
2024-03-31 00:10:00,6,13,19
2024-03-31 00:20:00,10,7,17
2024-03-31 00:30:00,9,17,26
2024-03-31 00:40:00,11,10,21
2024-03-31 00:50:00,4,16,20
2024-03-31 01:00:00,7,8,15
2024-03-31 01:10:00,2,7,9
2024-03-31 01:20:00,6,4,10
2024-03-31 01:30:00,4,5,9
2024-03-31 01:40:00,8,7,15
2024-03-31 01:50:00,4,5,9
2024-03-31 02:00:00,0,0,0
2024-03-31 02:10:00,0,0,0
2024-03-31 02:20:00,0,0,0
2024-03-31 02:30:00,0,0,0
2024-03-31 02:40:00,0,0,0
2024-03-31 02:50:00,0,0,0
2024-03-31 03:00:00,0,0,0
2024-03-31 03:10:00,0,0,0
2024-03-31 03:20:00,0,0,0
2024-03-31 03:30:00,0,0,0
2024-03-31 03:40:00,0,0,0
2024-03-31 03:50:00,0,0,0
2024-03-31 04:00:00,7,4,11
2024-03-31 04:10:00,0,5,5
2024-03-31 04:20:00,3,2,5
2024-03-31 04:30:00,4,4,8
2024-03-31 04:40:00,2,0,2
2024-03-31 04:50:00,4,2,6
2024-03-31 05:00:00,2,4,6
2024-03-31 05:10:00,4,2,6
2024-03-31 05:20:00,6,8,14
2024-03-31 05:30:00,5,6,11
2024-03-31 05:40:00,4,7,11
2024-03-31 05:50:00,4,10,14
2024-03-31 06:00:00,9,4,13
2024-03-31 06:10:00,6,3,9
2024-03-31 06:20:00,3,8,11
2024-03-31 06:30:00,4,9,13
2024-03-31 06:40:00,3,6,9
2024-03-31 06:50:00,1,4,5
2024-03-31 07:00:00,4,6,10
2024-03-31 07:10:00,9,7,16
2024-03-31 07:20:00,4,12,16
2024-03-31 07:30:00,4,13,17
2024-03-31 07:40:00,7,7,14
2024-03-31 07:50:00,9,14,23
2024-03-31 08:00:00,8,6,14
2024-03-31 08:10:00,12,12,24
2024-03-31 08:20:00,5,10,15
2024-03-31 08:30:00,8,14,22
2024-03-31 08:40:00,10,14,24
2024-03-31 08:50:00,6,12,18
2024-03-31 09:00:00,10,17,27
2024-03-31 09:10:00,9,23,32
2024-03-31 09:20:00,12,28,40
2024-03-31 09:30:00,11,25,36
2024-03-31 09:40:00,16,42,58
2024-03-31 09:50:00,16,36,52
2024-03-31 10:00:00,19,30,49
2024-03-31 10:10:00,13,28,41
2024-03-31 10:20:00,17,36,53
2024-03-31 10:30:00,11,43,54
2024-03-31 10:40:00,33,45,78
2024-03-31 10:50:00,16,43,59
2024-03-31 11:00:00,17,44,61
2024-03-31 11:10:00,25,45,70
2024-03-31 11:20:00,22,44,66
2024-03-31 11:30:00,25,43,68
2024-03-31 11:40:00,22,39,61
2024-03-31 11:50:00,30,48,78
2024-03-31 12:00:00,35,41,76
2024-03-31 12:10:00,23,39,62
2024-03-31 12:20:00,34,54,88
2024-03-31 12:30:00,39,38,77
2024-03-31 12:40:00,22,42,64
2024-03-31 12:50:00,24,44,68
2024-03-31 13:00:00,28,39,67
2024-03-31 13:10:00,30,30,60
2024-03-31 13:20:00,27,46,73
2024-03-31 13:30:00,26,30,56
2024-03-31 13:40:00,35,45,80
2024-03-31 13:50:00,50,50,100
2024-03-31 14:00:00,32,47,79
2024-03-31 14:10:00,35,60,95
2024-03-31 14:20:00,35,44,79
2024-03-31 14:30:00,38,49,87
2024-03-31 14:40:00,36,61,97
2024-03-31 14:50:00,31,61,92
2024-03-31 15:00:00,34,43,77
2024-03-31 15:10:00,33,51,84
2024-03-31 15:20:00,26,53,79
2024-03-31 15:30:00,34,38,72
2024-03-31 15:40:00,31,37,68
2024-03-31 15:50:00,39,44,83
2024-03-31 16:00:00,20,41,61
2024-03-31 16:10:00,20,42,62
2024-03-31 16:20:00,24,36,60
2024-03-31 16:30:00,33,39,72
2024-03-31 16:40:00,44,44,88
2024-03-31 16:50:00,33,42,75
2024-03-31 17:00:00,29,44,73
2024-03-31 17:10:00,30,59,89
2024-03-31 17:20:00,30,46,76
2024-03-31 17:30:00,57,38,95
2024-03-31 17:40:00,31,53,84
2024-03-31 17:50:00,27,45,72
2024-03-31 18:00:00,23,45,68
2024-03-31 18:10:00,25,45,70
2024-03-31 18:20:00,26,52,78
2024-03-31 18:30:00,25,45,70
2024-03-31 18:40:00,29,45,74
2024-03-31 18:50:00,32,51,83
2024-03-31 19:00:00,22,47,69
2024-03-31 19:10:00,25,39,64
2024-03-31 19:20:00,33,47,80
2024-03-31 19:30:00,38,53,91
2024-03-31 19:40:00,31,47,78
2024-03-31 19:50:00,18,41,59
2024-03-31 20:00:00,20,39,59
2024-03-31 20:10:00,14,29,43
2024-03-31 20:20:00,13,28,41
2024-03-31 20:30:00,14,22,36
2024-03-31 20:40:00,13,21,34
2024-03-31 20:50:00,19,34,53
2024-03-31 21:00:00,17,33,50
2024-03-31 21:10:00,14,27,41
2024-03-31 21:20:00,20,21,41
2024-03-31 21:30:00,16,30,46
2024-03-31 21:40:00,12,26,38
2024-03-31 21:50:00,16,17,33
2024-03-31 22:00:00,10,25,35
2024-03-31 22:10:00,19,27,46
2024-03-31 22:20:00,13,15,28
2024-03-31 22:30:00,15,18,33
2024-03-31 22:40:00,11,16,27
2024-03-31 22:50:00,10,20,30
2024-03-31 23:00:00,11,10,21
2024-03-31 23:10:00,9,14,23
2024-03-31 23:20:00,8,12,20
2024-03-31 23:30:00,10,10,20
2024-03-31 23:40:00,11,14,25
2024-03-31 23:50:00,8,9,17
2024-04-01 00:00:00,7,11,18
2024-04-01 00:10:00,2,7,9
2024-04-01 00:20:00,9,11,20
2024-04-01 00:30:00,8,8,16
2024-04-01 00:40:00,6,6,12
2024-04-01 00:50:00,5,9,14
2024-04-01 01:00:00,8,8,16
2024-04-01 01:10:00,11,6,17
2024-04-01 01:20:00,7,5,12
2024-04-01 01:30:00,5,8,13
2024-04-01 01:40:00,4,2,6
2024-04-01 01:50:00,2,3,5
2024-04-01 02:00:00,9,10,19
2024-04-01 02:10:00,3,5,8
2024-04-01 02:20:00,4,8,12
2024-04-01 02:30:00,4,1,5
2024-04-01 02:40:00,5,6,11
2024-04-01 02:50:00,4,2,6
2024-04-01 03:00:00,0,6,6
2024-04-01 03:10:00,3,2,5
2024-04-01 03:20:00,3,5,8
2024-04-01 03:30:00,2,4,6
2024-04-01 03:40:00,0,0,0
2024-04-01 03:50:00,6,5,11
2024-04-01 04:00:00,3,1,4
2024-04-01 04:10:00,1,1,2
2024-04-01 04:20:00,4,5,9
2024-04-01 04:30:00,1,2,3
2024-04-01 04:40:00,2,2,4
2024-04-01 04:50:00,2,3,5
2024-04-01 05:00:00,2,3,5
2024-04-01 05:10:00,3,3,6
2024-04-01 05:20:00,6,2,8
2024-04-01 05:30:00,8,5,13
2024-04-01 05:40:00,5,4,9
2024-04-01 05:50:00,1,8,9
2024-04-01 06:00:00,10,6,16
2024-04-01 06:10:00,5,1,6
2024-04-01 06:20:00,5,3,8
2024-04-01 06:30:00,5,5,10
2024-04-01 06:40:00,5,7,12
2024-04-01 06:50:00,3,5,8
2024-04-01 07:00:00,8,6,14
2024-04-01 07:10:00,13,11,24
2024-04-01 07:20:00,2,12,14
2024-04-01 07:30:00,6,7,13
2024-04-01 07:40:00,3,5,8
2024-04-01 07:50:00,6,10,16
2024-04-01 08:00:00,5,10,15
2024-04-01 08:10:00,3,7,10
2024-04-01 08:20:00,10,11,21
2024-04-01 08:30:00,11,7,18
2024-04-01 08:40:00,6,14,20
2024-04-01 08:50:00,3,11,14
2024-04-01 09:00:00,14,13,27
2024-04-01 09:10:00,14,15,29
2024-04-01 09:20:00,9,27,36
2024-04-01 09:30:00,14,28,42
2024-04-01 09:40:00,12,27,39
2024-04-01 09:50:00,16,20,36
2024-04-01 10:00:00,14,24,38
2024-04-01 10:10:00,11,19,30
2024-04-01 10:20:00,15,30,45
2024-04-01 10:30:00,13,21,34
2024-04-01 10:40:00,16,30,46
2024-04-01 10:50:00,18,34,52
2024-04-01 11:00:00,9,32,41
2024-04-01 11:10:00,13,30,43
2024-04-01 11:20:00,16,21,37
2024-04-01 11:30:00,17,30,47
2024-04-01 11:40:00,14,41,55
2024-04-01 11:50:00,20,37,57
2024-04-01 12:00:00,18,41,59
2024-04-01 12:10:00,16,31,47
2024-04-01 12:20:00,14,34,48
2024-04-01 12:30:00,14,38,52
2024-04-01 12:40:00,18,36,54
2024-04-01 12:50:00,16,30,46
2024-04-01 13:00:00,15,31,46
2024-04-01 13:10:00,19,47,66
2024-04-01 13:20:00,22,40,62
2024-04-01 13:30:00,17,37,54
2024-04-01 13:40:00,17,38,55
2024-04-01 13:50:00,15,37,52
2024-04-01 14:00:00,19,42,61
2024-04-01 14:10:00,13,40,53
2024-04-01 14:20:00,16,43,59
2024-04-01 14:30:00,15,26,41
2024-04-01 14:40:00,22,28,50
2024-04-01 14:50:00,22,49,71
2024-04-01 15:00:00,18,46,64
2024-04-01 15:10:00,15,35,50
2024-04-01 15:20:00,20,33,53
2024-04-01 15:30:00,22,44,66
2024-04-01 15:40:00,16,41,57
2024-04-01 15:50:00,20,46,66
2024-04-01 16:00:00,24,40,64
2024-04-01 16:10:00,26,41,67
2024-04-01 16:20:00,18,46,64
2024-04-01 16:30:00,16,40,56
2024-04-01 16:40:00,19,38,57
2024-04-01 16:50:00,22,44,66
2024-04-01 17:00:00,23,40,63
2024-04-01 17:10:00,17,46,63
2024-04-01 17:20:00,30,49,79
2024-04-01 17:30:00,36,44,80
2024-04-01 17:40:00,25,48,73
2024-04-01 17:50:00,38,54,92
2024-04-01 18:00:00,24,53,77
2024-04-01 18:10:00,25,44,69
2024-04-01 18:20:00,23,43,66
2024-04-01 18:30:00,18,42,60
2024-04-01 18:40:00,23,33,56
2024-04-01 18:50:00,28,36,64
2024-04-01 19:00:00,28,39,67
2024-04-01 19:10:00,29,37,66
2024-04-01 19:20:00,17,36,53
2024-04-01 19:30:00,21,40,61
2024-04-01 19:40:00,20,45,65
2024-04-01 19:50:00,14,42,56
2024-04-01 20:00:00,13,25,38
2024-04-01 20:10:00,16,20,36
2024-04-01 20:20:00,12,18,30
2024-04-01 20:30:00,15,22,37
2024-04-01 20:40:00,13,22,35
2024-04-01 20:50:00,16,32,48
2024-04-01 21:00:00,17,24,41
2024-04-01 21:10:00,15,19,34
2024-04-01 21:20:00,16,23,39
2024-04-01 21:30:00,13,18,31
2024-04-01 21:40:00,14,28,42
2024-04-01 21:50:00,18,23,41
2024-04-01 22:00:00,17,14,31
2024-04-01 22:10:00,8,33,41
2024-04-01 22:20:00,12,16,28
2024-04-01 22:30:00,10,23,33
2024-04-01 22:40:00,9,12,21
2024-04-01 22:50:00,9,17,26
2024-04-01 23:00:00,11,11,22
2024-04-01 23:10:00,10,11,21
2024-04-01 23:20:00,6,13,19
2024-04-01 23:30:00,7,10,17
2024-04-01 23:40:00,8,8,16
2024-04-01 23:50:00,6,15,21
2024-04-02 00:00:00,7,7,14
2024-04-02 00:10:00,3,0,3
2024-04-02 00:20:00,3,3,6
2024-04-02 00:30:00,6,12,18
2024-04-02 00:40:00,3,4,7
2024-04-02 00:50:00,2,10,12
2024-04-02 01:00:00,2,5,7
2024-04-02 01:10:00,4,8,12
2024-04-02 01:20:00,2,10,12
2024-04-02 01:30:00,6,3,9
2024-04-02 01:40:00,7,5,12
2024-04-02 01:50:00,3,0,3
2024-04-02 02:00:00,2,10,12
2024-04-02 02:10:00,4,3,7
2024-04-02 02:20:00,0,5,5
2024-04-02 02:30:00,2,0,2
2024-04-02 02:40:00,0,3,3
2024-04-02 02:50:00,1,2,3
2024-04-02 03:00:00,2,2,4
2024-04-02 03:10:00,1,5,6
2024-04-02 03:20:00,3,3,6
2024-04-02 03:30:00,1,2,3
2024-04-02 03:40:00,2,0,2
2024-04-02 03:50:00,3,0,3
2024-04-02 04:00:00,3,5,8
2024-04-02 04:10:00,4,3,7
2024-04-02 04:20:00,7,2,9
2024-04-02 04:30:00,2,9,11
2024-04-02 04:40:00,6,5,11
2024-04-02 04:50:00,3,7,10
2024-04-02 05:00:00,4,8,12
2024-04-02 05:10:00,5,21,26
2024-04-02 05:20:00,10,17,27
2024-04-02 05:30:00,12,25,37
2024-04-02 05:40:00,13,29,42
2024-04-02 05:50:00,8,32,40
2024-04-02 06:00:00,10,34,44
2024-04-02 06:10:00,9,33,42
2024-04-02 06:20:00,13,34,47
2024-04-02 06:30:00,15,36,51
2024-04-02 06:40:00,21,39,60
2024-04-02 06:50:00,12,40,52
2024-04-02 07:00:00,16,50,66
2024-04-02 07:10:00,25,46,71
2024-04-02 07:20:00,20,48,68
2024-04-02 07:30:00,19,61,80
2024-04-02 07:40:00,20,55,75
2024-04-02 07:50:00,17,45,62
2024-04-02 08:00:00,22,43,65
2024-04-02 08:10:00,27,51,78
2024-04-02 08:20:00,29,46,75
2024-04-02 08:30:00,17,46,63
2024-04-02 08:40:00,31,48,79
2024-04-02 08:50:00,27,49,76
2024-04-02 09:00:00,26,58,84
2024-04-02 09:10:00,33,57,90
2024-04-02 09:20:00,23,52,75
2024-04-02 09:30:00,36,54,90
2024-04-02 09:40:00,29,51,80
2024-04-02 09:50:00,33,62,95
2024-04-02 10:00:00,21,43,64
2024-04-02 10:10:00,25,55,80
2024-04-02 10:20:00,33,53,86
2024-04-02 10:30:00,33,57,90
2024-04-02 10:40:00,38,55,93
2024-04-02 10:50:00,31,45,76
2024-04-02 11:00:00,28,45,73
2024-04-02 11:10:00,31,55,86
2024-04-02 11:20:00,25,60,85
2024-04-02 11:30:00,29,50,79
2024-04-02 11:40:00,30,52,82
2024-04-02 11:50:00,40,66,106
2024-04-02 12:00:00,25,46,71
2024-04-02 12:10:00,16,48,64
2024-04-02 12:20:00,25,59,84
2024-04-02 12:30:00,29,38,67
2024-04-02 12:40:00,12,55,67
2024-04-02 12:50:00,28,54,82
2024-04-02 13:00:00,30,48,78
2024-04-02 13:10:00,31,44,75
2024-04-02 13:20:00,28,50,78
2024-04-02 13:30:00,36,55,91
2024-04-02 13:40:00,41,61,102
2024-04-02 13:50:00,29,53,82
2024-04-02 14:00:00,19,57,76
2024-04-02 14:10:00,29,47,76
2024-04-02 14:20:00,29,53,82
2024-04-02 14:30:00,30,55,85
2024-04-02 14:40:00,33,45,78
2024-04-02 14:50:00,21,50,71
2024-04-02 15:00:00,31,56,87
2024-04-02 15:10:00,22,67,89
2024-04-02 15:20:00,19,59,78
2024-04-02 15:30:00,34,63,97
2024-04-02 15:40:00,32,56,88
2024-04-02 15:50:00,23,64,87
2024-04-02 16:00:00,27,62,89
2024-04-02 16:10:00,15,48,63
2024-04-02 16:20:00,31,61,92
2024-04-02 16:30:00,26,57,83
2024-04-02 16:40:00,30,62,92
2024-04-02 16:50:00,29,50,79
2024-04-02 17:00:00,20,49,69
2024-04-02 17:10:00,22,48,70
2024-04-02 17:20:00,29,54,83
2024-04-02 17:30:00,30,53,83
2024-04-02 17:40:00,45,52,97
2024-04-02 17:50:00,38,54,92
2024-04-02 18:00:00,26,44,70
2024-04-02 18:10:00,28,48,76
2024-04-02 18:20:00,32,59,91
2024-04-02 18:30:00,26,40,66
2024-04-02 18:40:00,29,58,87
2024-04-02 18:50:00,27,48,75
2024-04-02 19:00:00,33,43,76
2024-04-02 19:10:00,21,46,67
2024-04-02 19:20:00,23,48,71
2024-04-02 19:30:00,23,52,75
2024-04-02 19:40:00,22,40,62
2024-04-02 19:50:00,19,42,61
2024-04-02 20:00:00,13,42,55
2024-04-02 20:10:00,13,28,41
2024-04-02 20:20:00,15,19,34
2024-04-02 20:30:00,13,20,33
2024-04-02 20:40:00,15,18,33
2024-04-02 20:50:00,20,24,44
2024-04-02 21:00:00,15,22,37
2024-04-02 21:10:00,16,27,43
2024-04-02 21:20:00,18,24,42
2024-04-02 21:30:00,18,21,39
2024-04-02 21:40:00,17,21,38
2024-04-02 21:50:00,11,19,30
2024-04-02 22:00:00,13,14,27
2024-04-02 22:10:00,19,28,47
2024-04-02 22:20:00,12,19,31
2024-04-02 22:30:00,10,17,27
2024-04-02 22:40:00,8,11,19
2024-04-02 22:50:00,13,12,25
2024-04-02 23:00:00,12,17,29
2024-04-02 23:10:00,9,11,20
2024-04-02 23:20:00,10,17,27
2024-04-02 23:30:00,12,8,20
2024-04-02 23:40:00,4,13,17
2024-04-02 23:50:00,7,9,16
2024-04-03 00:00:00,3,8,11
2024-04-03 00:10:00,9,6,15
2024-04-03 00:20:00,8,17,25
2024-04-03 00:30:00,8,7,15
2024-04-03 00:40:00,2,3,5
2024-04-03 00:50:00,5,7,12
2024-04-03 01:00:00,6,8,14
2024-04-03 01:10:00,1,3,4
2024-04-03 01:20:00,4,3,7
2024-04-03 01:30:00,1,2,3
2024-04-03 01:40:00,0,6,6
2024-04-03 01:50:00,4,1,5
2024-04-03 02:00:00,3,4,7
2024-04-03 02:10:00,2,3,5
2024-04-03 02:20:00,2,2,4
2024-04-03 02:30:00,1,7,8
2024-04-03 02:40:00,1,0,1
2024-04-03 02:50:00,3,3,6
2024-04-03 03:00:00,2,0,2
2024-04-03 03:10:00,2,3,5
2024-04-03 03:20:00,1,1,2
2024-04-03 03:30:00,1,4,5
2024-04-03 03:40:00,1,0,1
2024-04-03 03:50:00,1,2,3
2024-04-03 04:00:00,6,3,9
2024-04-03 04:10:00,4,0,4
2024-04-03 04:20:00,5,3,8
2024-04-03 04:30:00,4,6,10
2024-04-03 04:40:00,3,4,7
2024-04-03 04:50:00,2,2,4
2024-04-03 05:00:00,3,6,9
2024-04-03 05:10:00,4,5,9
2024-04-03 05:20:00,7,21,28
2024-04-03 05:30:00,16,27,43
2024-04-03 05:40:00,13,25,38
2024-04-03 05:50:00,6,30,36
2024-04-03 06:00:00,11,22,33
2024-04-03 06:10:00,6,19,25
2024-04-03 06:20:00,11,28,39
2024-04-03 06:30:00,11,36,47
2024-04-03 06:40:00,12,26,38
2024-04-03 06:50:00,17,46,63
2024-04-03 07:00:00,14,37,51
2024-04-03 07:10:00,24,41,65
2024-04-03 07:20:00,24,48,72
2024-04-03 07:30:00,21,46,67
2024-04-03 07:40:00,18,35,53
2024-04-03 07:50:00,26,52,78
2024-04-03 08:00:00,24,39,63
2024-04-03 08:10:00,18,43,61
2024-04-03 08:20:00,28,37,65
2024-04-03 08:30:00,19,51,70
2024-04-03 08:40:00,19,46,65
2024-04-03 08:50:00,20,44,64
2024-04-03 09:00:00,19,53,72
2024-04-03 09:10:00,11,42,53
2024-04-03 09:20:00,17,46,63
2024-04-03 09:30:00,14,35,49
2024-04-03 09:40:00,26,64,90
2024-04-03 09:50:00,17,47,64
2024-04-03 10:00:00,17,53,70
2024-04-03 10:10:00,20,52,72
2024-04-03 10:20:00,22,49,71
2024-04-03 10:30:00,14,43,57
2024-04-03 10:40:00,19,51,70
2024-04-03 10:50:00,25,54,79
2024-04-03 11:00:00,15,44,59
2024-04-03 11:10:00,21,45,66
2024-04-03 11:20:00,26,58,84
2024-04-03 11:30:00,20,53,73
2024-04-03 11:40:00,18,47,65
2024-04-03 11:50:00,25,53,78
2024-04-03 12:00:00,27,63,90
2024-04-03 12:10:00,42,50,92
2024-04-03 12:20:00,40,56,96
2024-04-03 12:30:00,31,58,89
2024-04-03 12:40:00,43,58,101
2024-04-03 12:50:00,18,48,66
2024-04-03 13:00:00,25,53,78
2024-04-03 13:10:00,26,52,78
2024-04-03 13:20:00,25,58,83
2024-04-03 13:30:00,25,46,71
2024-04-03 13:40:00,20,61,81
2024-04-03 13:50:00,19,55,74
2024-04-03 14:00:00,24,61,85
2024-04-03 14:10:00,15,46,61
2024-04-03 14:20:00,26,49,75
2024-04-03 14:30:00,26,37,63
2024-04-03 14:40:00,17,54,71
2024-04-03 14:50:00,22,56,78
2024-04-03 15:00:00,19,58,77
2024-04-03 15:10:00,16,54,70
2024-04-03 15:20:00,26,59,85
2024-04-03 15:30:00,22,55,77
2024-04-03 15:40:00,29,61,90
2024-04-03 15:50:00,14,45,59
2024-04-03 16:00:00,21,53,74
2024-04-03 16:10:00,25,47,72
2024-04-03 16:20:00,21,56,77
2024-04-03 16:30:00,23,61,84
2024-04-03 16:40:00,25,51,76
2024-04-03 16:50:00,29,52,81
2024-04-03 17:00:00,24,56,80
2024-04-03 17:10:00,27,56,83
2024-04-03 17:20:00,22,53,75
2024-04-03 17:30:00,20,54,74
2024-04-03 17:40:00,16,51,67
2024-04-03 17:50:00,27,46,73
2024-04-03 18:00:00,24,44,68
2024-04-03 18:10:00,29,48,77
2024-04-03 18:20:00,27,59,86
2024-04-03 18:30:00,16,46,62
2024-04-03 18:40:00,33,44,77
2024-04-03 18:50:00,32,43,75
2024-04-03 19:00:00,32,55,87
2024-04-03 19:10:00,24,46,70
2024-04-03 19:20:00,33,50,83
2024-04-03 19:30:00,26,52,78
2024-04-03 19:40:00,20,42,62
2024-04-03 19:50:00,25,49,74
2024-04-03 20:00:00,20,35,55
2024-04-03 20:10:00,12,21,33
2024-04-03 20:20:00,15,23,38
2024-04-03 20:30:00,20,35,55
2024-04-03 20:40:00,11,25,36
2024-04-03 20:50:00,13,25,38
2024-04-03 21:00:00,13,23,36
2024-04-03 21:10:00,17,25,42
2024-04-03 21:20:00,12,18,30
2024-04-03 21:30:00,18,17,35
2024-04-03 21:40:00,15,15,30
2024-04-03 21:50:00,12,22,34
2024-04-03 22:00:00,16,15,31
2024-04-03 22:10:00,10,15,25
2024-04-03 22:20:00,11,23,34
2024-04-03 22:30:00,13,17,30
2024-04-03 22:40:00,11,10,21
2024-04-03 22:50:00,11,19,30
2024-04-03 23:00:00,10,11,21
2024-04-03 23:10:00,7,13,20
2024-04-03 23:20:00,7,8,15
2024-04-03 23:30:00,6,6,12
2024-04-03 23:40:00,7,5,12
2024-04-03 23:50:00,5,6,11
2024-04-04 00:00:00,5,7,12
2024-04-04 00:10:00,4,4,8
2024-04-04 00:20:00,2,3,5
2024-04-04 00:30:00,6,0,6
2024-04-04 00:40:00,2,3,5
2024-04-04 00:50:00,3,3,6
2024-04-04 01:00:00,7,9,16
2024-04-04 01:10:00,5,4,9
2024-04-04 01:20:00,1,0,1
2024-04-04 01:30:00,2,4,6
2024-04-04 01:40:00,2,5,7
2024-04-04 01:50:00,4,3,7
2024-04-04 02:00:00,1,1,2
2024-04-04 02:10:00,1,2,3
2024-04-04 02:20:00,6,8,14
2024-04-04 02:30:00,3,0,3
2024-04-04 02:40:00,4,1,5
2024-04-04 02:50:00,5,6,11
2024-04-04 03:00:00,2,3,5
2024-04-04 03:10:00,2,0,2
2024-04-04 03:20:00,0,0,0
2024-04-04 03:30:00,2,3,5
2024-04-04 03:40:00,0,3,3
2024-04-04 03:50:00,6,1,7
2024-04-04 04:00:00,4,5,9
2024-04-04 04:10:00,0,3,3
2024-04-04 04:20:00,5,1,6
2024-04-04 04:30:00,5,3,8
2024-04-04 04:40:00,5,5,10
2024-04-04 04:50:00,3,5,8
2024-04-04 05:00:00,3,10,13
2024-04-04 05:10:00,5,6,11
2024-04-04 05:20:00,10,17,27
2024-04-04 05:30:00,9,17,26
2024-04-04 05:40:00,6,13,19
2024-04-04 05:50:00,10,29,39
2024-04-04 06:00:00,12,19,31
2024-04-04 06:10:00,12,14,26
2024-04-04 06:20:00,13,25,38
2024-04-04 06:30:00,14,24,38
2024-04-04 06:40:00,13,22,35
2024-04-04 06:50:00,10,37,47
2024-04-04 07:00:00,16,43,59
2024-04-04 07:10:00,19,46,65
2024-04-04 07:20:00,25,42,67
2024-04-04 07:30:00,22,54,76
2024-04-04 07:40:00,15,41,56
2024-04-04 07:50:00,21,45,66
2024-04-04 08:00:00,16,49,65
2024-04-04 08:10:00,20,60,80
2024-04-04 08:20:00,21,41,62
2024-04-04 08:30:00,24,52,76
2024-04-04 08:40:00,31,49,80
2024-04-04 08:50:00,25,50,75
2024-04-04 09:00:00,29,50,79
2024-04-04 09:10:00,20,35,55
2024-04-04 09:20:00,25,49,74
2024-04-04 09:30:00,27,46,73
2024-04-04 09:40:00,24,70,94
2024-04-04 09:50:00,25,48,73
2024-04-04 10:00:00,22,61,83
2024-04-04 10:10:00,33,53,86
2024-04-04 10:20:00,24,53,77
2024-04-04 10:30:00,25,56,81
2024-04-04 10:40:00,30,51,81
2024-04-04 10:50:00,16,48,64
2024-04-04 11:00:00,19,44,63
2024-04-04 11:10:00,23,49,72
2024-04-04 11:20:00,18,52,70
2024-04-04 11:30:00,27,56,83
2024-04-04 11:40:00,17,54,71
2024-04-04 11:50:00,20,51,71
2024-04-04 12:00:00,19,54,73
2024-04-04 12:10:00,17,52,69
2024-04-04 12:20:00,20,53,73
2024-04-04 12:30:00,12,46,58
2024-04-04 12:40:00,22,49,71
2024-04-04 12:50:00,16,40,56
2024-04-04 13:00:00,20,54,74
2024-04-04 13:10:00,17,42,59
2024-04-04 13:20:00,18,41,59
2024-04-04 13:30:00,15,56,71
2024-04-04 13:40:00,21,50,71
2024-04-04 13:50:00,15,45,60
2024-04-04 14:00:00,21,41,62
2024-04-04 14:10:00,17,71,88
2024-04-04 14:20:00,14,66,80
2024-04-04 14:30:00,10,63,73
2024-04-04 14:40:00,15,73,88
2024-04-04 14:50:00,18,60,78
2024-04-04 15:00:00,16,49,65
2024-04-04 15:10:00,20,55,75
2024-04-04 15:20:00,14,46,60
2024-04-04 15:30:00,23,49,72
2024-04-04 15:40:00,18,58,76
2024-04-04 15:50:00,19,67,86
2024-04-04 16:00:00,20,47,67
2024-04-04 16:10:00,15,62,77
2024-04-04 16:20:00,22,33,55
2024-04-04 16:30:00,21,45,66
2024-04-04 16:40:00,21,46,67
2024-04-04 16:50:00,25,50,75
2024-04-04 17:00:00,25,54,79
2024-04-04 17:10:00,24,52,76
2024-04-04 17:20:00,25,43,68
2024-04-04 17:30:00,37,65,102
2024-04-04 17:40:00,30,53,83
2024-04-04 17:50:00,24,44,68
2024-04-04 18:00:00,30,52,82
2024-04-04 18:10:00,32,54,86
2024-04-04 18:20:00,23,57,80
2024-04-04 18:30:00,26,44,70
2024-04-04 18:40:00,22,49,71
2024-04-04 18:50:00,25,55,80
2024-04-04 19:00:00,16,42,58
2024-04-04 19:10:00,18,43,61
2024-04-04 19:20:00,23,52,75
2024-04-04 19:30:00,22,40,62
2024-04-04 19:40:00,16,39,55
2024-04-04 19:50:00,16,48,64
2024-04-04 20:00:00,12,43,55
2024-04-04 20:10:00,10,34,44
2024-04-04 20:20:00,12,25,37
2024-04-04 20:30:00,12,12,24
2024-04-04 20:40:00,16,17,33
2024-04-04 20:50:00,17,23,40
2024-04-04 21:00:00,13,19,32
2024-04-04 21:10:00,16,14,30
2024-04-04 21:20:00,16,16,32
2024-04-04 21:30:00,14,23,37
2024-04-04 21:40:00,13,21,34
2024-04-04 21:50:00,19,18,37
2024-04-04 22:00:00,14,11,25
2024-04-04 22:10:00,19,8,27
2024-04-04 22:20:00,8,13,21
2024-04-04 22:30:00,12,13,25
2024-04-04 22:40:00,8,12,20
2024-04-04 22:50:00,8,12,20
2024-04-04 23:00:00,10,10,20
2024-04-04 23:10:00,8,14,22
2024-04-04 23:20:00,8,9,17
2024-04-04 23:30:00,9,11,20
2024-04-04 23:40:00,9,5,14
2024-04-04 23:50:00,10,6,16
2024-04-05 00:00:00,8,9,17
2024-04-05 00:10:00,8,5,13
2024-04-05 00:20:00,2,5,7
2024-04-05 00:30:00,5,2,7
2024-04-05 00:40:00,6,3,9
2024-04-05 00:50:00,2,6,8
2024-04-05 01:00:00,8,5,13
2024-04-05 01:10:00,5,2,7
2024-04-05 01:20:00,4,0,4
2024-04-05 01:30:00,3,5,8
2024-04-05 01:40:00,4,0,4
2024-04-05 01:50:00,5,5,10
2024-04-05 02:00:00,0,0,0
