datetime,D1Z,D2Z,D12Z,Total
2024-03-01 01:00:00,6,7,0,13
2024-03-01 01:10:00,7,6,0,13
2024-03-01 01:20:00,5,8,0,13
2024-03-01 01:30:00,4,8,0,12
2024-03-01 01:40:00,3,6,0,9
2024-03-01 01:50:00,8,7,0,15
2024-03-01 02:00:00,2,9,0,11
2024-03-01 02:10:00,5,7,0,12
2024-03-01 02:20:00,4,7,0,11
2024-03-01 02:30:00,3,3,0,6
2024-03-01 02:40:00,7,1,0,8
2024-03-01 02:50:00,4,6,0,10
2024-03-01 03:00:00,6,4,0,10
2024-03-01 03:10:00,2,4,0,6
2024-03-01 03:20:00,9,7,0,16
2024-03-01 03:30:00,4,8,0,12
2024-03-01 03:40:00,6,3,0,9
2024-03-01 03:50:00,9,1,0,10
2024-03-01 04:00:00,11,2,0,13
2024-03-01 04:10:00,12,6,1,19
2024-03-01 04:20:00,16,5,0,21
2024-03-01 04:30:00,16,4,0,20
2024-03-01 04:40:00,29,6,1,36
2024-03-01 04:50:00,47,7,1,55
2024-03-01 05:00:00,66,5,1,72
2024-03-01 05:10:00,79,16,0,95
2024-03-01 05:20:00,98,18,0,116
2024-03-01 05:30:00,142,25,2,169
2024-03-01 05:40:00,176,27,2,205
2024-03-01 05:50:00,167,22,1,190
2024-03-01 06:00:00,141,21,2,164
2024-03-01 06:10:00,155,31,1,187
2024-03-01 06:20:00,178,56,1,235
2024-03-01 06:30:00,167,65,4,236
2024-03-01 06:40:00,177,63,5,245
2024-03-01 06:50:00,157,69,3,229
2024-03-01 07:00:00,160,59,4,223
2024-03-01 07:10:00,167,70,7,244
2024-03-01 07:20:00,143,108,3,254
2024-03-01 07:30:00,163,71,4,238
2024-03-01 07:40:00,151,80,8,239
2024-03-01 07:50:00,153,78,2,233
2024-03-01 08:00:00,139,77,8,224
2024-03-01 08:10:00,129,62,3,194
2024-03-01 08:20:00,146,91,1,238
2024-03-01 08:30:00,146,75,4,225
2024-03-01 08:40:00,151,69,3,223
2024-03-01 08:50:00,112,64,6,182
2024-03-01 09:00:00,126,65,4,195
2024-03-01 09:10:00,137,60,6,203
2024-03-01 09:20:00,128,85,2,215
2024-03-01 09:30:00,142,83,3,228
2024-03-01 09:40:00,138,81,3,222
2024-03-01 09:50:00,128,86,0,214
2024-03-01 10:00:00,108,82,3,193
2024-03-01 10:10:00,117,78,0,195
2024-03-01 10:20:00,115,82,1,198
2024-03-01 10:30:00,116,76,2,194
2024-03-01 10:40:00,135,91,3,229
2024-03-01 10:50:00,100,99,4,203
2024-03-01 11:00:00,111,104,1,216
2024-03-01 11:10:00,104,89,3,196
2024-03-01 11:20:00,112,109,4,225
2024-03-01 11:30:00,128,112,0,240
2024-03-01 11:40:00,106,116,3,225
2024-03-01 11:50:00,99,126,3,228
2024-03-01 12:00:00,114,135,4,253
2024-03-01 12:10:00,103,131,2,236
2024-03-01 12:20:00,112,110,2,224
2024-03-01 12:30:00,113,166,3,282
2024-03-01 12:40:00,122,114,2,238
2024-03-01 12:50:00,116,151,8,275
2024-03-01 13:00:00,141,125,2,268
2024-03-01 13:10:00,136,164,6,306
2024-03-01 13:20:00,112,146,0,258
2024-03-01 13:30:00,134,173,2,309
2024-03-01 13:40:00,129,133,4,266
2024-03-01 13:50:00,108,136,2,246
2024-03-01 14:00:00,93,170,3,266
2024-03-01 14:10:00,116,164,3,283
2024-03-01 14:20:00,113,156,2,271
2024-03-01 14:30:00,123,189,2,314
2024-03-01 14:40:00,127,142,2,271
2024-03-01 14:50:00,119,157,6,282
2024-03-01 15:00:00,119,166,4,289
2024-03-01 15:10:00,108,163,5,276
2024-03-01 15:20:00,115,151,1,267
2024-03-01 15:30:00,122,170,4,296
2024-03-01 15:40:00,128,169,5,302
2024-03-01 15:50:00,116,150,5,271
2024-03-01 16:00:00,119,147,4,270
2024-03-01 16:10:00,114,147,4,265
2024-03-01 16:20:00,110,125,0,235
2024-03-01 16:30:00,128,151,4,283
2024-03-01 16:40:00,120,127,3,250
2024-03-01 16:50:00,116,135,5,256
2024-03-01 17:00:00,104,167,4,275
2024-03-01 17:10:00,124,137,4,265
2024-03-01 17:20:00,115,131,2,248
2024-03-01 17:30:00,140,140,0,280
2024-03-01 17:40:00,139,145,4,288
2024-03-01 17:50:00,129,119,6,254
2024-03-01 18:00:00,137,140,0,277
2024-03-01 18:10:00,149,131,5,285
2024-03-01 18:20:00,119,142,2,263
2024-03-01 18:30:00,121,103,2,226
2024-03-01 18:40:00,120,110,5,235
2024-03-01 18:50:00,126,128,5,259
2024-03-01 19:00:00,116,105,2,223
2024-03-01 19:10:00,101,101,1,203
2024-03-01 19:20:00,106,109,3,218
2024-03-01 19:30:00,79,93,0,172
2024-03-01 19:40:00,78,76,2,156
2024-03-01 19:50:00,65,91,4,160
2024-03-01 20:00:00,71,91,5,167
2024-03-01 20:10:00,72,95,0,167
2024-03-01 20:20:00,64,98,1,163
2024-03-01 20:30:00,58,71,1,130
2024-03-01 20:40:00,46,74,2,122
2024-03-01 20:50:00,46,77,4,127
2024-03-01 21:00:00,59,77,2,138
2024-03-01 21:10:00,39,66,1,106
2024-03-01 21:20:00,54,63,3,120
2024-03-01 21:30:00,52,72,1,125
2024-03-01 21:40:00,28,64,2,94
2024-03-01 21:50:00,38,67,2,107
2024-03-01 22:00:00,58,65,2,125
2024-03-01 22:10:00,42,77,1,120
2024-03-01 22:20:00,45,61,0,106
2024-03-01 22:30:00,31,50,0,81
2024-03-01 22:40:00,43,57,0,100
2024-03-01 22:50:00,37,65,1,103
2024-03-01 23:00:00,34,49,1,84
2024-03-01 23:10:00,17,57,0,74
2024-03-01 23:20:00,23,55,1,79
2024-03-01 23:30:00,19,47,1,67
2024-03-01 23:40:00,26,31,2,59
2024-03-01 23:50:00,27,46,2,75
2024-03-02 00:00:00,20,27,1,48
2024-03-02 00:10:00,13,31,0,44
2024-03-02 00:20:00,19,37,0,56
2024-03-02 00:30:00,19,33,0,52
2024-03-02 00:40:00,13,20,1,34
2024-03-02 00:50:00,12,24,1,37
2024-03-02 01:00:00,14,30,1,45
2024-03-02 01:10:00,12,12,0,24
2024-03-02 01:20:00,13,15,0,28
2024-03-02 01:30:00,10,11,0,21
2024-03-02 01:40:00,6,7,0,13
2024-03-02 01:50:00,7,9,1,17
2024-03-02 02:00:00,5,14,0,19
2024-03-02 02:10:00,4,12,1,17
2024-03-02 02:20:00,5,18,0,23
2024-03-02 02:30:00,11,15,0,26
2024-03-02 02:40:00,5,11,0,16
2024-03-02 02:50:00,7,8,0,15
2024-03-02 03:00:00,9,9,0,18
2024-03-02 03:10:00,3,13,1,17
2024-03-02 03:20:00,6,7,0,13
2024-03-02 03:30:00,7,10,0,17
2024-03-02 03:40:00,8,13,0,21
2024-03-02 03:50:00,11,8,0,19
2024-03-02 04:00:00,13,9,0,22
2024-03-02 04:10:00,6,11,1,18
2024-03-02 04:20:00,12,13,0,25
2024-03-02 04:30:00,16,7,0,23
2024-03-02 04:40:00,21,3,0,24
2024-03-02 04:50:00,20,6,0,26
2024-03-02 05:00:00,21,3,1,25
2024-03-02 05:10:00,26,9,0,35
2024-03-02 05:20:00,27,18,0,45
2024-03-02 05:30:00,45,7,0,52
2024-03-02 05:40:00,44,17,0,61
2024-03-02 05:50:00,25,9,0,34
2024-03-02 06:00:00,24,16,1,41
2024-03-02 06:10:00,34,16,0,50
2024-03-02 06:20:00,38,10,2,50
2024-03-02 06:30:00,38,24,0,62
2024-03-02 06:40:00,42,22,0,64
2024-03-02 06:50:00,37,22,1,60
2024-03-02 07:00:00,32,23,1,56
2024-03-02 07:10:00,38,21,0,59
2024-03-02 07:20:00,48,24,3,75
2024-03-02 07:30:00,58,27,0,85
2024-03-02 07:40:00,55,27,3,85
2024-03-02 07:50:00,59,31,1,91
2024-03-02 08:00:00,54,25,2,81
2024-03-02 08:10:00,73,29,0,102
2024-03-02 08:20:00,61,30,1,92
2024-03-02 08:30:00,75,47,1,123
2024-03-02 08:40:00,86,49,1,136
2024-03-02 08:50:00,74,38,1,113
2024-03-02 09:00:00,101,31,1,133
2024-03-02 09:10:00,104,50,0,154
2024-03-02 09:20:00,116,70,1,187
2024-03-02 09:30:00,114,63,2,179
2024-03-02 09:40:00,135,65,2,202
2024-03-02 09:50:00,130,70,1,201
2024-03-02 10:00:00,119,67,4,190
2024-03-02 10:10:00,131,67,1,199
2024-03-02 10:20:00,114,71,2,187
2024-03-02 10:30:00,133,71,1,205
2024-03-02 10:40:00,130,66,2,198
2024-03-02 10:50:00,113,77,0,190
2024-03-02 11:00:00,114,78,2,194
2024-03-02 11:10:00,121,77,1,199
2024-03-02 11:20:00,162,84,1,247
2024-03-02 11:30:00,151,77,0,228
2024-03-02 11:40:00,148,91,3,242
2024-03-02 11:50:00,125,112,4,241
2024-03-02 12:00:00,125,81,2,208
2024-03-02 12:10:00,139,102,2,243
2024-03-02 12:20:00,131,111,2,244
2024-03-02 12:30:00,122,111,3,236
2024-03-02 12:40:00,142,120,4,266
2024-03-02 12:50:00,179,112,2,293
2024-03-02 13:00:00,145,120,5,270
2024-03-02 13:10:00,137,104,5,246
2024-03-02 13:20:00,147,104,1,252
2024-03-02 13:30:00,139,136,2,277
2024-03-02 13:40:00,140,102,3,245
2024-03-02 13:50:00,140,118,3,261
2024-03-02 14:00:00,138,144,1,283
2024-03-02 14:10:00,141,141,1,283
2024-03-02 14:20:00,154,138,2,294
2024-03-02 14:30:00,128,132,3,263
2024-03-02 14:40:00,159,122,1,282
2024-03-02 14:50:00,141,120,5,266
2024-03-02 15:00:00,133,135,5,273
2024-03-02 15:10:00,138,122,2,262
2024-03-02 15:20:00,147,133,1,281
2024-03-02 15:30:00,140,127,1,268
2024-03-02 15:40:00,132,112,2,246
2024-03-02 15:50:00,107,114,2,223
2024-03-02 16:00:00,108,108,2,218
2024-03-02 16:10:00,104,119,1,224
2024-03-02 16:20:00,109,118,1,228
2024-03-02 16:30:00,101,120,1,222
2024-03-02 16:40:00,141,130,3,274
2024-03-02 16:50:00,111,99,2,212
2024-03-02 17:00:00,124,140,3,267
2024-03-02 17:10:00,118,159,1,278
2024-03-02 17:20:00,113,128,3,244
2024-03-02 17:30:00,114,131,3,248
2024-03-02 17:40:00,109,125,2,236
2024-03-02 17:50:00,121,143,2,266
2024-03-02 18:00:00,127,131,4,262
2024-03-02 18:10:00,132,158,1,291
2024-03-02 18:20:00,90,123,2,215
2024-03-02 18:30:00,116,148,1,265
2024-03-02 18:40:00,147,111,3,261
2024-03-02 18:50:00,116,124,4,244
2024-03-02 19:00:00,93,102,0,195
2024-03-02 19:10:00,88,100,2,190
2024-03-02 19:20:00,86,95,2,183
2024-03-02 19:30:00,87,100,0,187
2024-03-02 19:40:00,89,81,3,173
2024-03-02 19:50:00,77,110,1,188
2024-03-02 20:00:00,74,90,2,166
2024-03-02 20:10:00,69,83,1,153
2024-03-02 20:20:00,56,95,1,152
2024-03-02 20:30:00,66,81,1,148
2024-03-02 20:40:00,54,80,2,136
2024-03-02 20:50:00,63,73,1,137
2024-03-02 21:00:00,52,59,2,113
2024-03-02 21:10:00,44,51,0,95
2024-03-02 21:20:00,47,79,2,128
2024-03-02 21:30:00,35,59,1,95
2024-03-02 21:40:00,36,70,1,107
2024-03-02 21:50:00,38,67,1,106
2024-03-02 22:00:00,45,73,3,121
2024-03-02 22:10:00,36,66,1,103
2024-03-02 22:20:00,43,88,1,132
2024-03-02 22:30:00,31,72,1,104
2024-03-02 22:40:00,36,65,2,103
2024-03-02 22:50:00,25,53,0,78
2024-03-02 23:00:00,29,72,2,103
2024-03-02 23:10:00,30,48,1,79
2024-03-02 23:20:00,37,48,0,85
2024-03-02 23:30:00,26,46,0,72
2024-03-02 23:40:00,33,44,1,78
2024-03-02 23:50:00,32,52,1,85
2024-03-03 00:00:00,19,51,1,71
2024-03-03 00:10:00,23,31,2,56
2024-03-03 00:20:00,19,27,0,46
2024-03-03 00:30:00,15,24,1,40
2024-03-03 00:40:00,22,38,0,60
2024-03-03 00:50:00,24,36,2,62
2024-03-03 01:00:00,15,43,0,58
2024-03-03 01:10:00,11,25,0,36
2024-03-03 01:20:00,15,23,0,38
2024-03-03 01:30:00,17,22,0,39
2024-03-03 01:40:00,15,21,0,36
2024-03-03 01:50:00,13,19,1,33
2024-03-03 02:00:00,7,19,0,26
2024-03-03 02:10:00,12,12,1,25
2024-03-03 02:20:00,14,16,0,30
2024-03-03 02:30:00,7,12,0,19
2024-03-03 02:40:00,7,18,0,25
2024-03-03 02:50:00,14,10,0,24
2024-03-03 03:00:00,3,5,1,9
2024-03-03 03:10:00,6,13,0,19
2024-03-03 03:20:00,6,8,0,14
2024-03-03 03:30:00,9,9,0,18
2024-03-03 03:40:00,2,10,0,12
2024-03-03 03:50:00,13,6,0,19
2024-03-03 04:00:00,4,8,1,13
2024-03-03 04:10:00,10,8,1,19
2024-03-03 04:20:00,8,12,0,20
2024-03-03 04:30:00,12,3,0,15
2024-03-03 04:40:00,16,7,0,23
2024-03-03 04:50:00,21,12,0,33
2024-03-03 05:00:00,21,8,0,29
2024-03-03 05:10:00,22,8,0,30
2024-03-03 05:20:00,26,10,1,37
2024-03-03 05:30:00,26,10,1,37
2024-03-03 05:40:00,19,4,0,23
2024-03-03 05:50:00,17,11,1,29
2024-03-03 06:00:00,16,16,0,32
2024-03-03 06:10:00,25,17,0,42
2024-03-03 06:20:00,13,11,0,24
2024-03-03 06:30:00,10,20,1,31
2024-03-03 06:40:00,10,20,0,30
2024-03-03 06:50:00,14,12,0,26
2024-03-03 07:00:00,13,12,0,25
2024-03-03 07:10:00,7,6,0,13
2024-03-03 07:20:00,10,21,0,31
2024-03-03 07:30:00,12,6,0,18
2024-03-03 07:40:00,14,8,1,23
2024-03-03 07:50:00,17,13,0,30
2024-03-03 08:00:00,23,8,1,32
2024-03-03 08:10:00,29,14,1,44
2024-03-03 08:20:00,28,21,0,49
2024-03-03 08:30:00,30,11,1,42
2024-03-03 08:40:00,40,22,1,63
2024-03-03 08:50:00,33,22,2,57
2024-03-03 09:00:00,43,27,1,71
2024-03-03 09:10:00,46,31,0,77
2024-03-03 09:20:00,55,26,0,81
2024-03-03 09:30:00,95,40,1,136
2024-03-03 09:40:00,77,33,1,111
2024-03-03 09:50:00,82,37,1,120
2024-03-03 10:00:00,79,44,1,124
2024-03-03 10:10:00,68,52,0,120
2024-03-03 10:20:00,66,41,0,107
2024-03-03 10:30:00,77,49,2,128
2024-03-03 10:40:00,71,61,0,132
2024-03-03 10:50:00,69,67,2,138
2024-03-03 11:00:00,70,65,2,137
2024-03-03 11:10:00,68,65,2,135
2024-03-03 11:20:00,91,86,1,178
2024-03-03 11:30:00,66,80,0,146
2024-03-03 11:40:00,80,101,1,182
2024-03-03 11:50:00,126,76,8,210
2024-03-03 12:00:00,82,70,4,156
2024-03-03 12:10:00,94,99,1,194
2024-03-03 12:20:00,114,94,2,210
2024-03-03 12:30:00,99,101,3,203
2024-03-03 12:40:00,106,116,0,222
2024-03-03 12:50:00,126,78,3,207
2024-03-03 13:00:00,105,90,3,198
2024-03-03 13:10:00,89,96,3,188
2024-03-03 13:20:00,153,91,4,248
2024-03-03 13:30:00,85,80,0,165
2024-03-03 13:40:00,98,103,0,201
2024-03-03 13:50:00,100,76,9,185
2024-03-03 14:00:00,87,101,3,191
2024-03-03 14:10:00,101,106,1,208
2024-03-03 14:20:00,110,92,4,206
2024-03-03 14:30:00,102,96,1,199
2024-03-03 14:40:00,114,91,3,208
2024-03-03 14:50:00,122,102,1,225
2024-03-03 15:00:00,95,99,5,199
2024-03-03 15:10:00,89,101,3,193
2024-03-03 15:20:00,110,74,1,185
2024-03-03 15:30:00,92,97,1,190
2024-03-03 15:40:00,111,69,4,184
2024-03-03 15:50:00,114,90,1,205
2024-03-03 16:00:00,117,79,4,200
2024-03-03 16:10:00,104,72,1,177
2024-03-03 16:20:00,99,80,2,181
2024-03-03 16:30:00,118,72,0,190
2024-03-03 16:40:00,118,97,2,217
2024-03-03 16:50:00,113,90,3,206
2024-03-03 17:00:00,105,79,1,185
2024-03-03 17:10:00,135,102,1,238
2024-03-03 17:20:00,103,88,3,194
2024-03-03 17:30:00,118,79,0,197
2024-03-03 17:40:00,117,72,2,191
2024-03-03 17:50:00,116,71,1,188
2024-03-03 18:00:00,134,100,6,240
2024-03-03 18:10:00,101,75,0,176
2024-03-03 18:20:00,89,74,2,165
2024-03-03 18:30:00,76,79,2,157
2024-03-03 18:40:00,106,103,1,210
2024-03-03 18:50:00,104,68,3,175
2024-03-03 19:00:00,81,74,2,157
2024-03-03 19:10:00,88,51,0,139
2024-03-03 19:20:00,76,64,0,140
2024-03-03 19:30:00,71,59,0,130
2024-03-03 19:40:00,80,66,2,148
2024-03-03 19:50:00,61,54,3,118
2024-03-03 20:00:00,58,73,4,135
2024-03-03 20:10:00,61,66,0,127
2024-03-03 20:20:00,52,37,0,89
2024-03-03 20:30:00,53,67,0,120
2024-03-03 20:40:00,53,50,0,103
2024-03-03 20:50:00,58,45,1,104
2024-03-03 21:00:00,50,43,0,93
2024-03-03 21:10:00,33,34,0,67
2024-03-03 21:20:00,33,33,0,66
2024-03-03 21:30:00,35,40,1,76
2024-03-03 21:40:00,36,44,3,83
2024-03-03 21:50:00,32,34,1,67
2024-03-03 22:00:00,30,54,4,88
2024-03-03 22:10:00,34,46,1,81
2024-03-03 22:20:00,29,37,0,66
2024-03-03 22:30:00,20,42,0,62
2024-03-03 22:40:00,16,31,0,47
2024-03-03 22:50:00,12,41,1,54
2024-03-03 23:00:00,14,29,0,43
2024-03-03 23:10:00,13,22,0,35
2024-03-03 23:20:00,11,27,0,38
2024-03-03 23:30:00,9,11,0,20
2024-03-03 23:40:00,6,19,0,25
2024-03-03 23:50:00,7,21,2,30
2024-03-04 00:00:00,12,9,1,22
2024-03-04 00:10:00,6,20,0,26
2024-03-04 00:20:00,11,9,0,20
2024-03-04 00:30:00,6,8,0,14
2024-03-04 00:40:00,6,5,0,11
2024-03-04 00:50:00,7,10,0,17
2024-03-04 01:00:00,6,4,0,10
2024-03-04 01:10:00,4,3,0,7
2024-03-04 01:20:00,7,6,0,13
2024-03-04 01:30:00,6,9,0,15
2024-03-04 01:40:00,10,3,0,13
2024-03-04 01:50:00,7,6,0,13
2024-03-04 02:00:00,1,6,0,7
2024-03-04 02:10:00,6,3,0,9
2024-03-04 02:20:00,6,4,0,10
2024-03-04 02:30:00,4,2,0,6
2024-03-04 02:40:00,6,3,0,9
2024-03-04 02:50:00,6,6,0,12
2024-03-04 03:00:00,3,5,0,8
2024-03-04 03:10:00,4,5,0,9
2024-03-04 03:20:00,9,3,0,12
2024-03-04 03:30:00,5,1,0,6
2024-03-04 03:40:00,3,4,0,7
2024-03-04 03:50:00,10,6,0,16
2024-03-04 04:00:00,7,4,0,11
2024-03-04 04:10:00,13,8,1,22
2024-03-04 04:20:00,15,6,0,21
2024-03-04 04:30:00,19,7,0,26
2024-03-04 04:40:00,41,4,1,46
2024-03-04 04:50:00,49,7,1,57
2024-03-04 05:00:00,60,13,1,74
2024-03-04 05:10:00,79,20,1,100
2024-03-04 05:20:00,109,18,0,127
2024-03-04 05:30:00,159,21,2,182
2024-03-04 05:40:00,206,23,2,231
2024-03-04 05:50:00,187,21,1,209
2024-03-04 06:00:00,163,37,1,201
2024-03-04 06:10:00,174,34,2,210
2024-03-04 06:20:00,183,49,2,234
2024-03-04 06:30:00,178,74,5,257
2024-03-04 06:40:00,181,72,5,258
2024-03-04 06:50:00,159,75,4,238
2024-03-04 07:00:00,177,71,6,254
2024-03-04 07:10:00,159,80,3,242
2024-03-04 07:20:00,156,109,3,268
2024-03-04 07:30:00,151,82,7,240
2024-03-04 07:40:00,145,88,8,241
2024-03-04 07:50:00,174,95,6,275
2024-03-04 08:00:00,132,74,7,213
2024-03-04 08:10:00,148,73,5,226
2024-03-04 08:20:00,152,89,1,242
2024-03-04 08:30:00,160,82,3,245
2024-03-04 08:40:00,148,56,4,208
2024-03-04 08:50:00,154,72,7,233
2024-03-04 09:00:00,162,76,3,241
2024-03-04 09:10:00,124,64,1,189
2024-03-04 09:20:00,138,85,2,225
2024-03-04 09:30:00,134,76,3,213
2024-03-04 09:40:00,116,66,3,185
2024-03-04 09:50:00,154,71,3,228
2024-03-04 10:00:00,96,69,3,168
2024-03-04 10:10:00,129,77,1,207
2024-03-04 10:20:00,99,83,1,183
2024-03-04 10:30:00,109,69,1,179
2024-03-04 10:40:00,105,83,4,192
2024-03-04 10:50:00,122,92,1,215
2024-03-04 11:00:00,97,58,8,163
2024-03-04 11:10:00,140,83,3,226
2024-03-04 11:20:00,99,94,4,197
2024-03-04 11:30:00,93,93,2,188
2024-03-04 11:40:00,104,98,2,204
2024-03-04 11:50:00,99,77,5,181
2024-03-04 12:00:00,90,80,3,173
2024-03-04 12:10:00,100,119,1,220
2024-03-04 12:20:00,106,104,4,214
2024-03-04 12:30:00,106,128,3,237
2024-03-04 12:40:00,116,114,5,235
2024-03-04 12:50:00,105,101,5,211
2024-03-04 13:00:00,112,116,3,231
2024-03-04 13:10:00,119,107,1,227
2024-03-04 13:20:00,120,109,3,232
2024-03-04 13:30:00,142,128,0,270
2024-03-04 13:40:00,99,119,4,222
2024-03-04 13:50:00,128,134,5,267
2024-03-04 14:00:00,87,143,2,232
2024-03-04 14:10:00,101,138,4,243
2024-03-04 14:20:00,101,160,3,264
2024-03-04 14:30:00,134,158,3,295
2024-03-04 14:40:00,112,170,3,285
2024-03-04 14:50:00,126,160,4,290
2024-03-04 15:00:00,103,176,3,282
2024-03-04 15:10:00,132,165,3,300
2024-03-04 15:20:00,121,170,3,294
2024-03-04 15:30:00,128,171,3,302
2024-03-04 15:40:00,122,150,3,275
2024-03-04 15:50:00,106,201,5,312
2024-03-04 16:00:00,123,162,8,293
2024-03-04 16:10:00,114,180,4,298
2024-03-04 16:20:00,120,152,3,275
2024-03-04 16:30:00,126,186,5,317
2024-03-04 16:40:00,132,159,3,294
2024-03-04 16:50:00,118,148,3,269
2024-03-04 17:00:00,112,185,4,301
2024-03-04 17:10:00,115,173,3,291
2024-03-04 17:20:00,104,156,1,261
2024-03-04 17:30:00,108,178,5,291
2024-03-04 17:40:00,95,162,3,260
2024-03-04 17:50:00,105,143,3,251
2024-03-04 18:00:00,92,132,7,231
2024-03-04 18:10:00,88,154,4,246
2024-03-04 18:20:00,89,137,3,229
2024-03-04 18:30:00,90,140,3,233
2024-03-04 18:40:00,83,141,3,227
2024-03-04 18:50:00,65,87,4,156
2024-03-04 19:00:00,69,105,1,175
2024-03-04 19:10:00,74,108,3,185
2024-03-04 19:20:00,53,120,2,175
2024-03-04 19:30:00,62,68,1,131
2024-03-04 19:40:00,53,57,4,114
2024-03-04 19:50:00,47,75,4,126
2024-03-04 20:00:00,36,46,4,86
2024-03-04 20:10:00,37,57,1,95
2024-03-04 20:20:00,51,83,1,135
2024-03-04 20:30:00,43,57,0,100
2024-03-04 20:40:00,53,50,2,105
2024-03-04 20:50:00,29,53,4,86
2024-03-04 21:00:00,45,51,4,100
2024-03-04 21:10:00,24,59,0,83
2024-03-04 21:20:00,30,54,3,87
2024-03-04 21:30:00,29,43,2,74
2024-03-04 21:40:00,14,39,2,55
2024-03-04 21:50:00,20,47,2,69
2024-03-04 22:00:00,25,49,2,76
2024-03-04 22:10:00,22,51,0,73
2024-03-04 22:20:00,23,65,0,88
2024-03-04 22:30:00,19,42,0,61
2024-03-04 22:40:00,10,43,1,54
2024-03-04 22:50:00,13,39,0,52
2024-03-04 23:00:00,11,30,1,42
2024-03-04 23:10:00,13,16,0,29
2024-03-04 23:20:00,8,17,1,26
2024-03-04 23:30:00,8,23,0,31
2024-03-04 23:40:00,5,12,0,17
2024-03-04 23:50:00,8,15,1,24
2024-03-05 00:00:00,7,16,1,24
2024-03-05 00:10:00,12,15,0,27
2024-03-05 00:20:00,6,8,0,14
2024-03-05 00:30:00,7,4,0,11
2024-03-05 00:40:00,3,11,0,14
2024-03-05 00:50:00,2,7,0,9
2024-03-05 01:00:00,1,6,0,7
2024-03-05 01:10:00,7,4,0,11
2024-03-05 01:20:00,6,5,0,11
2024-03-05 01:30:00,7,2,0,9
2024-03-05 01:40:00,4,4,0,8
2024-03-05 01:50:00,4,4,0,8
2024-03-05 02:00:00,5,3,0,8
2024-03-05 02:10:00,3,0,0,3
2024-03-05 02:20:00,5,3,0,8
2024-03-05 02:30:00,4,5,0,9
2024-03-05 02:40:00,7,4,0,11
2024-03-05 02:50:00,4,5,0,9
2024-03-05 03:00:00,4,1,0,5
2024-03-05 03:10:00,3,3,0,6
2024-03-05 03:20:00,5,7,0,12
2024-03-05 03:30:00,8,7,0,15
2024-03-05 03:40:00,5,3,0,8
2024-03-05 03:50:00,6,3,0,9
2024-03-05 04:00:00,5,3,0,8
2024-03-05 04:10:00,13,8,1,22
2024-03-05 04:20:00,18,7,0,25
2024-03-05 04:30:00,27,7,0,34
2024-03-05 04:40:00,31,5,1,37
2024-03-05 04:50:00,51,7,1,59
2024-03-05 05:00:00,67,16,1,84
2024-03-05 05:10:00,88,12,0,100
2024-03-05 05:20:00,99,20,1,120
2024-03-05 05:30:00,172,27,1,200
2024-03-05 05:40:00,189,23,2,214
2024-03-05 05:50:00,213,14,1,228
2024-03-05 06:00:00,164,27,1,192
2024-03-05 06:10:00,170,38,3,211
2024-03-05 06:20:00,206,49,1,256
2024-03-05 06:30:00,193,67,3,263
2024-03-05 06:40:00,162,73,8,243
2024-03-05 06:50:00,167,88,3,258
2024-03-05 07:00:00,155,92,6,253
2024-03-05 07:10:00,167,82,2,251
2024-03-05 07:20:00,147,91,3,241
2024-03-05 07:30:00,156,78,5,239
2024-03-05 07:40:00,139,59,6,204
2024-03-05 07:50:00,130,78,6,214
2024-03-05 08:00:00,143,74,4,221
2024-03-05 08:10:00,139,85,7,231
2024-03-05 08:20:00,127,77,3,207
2024-03-05 08:30:00,165,81,5,251
2024-03-05 08:40:00,143,82,4,229
2024-03-05 08:50:00,166,78,4,248
2024-03-05 09:00:00,136,71,5,212
2024-03-05 09:10:00,138,74,1,213
2024-03-05 09:20:00,174,80,3,257
2024-03-05 09:30:00,148,68,3,219
2024-03-05 09:40:00,128,66,3,197
2024-03-05 09:50:00,134,89,3,226
2024-03-05 10:00:00,102,74,5,181
2024-03-05 10:10:00,121,87,4,212
2024-03-05 10:20:00,110,76,1,187
2024-03-05 10:30:00,125,83,1,209
2024-03-05 10:40:00,111,92,2,205
2024-03-05 10:50:00,90,73,2,165
2024-03-05 11:00:00,114,89,1,204
2024-03-05 11:10:00,89,70,3,162
2024-03-05 11:20:00,94,97,1,192
2024-03-05 11:30:00,94,89,4,187
2024-03-05 11:40:00,125,82,4,211
2024-03-05 11:50:00,97,99,2,198
2024-03-05 12:00:00,110,111,2,223
2024-03-05 12:10:00,92,126,4,222
2024-03-05 12:20:00,84,126,1,211
2024-03-05 12:30:00,132,110,2,244
2024-03-05 12:40:00,111,146,3,260
2024-03-05 12:50:00,127,140,2,269
2024-03-05 13:00:00,103,119,3,225
2024-03-05 13:10:00,110,130,3,243
2024-03-05 13:20:00,114,142,5,261
2024-03-05 13:30:00,114,108,2,224
2024-03-05 13:40:00,117,137,2,256
2024-03-05 13:50:00,113,142,5,260
2024-03-05 14:00:00,112,151,1,264
2024-03-05 14:10:00,133,149,7,289
2024-03-05 14:20:00,127,167,1,295
2024-03-05 14:30:00,109,150,2,261
2024-03-05 14:40:00,110,148,4,262
2024-03-05 14:50:00,128,160,10,298
2024-03-05 15:00:00,110,142,2,254
2024-03-05 15:10:00,96,162,3,261
2024-03-05 15:20:00,110,167,5,282
2024-03-05 15:30:00,93,200,2,295
2024-03-05 15:40:00,116,170,4,290
2024-03-05 15:50:00,133,172,5,310
2024-03-05 16:00:00,109,163,1,273
2024-03-05 16:10:00,138,169,7,314
2024-03-05 16:20:00,117,150,2,269
2024-03-05 16:30:00,99,200,4,303
2024-03-05 16:40:00,131,173,2,306
2024-03-05 16:50:00,108,150,8,266
2024-03-05 17:00:00,119,174,2,295
2024-03-05 17:10:00,110,183,2,295
2024-03-05 17:20:00,110,175,2,287
2024-03-05 17:30:00,126,176,2,304
2024-03-05 17:40:00,118,149,8,275
2024-03-05 17:50:00,100,148,8,256
2024-03-05 18:00:00,104,153,3,260
2024-03-05 18:10:00,116,160,3,279
2024-03-05 18:20:00,97,137,2,236
2024-03-05 18:30:00,100,142,5,247
2024-03-05 18:40:00,98,121,3,222
2024-03-05 18:50:00,77,134,5,216
2024-03-05 19:00:00,94,130,1,225
2024-03-05 19:10:00,77,80,2,159
2024-03-05 19:20:00,81,122,2,205
2024-03-05 19:30:00,64,89,1,154
2024-03-05 19:40:00,53,93,2,148
2024-03-05 19:50:00,67,78,5,150
2024-03-05 20:00:00,53,80,3,136
2024-03-05 20:10:00,44,68,0,112
2024-03-05 20:20:00,54,70,1,125
2024-03-05 20:30:00,40,57,0,97
2024-03-05 20:40:00,48,63,1,112
2024-03-05 20:50:00,51,54,2,107
2024-03-05 21:00:00,54,63,3,120
2024-03-05 21:10:00,38,42,0,80
2024-03-05 21:20:00,44,69,0,113
2024-03-05 21:30:00,34,50,4,88
2024-03-05 21:40:00,26,59,1,86
2024-03-05 21:50:00,27,53,3,83
2024-03-05 22:00:00,22,62,2,86
2024-03-05 22:10:00,30,62,2,94
2024-03-05 22:20:00,21,48,0,69
2024-03-05 22:30:00,29,52,0,81
2024-03-05 22:40:00,19,52,1,72
2024-03-05 22:50:00,16,44,0,60
2024-03-05 23:00:00,19,38,1,58
2024-03-05 23:10:00,16,35,0,51
2024-03-05 23:20:00,14,23,0,37
2024-03-05 23:30:00,14,24,1,39
2024-03-05 23:40:00,7,14,0,21
2024-03-05 23:50:00,8,16,3,27
2024-03-06 00:00:00,11,16,1,28
2024-03-06 00:10:00,10,8,0,18
2024-03-06 00:20:00,5,14,0,19
2024-03-06 00:30:00,8,4,0,12
2024-03-06 00:40:00,8,6,0,14
2024-03-06 00:50:00,5,10,0,15
2024-03-06 01:00:00,3,9,0,12
2024-03-06 01:10:00,6,5,0,11
2024-03-06 01:20:00,10,1,0,11
2024-03-06 01:30:00,2,2,0,4
2024-03-06 01:40:00,2,3,0,5
2024-03-06 01:50:00,1,6,0,7
2024-03-06 02:00:00,7,5,0,12
2024-03-06 02:10:00,2,7,0,9
2024-03-06 02:20:00,4,3,1,8
2024-03-06 02:30:00,3,3,0,6
2024-03-06 02:40:00,9,3,0,12
2024-03-06 02:50:00,4,4,0,8
2024-03-06 03:00:00,11,6,0,17
2024-03-06 03:10:00,7,4,0,11
2024-03-06 03:20:00,4,7,0,11
2024-03-06 03:30:00,6,5,0,11
2024-03-06 03:40:00,6,4,0,10
2024-03-06 03:50:00,9,8,0,17
2024-03-06 04:00:00,11,7,0,18
2024-03-06 04:10:00,11,9,1,21
2024-03-06 04:20:00,20,5,0,25
2024-03-06 04:30:00,24,6,0,30
2024-03-06 04:40:00,43,9,1,53
2024-03-06 04:50:00,48,5,1,54
2024-03-06 05:00:00,56,10,1,67
2024-03-06 05:10:00,80,16,0,96
2024-03-06 05:20:00,109,17,0,126
2024-03-06 05:30:00,162,28,2,192
2024-03-06 05:40:00,190,22,2,214
2024-03-06 05:50:00,180,24,1,205
2024-03-06 06:00:00,169,35,2,206
2024-03-06 06:10:00,193,47,3,243
2024-03-06 06:20:00,174,47,1,222
2024-03-06 06:30:00,179,71,7,257
2024-03-06 06:40:00,159,81,5,245
2024-03-06 06:50:00,186,92,3,281
2024-03-06 07:00:00,160,69,7,236
2024-03-06 07:10:00,162,63,4,229
2024-03-06 07:20:00,167,79,4,250
2024-03-06 07:30:00,149,91,5,245
2024-03-06 07:40:00,151,66,5,222
2024-03-06 07:50:00,147,102,4,253
2024-03-06 08:00:00,152,77,8,237
2024-03-06 08:10:00,158,80,5,243
2024-03-06 08:20:00,163,71,2,236
2024-03-06 08:30:00,162,91,5,258
2024-03-06 08:40:00,155,80,3,238
2024-03-06 08:50:00,150,75,4,229
2024-03-06 09:00:00,154,77,5,236
2024-03-06 09:10:00,163,65,6,234
2024-03-06 09:20:00,155,92,5,252
2024-03-06 09:30:00,149,69,3,221
2024-03-06 09:40:00,201,71,4,276
2024-03-06 09:50:00,135,77,2,214
2024-03-06 10:00:00,127,75,1,203
2024-03-06 10:10:00,120,71,1,192
2024-03-06 10:20:00,126,85,4,215
2024-03-06 10:30:00,134,97,4,235
2024-03-06 10:40:00,107,69,2,178
2024-03-06 10:50:00,100,82,1,183
2024-03-06 11:00:00,94,87,5,186
2024-03-06 11:10:00,110,88,4,202
2024-03-06 11:20:00,93,76,4,173
2024-03-06 11:30:00,117,105,3,225
2024-03-06 11:40:00,108,95,4,207
2024-03-06 11:50:00,115,100,2,217
2024-03-06 12:00:00,97,105,2,204
2024-03-06 12:10:00,105,121,3,229
2024-03-06 12:20:00,108,116,2,226
2024-03-06 12:30:00,121,119,2,242
2024-03-06 12:40:00,119,110,3,232
2024-03-06 12:50:00,115,100,3,218
2024-03-06 13:00:00,124,136,5,265
2024-03-06 13:10:00,96,127,4,227
2024-03-06 13:20:00,111,156,1,268
2024-03-06 13:30:00,119,123,3,245
2024-03-06 13:40:00,119,108,2,229
2024-03-06 13:50:00,116,128,2,246
2024-03-06 14:00:00,107,154,4,265
2024-03-06 14:10:00,107,141,4,252
2024-03-06 14:20:00,104,163,2,269
2024-03-06 14:30:00,126,150,1,277
2024-03-06 14:40:00,103,158,5,266
2024-03-06 14:50:00,116,170,6,292
2024-03-06 15:00:00,100,175,2,277
2024-03-06 15:10:00,114,172,4,290
2024-03-06 15:20:00,90,157,5,252
2024-03-06 15:30:00,112,170,1,283
2024-03-06 15:40:00,125,146,4,275
2024-03-06 15:50:00,107,152,5,264
2024-03-06 16:00:00,100,185,5,290
2024-03-06 16:10:00,123,180,6,309
2024-03-06 16:20:00,119,150,0,269
2024-03-06 16:30:00,110,204,4,318
2024-03-06 16:40:00,122,165,5,292
2024-03-06 16:50:00,123,164,6,293
2024-03-06 17:00:00,131,159,5,295
2024-03-06 17:10:00,123,169,5,297
2024-03-06 17:20:00,108,161,5,274
2024-03-06 17:30:00,128,157,4,289
2024-03-06 17:40:00,96,132,5,233
2024-03-06 17:50:00,106,151,8,265
2024-03-06 18:00:00,102,150,4,256
2024-03-06 18:10:00,102,175,1,278
2024-03-06 18:20:00,96,164,5,265
2024-03-06 18:30:00,107,163,2,272
2024-03-06 18:40:00,101,126,6,233
2024-03-06 18:50:00,87,134,7,228
2024-03-06 19:00:00,75,142,2,219
2024-03-06 19:10:00,89,96,2,187
2024-03-06 19:20:00,73,108,4,185
2024-03-06 19:30:00,80,101,0,181
2024-03-06 19:40:00,75,78,1,154
2024-03-06 19:50:00,70,89,4,163
2024-03-06 20:00:00,60,92,4,156
2024-03-06 20:10:00,52,78,4,134
2024-03-06 20:20:00,42,70,2,114
2024-03-06 20:30:00,41,72,1,114
2024-03-06 20:40:00,51,73,1,125
2024-03-06 20:50:00,35,43,6,84
2024-03-06 21:00:00,43,59,3,105
2024-03-06 21:10:00,40,76,0,116
2024-03-06 21:20:00,37,79,0,116
2024-03-06 21:30:00,26,60,0,86
2024-03-06 21:40:00,32,42,1,75
2024-03-06 21:50:00,25,61,1,87
2024-03-06 22:00:00,26,52,2,80
2024-03-06 22:10:00,29,58,0,87
2024-03-06 22:20:00,26,61,0,87
2024-03-06 22:30:00,26,67,1,94
2024-03-06 22:40:00,25,39,2,66
2024-03-06 22:50:00,24,40,1,65
2024-03-06 23:00:00,14,33,2,49
2024-03-06 23:10:00,15,34,0,49
2024-03-06 23:20:00,21,31,0,52
2024-03-06 23:30:00,13,23,0,36
2024-03-06 23:40:00,12,19,1,32
2024-03-06 23:50:00,6,14,2,22
2024-03-07 00:00:00,7,14,1,22
2024-03-07 00:10:00,5,19,0,24
2024-03-07 00:20:00,12,14,0,26
2024-03-07 00:30:00,8,9,0,17
2024-03-07 00:40:00,4,6,0,10
2024-03-07 00:50:00,3,9,0,12
2024-03-07 01:00:00,2,3,0,5
2024-03-07 01:10:00,10,8,0,18
2024-03-07 01:20:00,4,10,0,14
2024-03-07 01:30:00,7,7,0,14
2024-03-07 01:40:00,4,5,0,9
2024-03-07 01:50:00,10,4,0,14
2024-03-07 02:00:00,2,4,0,6
2024-03-07 02:10:00,5,4,0,9
2024-03-07 02:20:00,3,2,0,5
2024-03-07 02:30:00,5,3,0,8
2024-03-07 02:40:00,4,3,0,7
2024-03-07 02:50:00,6,2,0,8
2024-03-07 03:00:00,3,5,0,8
2024-03-07 03:10:00,6,6,0,12
2024-03-07 03:20:00,4,7,0,11
2024-03-07 03:30:00,5,5,0,10
2024-03-07 03:40:00,5,5,0,10
2024-03-07 03:50:00,5,2,0,7
2024-03-07 04:00:00,8,10,0,18
2024-03-07 04:10:00,13,14,1,28
2024-03-07 04:20:00,16,4,0,20
2024-03-07 04:30:00,22,6,0,28
2024-03-07 04:40:00,28,4,1,33
2024-03-07 04:50:00,43,7,1,51
2024-03-07 05:00:00,52,10,1,63
2024-03-07 05:10:00,75,19,0,94
2024-03-07 05:20:00,105,18,1,124
2024-03-07 05:30:00,167,27,1,195
2024-03-07 05:40:00,199,22,3,224
2024-03-07 05:50:00,161,16,1,178
2024-03-07 06:00:00,155,37,2,194
2024-03-07 06:10:00,173,45,2,220
2024-03-07 06:20:00,193,52,1,246
2024-03-07 06:30:00,182,56,6,244
2024-03-07 06:40:00,180,82,3,265
2024-03-07 06:50:00,157,72,3,232
2024-03-07 07:00:00,187,89,4,280
2024-03-07 07:10:00,164,69,3,236
2024-03-07 07:20:00,154,90,6,250
2024-03-07 07:30:00,165,84,6,255
2024-03-07 07:40:00,132,64,6,202
2024-03-07 07:50:00,126,86,6,218
2024-03-07 08:00:00,145,76,7,228
2024-03-07 08:10:00,141,86,3,230
2024-03-07 08:20:00,159,81,5,245
2024-03-07 08:30:00,160,73,6,239
2024-03-07 08:40:00,153,71,2,226
2024-03-07 08:50:00,163,71,3,237
2024-03-07 09:00:00,161,77,6,244
2024-03-07 09:10:00,148,65,3,216
2024-03-07 09:20:00,151,91,2,244
2024-03-07 09:30:00,164,63,5,232
2024-03-07 09:40:00,148,90,3,241
2024-03-07 09:50:00,142,79,2,223
2024-03-07 10:00:00,130,72,3,205
2024-03-07 10:10:00,139,84,2,225
2024-03-07 10:20:00,123,84,2,209
2024-03-07 10:30:00,123,102,1,226
2024-03-07 10:40:00,154,82,2,238
2024-03-07 10:50:00,130,68,4,202
2024-03-07 11:00:00,92,81,2,175
2024-03-07 11:10:00,117,99,3,219
2024-03-07 11:20:00,109,89,1,199
2024-03-07 11:30:00,103,99,2,204
2024-03-07 11:40:00,102,91,3,196
2024-03-07 11:50:00,103,113,1,217
2024-03-07 12:00:00,100,97,1,198
2024-03-07 12:10:00,127,123,2,252
2024-03-07 12:20:00,138,120,1,259
2024-03-07 12:30:00,108,117,3,228
2024-03-07 12:40:00,113,136,3,252
2024-03-07 12:50:00,102,100,2,204
2024-03-07 13:00:00,111,110,3,224
2024-03-07 13:10:00,99,141,3,243
2024-03-07 13:20:00,127,137,3,267
2024-03-07 13:30:00,99,130,1,230
2024-03-07 13:40:00,140,109,3,252
2024-03-07 13:50:00,110,118,6,234
2024-03-07 14:00:00,129,135,6,270
2024-03-07 14:10:00,99,143,3,245
2024-03-07 14:20:00,109,140,2,251
2024-03-07 14:30:00,108,161,3,272
2024-03-07 14:40:00,116,150,4,270
2024-03-07 14:50:00,98,152,3,253
2024-03-07 15:00:00,125,171,1,297
2024-03-07 15:10:00,92,128,4,224
2024-03-07 15:20:00,112,148,2,262
2024-03-07 15:30:00,102,136,2,240
2024-03-07 15:40:00,92,141,3,236
2024-03-07 15:50:00,132,110,1,243
2024-03-07 16:00:00,124,141,4,269
2024-03-07 16:10:00,93,182,6,281
2024-03-07 16:20:00,116,145,4,265
2024-03-07 16:30:00,154,185,5,344
2024-03-07 16:40:00,118,177,5,300
2024-03-07 16:50:00,110,175,9,294
2024-03-07 17:00:00,121,166,3,290
2024-03-07 17:10:00,122,178,2,302
2024-03-07 17:20:00,128,179,1,308
2024-03-07 17:30:00,116,170,2,288
2024-03-07 17:40:00,132,163,5,300
2024-03-07 17:50:00,115,159,4,278
2024-03-07 18:00:00,106,154,8,268
2024-03-07 18:10:00,106,171,2,279
2024-03-07 18:20:00,120,155,3,278
2024-03-07 18:30:00,99,164,1,264
2024-03-07 18:40:00,105,141,5,251
2024-03-07 18:50:00,88,129,3,220
2024-03-07 19:00:00,86,120,1,207
2024-03-07 19:10:00,77,123,3,203
2024-03-07 19:20:00,71,107,4,182
2024-03-07 19:30:00,70,120,2,192
2024-03-07 19:40:00,53,100,4,157
2024-03-07 19:50:00,74,79,5,158
2024-03-07 20:00:00,53,68,2,123
2024-03-07 20:10:00,41,82,1,124
2024-03-07 20:20:00,51,85,1,137
2024-03-07 20:30:00,47,84,0,131
2024-03-07 20:40:00,45,67,3,115
2024-03-07 20:50:00,29,77,4,110
2024-03-07 21:00:00,49,66,4,119
2024-03-07 21:10:00,27,75,1,103
2024-03-07 21:20:00,36,57,0,93
2024-03-07 21:30:00,28,42,0,70
2024-03-07 21:40:00,24,62,2,88
2024-03-07 21:50:00,23,57,3,83
2024-03-07 22:00:00,40,54,5,99
2024-03-07 22:10:00,37,60,0,97
2024-03-07 22:20:00,35,66,2,103
2024-03-07 22:30:00,38,44,0,82
2024-03-07 22:40:00,26,45,2,73
2024-03-07 22:50:00,19,36,0,55
2024-03-07 23:00:00,26,34,1,61
2024-03-07 23:10:00,21,21,0,42
2024-03-07 23:20:00,21,35,0,56
2024-03-07 23:30:00,17,16,0,33
2024-03-07 23:40:00,6,12,1,19
2024-03-07 23:50:00,15,17,1,33
2024-03-08 00:00:00,8,17,1,26
2024-03-08 00:10:00,13,18,0,31
2024-03-08 00:20:00,8,14,0,22
2024-03-08 00:30:00,7,8,0,15
2024-03-08 00:40:00,3,4,0,7
2024-03-08 00:50:00,0,13,0,13
2024-03-08 01:00:00,2,5,0,7
2024-03-08 01:10:00,6,5,0,11
2024-03-08 01:20:00,5,9,0,14
2024-03-08 01:30:00,1,7,0,8
2024-03-08 01:40:00,7,2,0,9
2024-03-08 01:50:00,3,1,0,4
2024-03-08 02:00:00,5,3,0,8
2024-03-08 02:10:00,6,5,0,11
2024-03-08 02:20:00,6,7,0,13
2024-03-08 02:30:00,3,1,0,4
2024-03-08 02:40:00,6,3,0,9
2024-03-08 02:50:00,5,8,0,13
2024-03-08 03:00:00,7,5,0,12
2024-03-08 03:10:00,4,5,0,9
2024-03-08 03:20:00,4,4,0,8
2024-03-08 03:30:00,6,5,0,11
2024-03-08 03:40:00,8,5,0,13
2024-03-08 03:50:00,6,5,0,11
2024-03-08 04:00:00,9,4,0,13
2024-03-08 04:10:00,15,10,1,26
2024-03-08 04:20:00,18,5,0,23
2024-03-08 04:30:00,18,4,0,22
2024-03-08 04:40:00,35,6,1,42
2024-03-08 04:50:00,35,9,1,45
2024-03-08 05:00:00,53,9,1,63
2024-03-08 05:10:00,81,20,0,101
2024-03-08 05:20:00,100,15,0,115
2024-03-08 05:30:00,157,26,2,185
2024-03-08 05:40:00,177,30,1,208
2024-03-08 05:50:00,159,20,1,180
2024-03-08 06:00:00,134,28,2,164
2024-03-08 06:10:00,155,52,2,209
2024-03-08 06:20:00,165,39,1,205
2024-03-08 06:30:00,169,74,7,250
2024-03-08 06:40:00,155,64,5,224
2024-03-08 06:50:00,179,68,3,250
2024-03-08 07:00:00,140,74,6,220
2024-03-08 07:10:00,163,69,3,235
2024-03-08 07:20:00,167,80,8,255
2024-03-08 07:30:00,151,76,6,233
2024-03-08 07:40:00,159,79,5,243
2024-03-08 07:50:00,147,98,3,248
2024-03-08 08:00:00,147,82,5,234
2024-03-08 08:10:00,152,72,5,229
2024-03-08 08:20:00,159,71,1,231
2024-03-08 08:30:00,146,80,6,232
2024-03-08 08:40:00,150,56,2,208
2024-03-08 08:50:00,129,73,3,205
2024-03-08 09:00:00,142,93,4,239
2024-03-08 09:10:00,147,67,6,220
2024-03-08 09:20:00,106,92,2,200
2024-03-08 09:30:00,149,75,2,226
2024-03-08 09:40:00,139,80,3,222
2024-03-08 09:50:00,125,97,1,223
2024-03-08 10:00:00,119,84,4,207
2024-03-08 10:10:00,127,79,2,208
2024-03-08 10:20:00,128,82,1,211
2024-03-08 10:30:00,120,95,2,217
2024-03-08 10:40:00,129,92,5,226
2024-03-08 10:50:00,128,90,4,222
2024-03-08 11:00:00,101,99,2,202
2024-03-08 11:10:00,102,109,0,211
2024-03-08 11:20:00,117,110,5,232
2024-03-08 11:30:00,103,110,2,215
2024-03-08 11:40:00,114,106,3,223
2024-03-08 11:50:00,118,112,2,232
2024-03-08 12:00:00,132,141,2,275
2024-03-08 12:10:00,110,164,1,275
2024-03-08 12:20:00,90,154,3,247
2024-03-08 12:30:00,146,143,0,289
2024-03-08 12:40:00,128,141,3,272
2024-03-08 12:50:00,99,141,3,243
2024-03-08 13:00:00,130,161,5,296
2024-03-08 13:10:00,117,146,5,268
2024-03-08 13:20:00,147,142,1,290
2024-03-08 13:30:00,132,146,4,282
2024-03-08 13:40:00,110,156,2,268
2024-03-08 13:50:00,122,153,1,276
2024-03-08 14:00:00,110,156,6,272
2024-03-08 14:10:00,124,164,3,291
2024-03-08 14:20:00,107,146,2,255
2024-03-08 14:30:00,135,174,2,311
2024-03-08 14:40:00,149,166,3,318
2024-03-08 14:50:00,132,151,5,288
2024-03-08 15:00:00,142,152,5,299
2024-03-08 15:10:00,117,169,3,289
2024-03-08 15:20:00,154,132,3,289
2024-03-08 15:30:00,197,183,2,382
2024-03-08 15:40:00,124,165,4,293
2024-03-08 15:50:00,119,157,6,282
2024-03-08 16:00:00,136,157,4,297
2024-03-08 16:10:00,124,156,3,283
2024-03-08 16:20:00,120,155,1,276
2024-03-08 16:30:00,139,155,4,298
2024-03-08 16:40:00,106,123,6,235
2024-03-08 16:50:00,143,145,5,293
2024-03-08 17:00:00,121,150,6,277
2024-03-08 17:10:00,146,160,6,312
2024-03-08 17:20:00,147,154,2,303
2024-03-08 17:30:00,127,159,4,290
2024-03-08 17:40:00,162,123,3,288
2024-03-08 17:50:00,124,149,9,282
2024-03-08 18:00:00,136,147,4,287
2024-03-08 18:10:00,134,154,5,293
2024-03-08 18:20:00,135,126,1,262
2024-03-08 18:30:00,125,150,0,275
2024-03-08 18:40:00,135,118,5,258
2024-03-08 18:50:00,121,122,7,250
2024-03-08 19:00:00,121,111,2,234
2024-03-08 19:10:00,111,118,1,230
2024-03-08 19:20:00,83,142,2,227
2024-03-08 19:30:00,91,117,1,209
2024-03-08 19:40:00,101,89,2,192
2024-03-08 19:50:00,84,82,2,168
2024-03-08 20:00:00,71,98,3,172
2024-03-08 20:10:00,53,95,9,157
2024-03-08 20:20:00,52,81,8,141
2024-03-08 20:30:00,72,71,1,144
2024-03-08 20:40:00,53,66,2,121
2024-03-08 20:50:00,38,76,2,116
2024-03-08 21:00:00,63,83,2,148
2024-03-08 21:10:00,47,80,1,128
2024-03-08 21:20:00,41,85,1,127
2024-03-08 21:30:00,39,71,1,111
2024-03-08 21:40:00,44,48,4,96
2024-03-08 21:50:00,47,57,2,106
2024-03-08 22:00:00,44,64,2,110
2024-03-08 22:10:00,56,69,1,126
2024-03-08 22:20:00,40,81,0,121
2024-03-08 22:30:00,52,94,0,146
2024-03-08 22:40:00,39,67,1,107
2024-03-08 22:50:00,41,63,0,104
2024-03-08 23:00:00,35,78,1,114
2024-03-08 23:10:00,25,58,0,83
2024-03-08 23:20:00,29,50,0,79
2024-03-08 23:30:00,23,39,0,62
2024-03-08 23:40:00,28,37,0,65
2024-03-08 23:50:00,17,45,3,65
2024-03-09 00:00:00,34,30,1,65
2024-03-09 00:10:00,13,39,1,53
2024-03-09 00:20:00,19,38,0,57
2024-03-09 00:30:00,27,26,0,53
2024-03-09 00:40:00,15,25,3,43
2024-03-09 00:50:00,15,27,0,42
2024-03-09 01:00:00,10,19,0,29
2024-03-09 01:10:00,18,13,0,31
2024-03-09 01:20:00,12,14,1,27
2024-03-09 01:30:00,12,15,0,27
2024-03-09 01:40:00,8,19,0,27
2024-03-09 01:50:00,10,22,3,35
2024-03-09 02:00:00,15,14,0,29
2024-03-09 02:10:00,6,10,0,16
2024-03-09 02:20:00,6,12,0,18
2024-03-09 02:30:00,6,7,1,14
2024-03-09 02:40:00,6,11,0,17
2024-03-09 02:50:00,2,14,0,16
2024-03-09 03:00:00,7,13,1,21
2024-03-09 03:10:00,5,9,0,14
2024-03-09 03:20:00,10,11,0,21
2024-03-09 03:30:00,5,11,0,16
2024-03-09 03:40:00,10,6,0,16
2024-03-09 03:50:00,6,11,0,17
2024-03-09 04:00:00,6,8,0,14
2024-03-09 04:10:00,9,10,1,20
2024-03-09 04:20:00,13,4,0,17
2024-03-09 04:30:00,14,8,0,22
2024-03-09 04:40:00,20,8,1,29
2024-03-09 04:50:00,22,6,0,28
2024-03-09 05:00:00,15,13,2,30
2024-03-09 05:10:00,23,10,0,33
2024-03-09 05:20:00,31,12,1,44
2024-03-09 05:30:00,43,8,0,51
2024-03-09 05:40:00,35,12,0,47
2024-03-09 05:50:00,33,17,0,50
2024-03-09 06:00:00,35,13,1,49
2024-03-09 06:10:00,29,19,0,48
2024-03-09 06:20:00,34,17,2,53
2024-03-09 06:30:00,35,24,0,59
2024-03-09 06:40:00,34,32,0,66
2024-03-09 06:50:00,26,19,1,46
2024-03-09 07:00:00,33,26,1,60
2024-03-09 07:10:00,34,19,0,53
2024-03-09 07:20:00,49,22,3,74
2024-03-09 07:30:00,69,30,1,100
2024-03-09 07:40:00,78,34,1,113
2024-03-09 07:50:00,69,23,0,92
2024-03-09 08:00:00,69,37,3,109
2024-03-09 08:10:00,51,33,1,85
2024-03-09 08:20:00,71,31,5,107
2024-03-09 08:30:00,77,36,2,115
2024-03-09 08:40:00,79,48,1,128
2024-03-09 08:50:00,103,46,1,150
2024-03-09 09:00:00,93,62,1,156
2024-03-09 09:10:00,122,61,0,183
2024-03-09 09:20:00,115,55,1,171
2024-03-09 09:30:00,110,44,1,155
2024-03-09 09:40:00,129,57,2,188
2024-03-09 09:50:00,137,72,2,211
2024-03-09 10:00:00,120,56,1,177
2024-03-09 10:10:00,123,63,0,186
2024-03-09 10:20:00,120,74,2,196
2024-03-09 10:30:00,152,72,0,224
2024-03-09 10:40:00,109,63,4,176
2024-03-09 10:50:00,144,85,1,230
2024-03-09 11:00:00,131,56,4,191
2024-03-09 11:10:00,136,80,0,216
2024-03-09 11:20:00,139,77,3,219
2024-03-09 11:30:00,156,105,2,263
2024-03-09 11:40:00,126,87,2,215
2024-03-09 11:50:00,126,95,2,223
2024-03-09 12:00:00,127,105,4,236
2024-03-09 12:10:00,150,106,0,256
2024-03-09 12:20:00,137,112,2,251
2024-03-09 12:30:00,153,107,2,262
2024-03-09 12:40:00,124,101,4,229
2024-03-09 12:50:00,166,122,2,290
2024-03-09 13:00:00,137,127,3,267
2024-03-09 13:10:00,131,131,1,263
2024-03-09 13:20:00,139,129,1,269
2024-03-09 13:30:00,176,126,1,303
2024-03-09 13:40:00,153,111,5,269
2024-03-09 13:50:00,143,117,1,261
2024-03-09 14:00:00,143,147,4,294
2024-03-09 14:10:00,134,131,3,268
2024-03-09 14:20:00,147,152,3,302
2024-03-09 14:30:00,154,146,1,301
2024-03-09 14:40:00,143,141,4,288
2024-03-09 14:50:00,146,183,0,329
2024-03-09 15:00:00,123,148,6,277
2024-03-09 15:10:00,111,116,0,227
2024-03-09 15:20:00,139,126,1,266
2024-03-09 15:30:00,127,131,3,261
2024-03-09 15:40:00,134,134,2,270
2024-03-09 15:50:00,121,109,2,232
2024-03-09 16:00:00,106,156,4,266
2024-03-09 16:10:00,113,128,0,241
2024-03-09 16:20:00,117,142,1,260
2024-03-09 16:30:00,100,125,1,226
2024-03-09 16:40:00,93,137,1,231
2024-03-09 16:50:00,122,120,3,245
2024-03-09 17:00:00,122,119,1,242
2024-03-09 17:10:00,121,130,3,254
2024-03-09 17:20:00,114,107,6,227
2024-03-09 17:30:00,136,148,5,289
2024-03-09 17:40:00,136,121,2,259
2024-03-09 17:50:00,107,108,2,217
2024-03-09 18:00:00,116,139,1,256
2024-03-09 18:10:00,93,113,2,208
2024-03-09 18:20:00,108,119,2,229
2024-03-09 18:30:00,106,103,0,209
2024-03-09 18:40:00,130,129,2,261
2024-03-09 18:50:00,107,104,0,211
2024-03-09 19:00:00,86,99,1,186
2024-03-09 19:10:00,99,100,0,199
2024-03-09 19:20:00,95,102,3,200
2024-03-09 19:30:00,93,86,1,180
2024-03-09 19:40:00,81,80,3,164
2024-03-09 19:50:00,90,68,1,159
2024-03-09 20:00:00,81,88,2,171
2024-03-09 20:10:00,63,80,0,143
2024-03-09 20:20:00,70,77,2,149
2024-03-09 20:30:00,63,62,0,125
2024-03-09 20:40:00,64,66,2,132
2024-03-09 20:50:00,61,64,1,126
2024-03-09 21:00:00,61,71,0,132
2024-03-09 21:10:00,57,60,1,118
2024-03-09 21:20:00,49,52,0,101
2024-03-09 21:30:00,48,47,2,97
2024-03-09 21:40:00,46,57,0,103
2024-03-09 21:50:00,44,58,4,106
2024-03-09 22:00:00,49,50,1,100
2024-03-09 22:10:00,52,55,0,107
2024-03-09 22:20:00,42,50,0,92
2024-03-09 22:30:00,33,78,2,113
2024-03-09 22:40:00,43,81,1,125
2024-03-09 22:50:00,33,76,0,109
2024-03-09 23:00:00,23,88,1,112
2024-03-09 23:10:00,37,79,0,116
2024-03-09 23:20:00,28,58,0,86
2024-03-09 23:30:00,30,43,1,74
2024-03-09 23:40:00,21,39,0,60
2024-03-09 23:50:00,27,48,1,76
2024-03-10 00:00:00,21,28,2,51
2024-03-10 00:10:00,14,36,1,51
2024-03-10 00:20:00,23,35,1,59
2024-03-10 00:30:00,20,30,0,50
2024-03-10 00:40:00,24,25,1,50
2024-03-10 00:50:00,16,31,0,47
2024-03-10 01:00:00,12,39,0,51
2024-03-10 01:10:00,11,19,0,30
2024-03-10 01:20:00,17,18,1,36
2024-03-10 01:30:00,12,18,0,30
2024-03-10 01:40:00,10,20,1,31
2024-03-10 01:50:00,12,20,1,33
2024-03-10 02:00:00,12,14,0,26
2024-03-10 02:10:00,11,21,0,32
2024-03-10 02:20:00,8,17,0,25
2024-03-10 02:30:00,13,13,0,26
2024-03-10 02:40:00,6,10,0,16
2024-03-10 02:50:00,13,14,0,27
2024-03-10 03:00:00,11,11,1,23
2024-03-10 03:10:00,10,12,1,23
2024-03-10 03:20:00,7,11,0,18
2024-03-10 03:30:00,8,12,0,20
2024-03-10 03:40:00,15,13,1,29
2024-03-10 03:50:00,12,14,0,26
2024-03-10 04:00:00,8,15,0,23
2024-03-10 04:10:00,8,9,1,18
2024-03-10 04:20:00,11,7,0,18
2024-03-10 04:30:00,12,13,0,25
2024-03-10 04:40:00,16,11,0,27
2024-03-10 04:50:00,20,8,0,28
2024-03-10 05:00:00,15,7,0,22
2024-03-10 05:10:00,19,10,0,29
2024-03-10 05:20:00,17,6,0,23
2024-03-10 05:30:00,26,6,1,33
2024-03-10 05:40:00,20,19,0,39
2024-03-10 05:50:00,20,6,1,27
2024-03-10 06:00:00,15,6,0,21
2024-03-10 06:10:00,26,11,0,37
2024-03-10 06:20:00,27,17,0,44
2024-03-10 06:30:00,7,16,1,24
2024-03-10 06:40:00,10,11,0,21
2024-03-10 06:50:00,10,18,0,28
2024-03-10 07:00:00,13,15,0,28
2024-03-10 07:10:00,20,15,0,35
2024-03-10 07:20:00,16,19,0,35
2024-03-10 07:30:00,20,16,0,36
2024-03-10 07:40:00,20,11,2,33
2024-03-10 07:50:00,17,9,0,26
2024-03-10 08:00:00,21,8,1,30
2024-03-10 08:10:00,28,14,0,42
2024-03-10 08:20:00,31,7,0,38
2024-03-10 08:30:00,41,16,1,58
2024-03-10 08:40:00,28,18,2,48
2024-03-10 08:50:00,49,19,2,70
2024-03-10 09:00:00,33,19,0,52
2024-03-10 09:10:00,54,28,1,83
2024-03-10 09:20:00,69,35,2,106
2024-03-10 09:30:00,67,42,0,109
2024-03-10 09:40:00,76,37,2,115
2024-03-10 09:50:00,60,30,0,90
2024-03-10 10:00:00,63,34,1,98
2024-03-10 10:10:00,81,35,2,118
2024-03-10 10:20:00,58,49,0,107
2024-03-10 10:30:00,67,46,1,114
2024-03-10 10:40:00,81,38,2,121
2024-03-10 10:50:00,68,52,3,123
2024-03-10 11:00:00,67,53,2,122
2024-03-10 11:10:00,66,71,1,138
2024-03-10 11:20:00,89,69,3,161
2024-03-10 11:30:00,59,66,1,126
2024-03-10 11:40:00,85,77,2,164
2024-03-10 11:50:00,81,68,2,151
2024-03-10 12:00:00,81,80,3,164
2024-03-10 12:10:00,82,67,2,151
2024-03-10 12:20:00,100,84,1,185
2024-03-10 12:30:00,92,85,2,179
2024-03-10 12:40:00,100,72,1,173
2024-03-10 12:50:00,106,71,1,178
2024-03-10 13:00:00,96,85,0,181
2024-03-10 13:10:00,82,82,1,165
2024-03-10 13:20:00,94,75,1,170
2024-03-10 13:30:00,82,67,0,149
2024-03-10 13:40:00,81,82,4,167
2024-03-10 13:50:00,95,74,1,170
2024-03-10 14:00:00,93,67,1,161
2024-03-10 14:10:00,89,102,2,193
2024-03-10 14:20:00,113,86,3,202
2024-03-10 14:30:00,101,118,0,219
2024-03-10 14:40:00,104,81,0,185
2024-03-10 14:50:00,90,98,4,192
2024-03-10 15:00:00,106,74,0,180
2024-03-10 15:10:00,96,85,1,182
2024-03-10 15:20:00,92,70,1,163
2024-03-10 15:30:00,85,80,0,165
2024-03-10 15:40:00,100,65,2,167
2024-03-10 15:50:00,87,89,2,178
2024-03-10 16:00:00,95,92,3,190
2024-03-10 16:10:00,102,69,4,175
2024-03-10 16:20:00,140,81,1,222
2024-03-10 16:30:00,106,75,1,182
2024-03-10 16:40:00,117,69,1,187
2024-03-10 16:50:00,112,75,1,188
2024-03-10 17:00:00,115,72,1,188
2024-03-10 17:10:00,109,85,1,195
2024-03-10 17:20:00,105,82,0,187
2024-03-10 17:30:00,114,69,1,184
2024-03-10 17:40:00,99,68,4,171
2024-03-10 17:50:00,88,82,1,171
2024-03-10 18:00:00,91,66,1,158
2024-03-10 18:10:00,82,71,2,155
2024-03-10 18:20:00,82,70,0,152
2024-03-10 18:30:00,86,62,1,149
2024-03-10 18:40:00,70,89,0,159
2024-03-10 18:50:00,71,77,1,149
2024-03-10 19:00:00,69,90,1,160
2024-03-10 19:10:00,82,62,2,146
2024-03-10 19:20:00,73,74,1,148
2024-03-10 19:30:00,67,72,0,139
2024-03-10 19:40:00,61,54,0,115
2024-03-10 19:50:00,74,58,3,135
2024-03-10 20:00:00,63,58,3,124
2024-03-10 20:10:00,45,65,1,111
2024-03-10 20:20:00,57,67,1,125
2024-03-10 20:30:00,42,44,0,86
2024-03-10 20:40:00,44,49,1,94
2024-03-10 20:50:00,33,48,1,82
2024-03-10 21:00:00,42,42,2,86
2024-03-10 21:10:00,32,47,2,81
2024-03-10 21:20:00,32,64,1,97
2024-03-10 21:30:00,35,55,0,90
2024-03-10 21:40:00,28,44,1,73
2024-03-10 21:50:00,22,60,0,82
2024-03-10 22:00:00,26,30,2,58
2024-03-10 22:10:00,27,38,0,65
2024-03-10 22:20:00,20,36,0,56
2024-03-10 22:30:00,18,33,0,51
2024-03-10 22:40:00,17,26,0,43
2024-03-10 22:50:00,16,22,1,39
2024-03-10 23:00:00,14,30,0,44
2024-03-10 23:10:00,8,12,0,20
2024-03-10 23:20:00,10,17,0,27
2024-03-10 23:30:00,7,19,0,26
2024-03-10 23:40:00,13,11,0,24
2024-03-10 23:50:00,7,18,1,26
2024-03-11 00:00:00,11,19,1,31
2024-03-11 00:10:00,8,12,0,20
2024-03-11 00:20:00,8,13,0,21
2024-03-11 00:30:00,3,4,0,7
2024-03-11 00:40:00,10,5,0,15
2024-03-11 00:50:00,7,4,0,11
2024-03-11 01:00:00,7,4,0,11
2024-03-11 01:10:00,1,7,0,8
2024-03-11 01:20:00,3,6,0,9
2024-03-11 01:30:00,5,7,0,12
2024-03-11 01:40:00,2,6,0,8
2024-03-11 01:50:00,5,6,0,11
2024-03-11 02:00:00,4,5,0,9
2024-03-11 02:10:00,3,3,0,6
2024-03-11 02:20:00,5,0,0,5
2024-03-11 02:30:00,7,0,0,7
2024-03-11 02:40:00,6,3,0,9
2024-03-11 02:50:00,5,5,0,10
2024-03-11 03:00:00,1,2,0,3
2024-03-11 03:10:00,6,6,0,12
2024-03-11 03:20:00,4,6,0,10
2024-03-11 03:30:00,6,3,0,9
2024-03-11 03:40:00,11,2,0,13
2024-03-11 03:50:00,7,2,0,9
2024-03-11 04:00:00,18,7,0,25
2024-03-11 04:10:00,11,2,1,14
2024-03-11 04:20:00,21,2,0,23
2024-03-11 04:30:00,16,8,0,24
2024-03-11 04:40:00,33,4,1,38
2024-03-11 04:50:00,49,10,1,60
2024-03-11 05:00:00,63,7,1,71
2024-03-11 05:10:00,86,12,1,99
2024-03-11 05:20:00,106,23,0,129
2024-03-11 05:30:00,164,26,3,193
2024-03-11 05:40:00,200,27,1,228
2024-03-11 05:50:00,175,27,1,203
2024-03-11 06:00:00,154,23,2,179
2024-03-11 06:10:00,193,41,2,236
2024-03-11 06:20:00,185,50,1,236
2024-03-11 06:30:00,174,62,5,241
2024-03-11 06:40:00,174,67,6,247
2024-03-11 06:50:00,174,58,4,236
2024-03-11 07:00:00,188,90,3,281
2024-03-11 07:10:00,151,90,5,246
2024-03-11 07:20:00,160,77,4,241
2024-03-11 07:30:00,153,80,4,237
2024-03-11 07:40:00,144,85,6,235
2024-03-11 07:50:00,153,83,3,239
2024-03-11 08:00:00,149,76,7,232
2024-03-11 08:10:00,161,73,3,237
2024-03-11 08:20:00,142,77,2,221
2024-03-11 08:30:00,160,82,3,245
2024-03-11 08:40:00,133,69,4,206
2024-03-11 08:50:00,147,89,3,239
2024-03-11 09:00:00,152,93,6,251
2024-03-11 09:10:00,149,81,2,232
2024-03-11 09:20:00,151,62,1,214
2024-03-11 09:30:00,137,74,4,215
2024-03-11 09:40:00,134,78,7,219
2024-03-11 09:50:00,140,84,1,225
2024-03-11 10:00:00,119,81,2,202
2024-03-11 10:10:00,118,73,1,192
2024-03-11 10:20:00,113,75,2,190
2024-03-11 10:30:00,122,83,2,207
2024-03-11 10:40:00,116,85,3,204
2024-03-11 10:50:00,90,78,3,171
2024-03-11 11:00:00,109,76,3,188
2024-03-11 11:10:00,87,81,3,171
2024-03-11 11:20:00,127,95,2,224
2024-03-11 11:30:00,80,71,3,154
2024-03-11 11:40:00,123,92,3,218
2024-03-11 11:50:00,101,95,3,199
2024-03-11 12:00:00,112,104,1,217
2024-03-11 12:10:00,103,125,2,230
2024-03-11 12:20:00,97,99,2,198
2024-03-11 12:30:00,99,123,2,224
2024-03-11 12:40:00,123,112,14,249
2024-03-11 12:50:00,146,116,4,266
2024-03-11 13:00:00,131,115,3,249
2024-03-11 13:10:00,121,132,2,255
2024-03-11 13:20:00,116,133,1,250
2024-03-11 13:30:00,116,119,1,236
2024-03-11 13:40:00,108,105,4,217
2024-03-11 13:50:00,140,108,1,249
2024-03-11 14:00:00,87,139,3,229
2024-03-11 14:10:00,141,164,5,310
2024-03-11 14:20:00,108,163,2,273
2024-03-11 14:30:00,106,156,4,266
2024-03-11 14:40:00,96,164,2,262
2024-03-11 14:50:00,119,160,4,283
2024-03-11 15:00:00,110,169,2,281
2024-03-11 15:10:00,128,166,3,297
2024-03-11 15:20:00,98,172,1,271
2024-03-11 15:30:00,94,181,4,279
2024-03-11 15:40:00,96,173,7,276
2024-03-11 15:50:00,102,166,4,272
2024-03-11 16:00:00,114,204,4,322
2024-03-11 16:10:00,76,182,4,262
2024-03-11 16:20:00,123,149,2,274
2024-03-11 16:30:00,111,177,6,294
2024-03-11 16:40:00,101,170,3,274
2024-03-11 16:50:00,112,156,5,273
2024-03-11 17:00:00,120,178,6,304
2024-03-11 17:10:00,134,170,2,306
2024-03-11 17:20:00,107,168,2,277
2024-03-11 17:30:00,125,179,4,308
2024-03-11 17:40:00,102,137,5,244
2024-03-11 17:50:00,109,151,5,265
2024-03-11 18:00:00,94,142,4,240
2024-03-11 18:10:00,86,139,2,227
2024-03-11 18:20:00,101,142,1,244
2024-03-11 18:30:00,88,124,6,218
2024-03-11 18:40:00,89,117,5,211
2024-03-11 18:50:00,55,96,5,156
2024-03-11 19:00:00,80,106,5,191
2024-03-11 19:10:00,50,88,2,140
2024-03-11 19:20:00,59,103,2,164
2024-03-11 19:30:00,80,92,1,173
2024-03-11 19:40:00,60,74,2,136
2024-03-11 19:50:00,66,77,5,148
2024-03-11 20:00:00,49,67,3,119
2024-03-11 20:10:00,45,68,0,113
2024-03-11 20:20:00,54,75,1,130
2024-03-11 20:30:00,43,65,2,110
2024-03-11 20:40:00,46,63,3,112
2024-03-11 20:50:00,39,46,2,87
2024-03-11 21:00:00,29,77,3,109
2024-03-11 21:10:00,27,65,1,93
2024-03-11 21:20:00,34,62,1,97
2024-03-11 21:30:00,29,59,0,88
2024-03-11 21:40:00,31,45,3,79
2024-03-11 21:50:00,12,43,1,56
2024-03-11 22:00:00,16,35,1,52
2024-03-11 22:10:00,24,65,0,89
2024-03-11 22:20:00,25,57,0,82
2024-03-11 22:30:00,22,42,0,64
2024-03-11 22:40:00,12,31,1,44
2024-03-11 22:50:00,15,29,0,44
2024-03-11 23:00:00,10,27,1,38
2024-03-11 23:10:00,10,28,0,38
2024-03-11 23:20:00,14,14,0,28
2024-03-11 23:30:00,9,20,0,29
2024-03-11 23:40:00,8,14,0,22
2024-03-11 23:50:00,7,14,4,25
2024-03-12 00:00:00,10,13,2,25
2024-03-12 00:10:00,4,14,0,18
2024-03-12 00:20:00,6,12,0,18
2024-03-12 00:30:00,4,9,0,13
2024-03-12 00:40:00,7,6,0,13
2024-03-12 00:50:00,5,5,0,10
2024-03-12 01:00:00,3,7,0,10
2024-03-12 01:10:00,4,4,0,8
2024-03-12 01:20:00,2,3,0,5
2024-03-12 01:30:00,5,5,0,10
2024-03-12 01:40:00,3,2,0,5
2024-03-12 01:50:00,1,11,0,12
2024-03-12 02:00:00,3,5,0,8
2024-03-12 02:10:00,6,5,0,11
2024-03-12 02:20:00,4,0,0,4
2024-03-12 02:30:00,5,2,0,7
2024-03-12 02:40:00,7,3,0,10
2024-03-12 02:50:00,1,1,0,2
2024-03-12 03:00:00,4,3,0,7
2024-03-12 03:10:00,4,7,0,11
2024-03-12 03:20:00,4,3,0,7
2024-03-12 03:30:00,4,4,0,8
2024-03-12 03:40:00,3,5,0,8
2024-03-12 03:50:00,8,3,0,11
2024-03-12 04:00:00,5,7,2,14
2024-03-12 04:10:00,16,6,1,23
2024-03-12 04:20:00,13,4,0,17
2024-03-12 04:30:00,20,5,1,26
2024-03-12 04:40:00,31,5,0,36
2024-03-12 04:50:00,46,6,1,53
2024-03-12 05:00:00,63,4,1,68
2024-03-12 05:10:00,89,14,0,103
2024-03-12 05:20:00,118,30,1,149
2024-03-12 05:30:00,174,29,1,204
2024-03-12 05:40:00,189,22,1,212
2024-03-12 05:50:00,220,22,1,243
2024-03-12 06:00:00,166,25,2,193
2024-03-12 06:10:00,181,42,4,227
2024-03-12 06:20:00,186,51,1,238
2024-03-12 06:30:00,181,71,3,255
2024-03-12 06:40:00,173,79,5,257
2024-03-12 06:50:00,171,68,3,242
2024-03-12 07:00:00,158,85,5,248
2024-03-12 07:10:00,152,72,4,228
2024-03-12 07:20:00,172,93,5,270
2024-03-12 07:30:00,174,74,3,251
2024-03-12 07:40:00,149,91,7,247
2024-03-12 07:50:00,144,70,6,220
2024-03-12 08:00:00,131,86,8,225
2024-03-12 08:10:00,145,82,6,233
2024-03-12 08:20:00,133,72,1,206
2024-03-12 08:30:00,170,93,3,266
2024-03-12 08:40:00,133,78,3,214
2024-03-12 08:50:00,142,81,5,228
2024-03-12 09:00:00,145,67,1,213
2024-03-12 09:10:00,140,82,3,225
2024-03-12 09:20:00,159,85,1,245
2024-03-12 09:30:00,149,82,3,234
2024-03-12 09:40:00,139,71,5,215
2024-03-12 09:50:00,136,83,3,222
2024-03-12 10:00:00,132,72,6,210
2024-03-12 10:10:00,97,87,2,186
2024-03-12 10:20:00,114,63,2,179
2024-03-12 10:30:00,117,88,1,206
2024-03-12 10:40:00,117,95,4,216
2024-03-12 10:50:00,126,72,1,199
2024-03-12 11:00:00,108,101,3,212
2024-03-12 11:10:00,99,109,1,209
2024-03-12 11:20:00,110,94,0,204
2024-03-12 11:30:00,100,95,3,198
2024-03-12 11:40:00,100,83,4,187
2024-03-12 11:50:00,96,95,2,193
2024-03-12 12:00:00,102,98,3,203
2024-03-12 12:10:00,106,107,2,215
2024-03-12 12:20:00,105,128,1,234
2024-03-12 12:30:00,119,111,3,233
2024-03-12 12:40:00,106,127,3,236
2024-03-12 12:50:00,99,128,3,230
2024-03-12 13:00:00,113,136,1,250
2024-03-12 13:10:00,103,142,5,250
2024-03-12 13:20:00,124,140,3,267
2024-03-12 13:30:00,117,123,2,242
2024-03-12 13:40:00,132,114,5,251
2024-03-12 13:50:00,109,123,6,238
2024-03-12 14:00:00,95,142,3,240
2024-03-12 14:10:00,90,157,1,248
2024-03-12 14:20:00,118,162,3,283
2024-03-12 14:30:00,83,160,2,245
2024-03-12 14:40:00,90,173,4,267
2024-03-12 14:50:00,122,143,6,271
2024-03-12 15:00:00,111,173,2,286
2024-03-12 15:10:00,112,168,0,280
2024-03-12 15:20:00,110,155,2,267
2024-03-12 15:30:00,118,196,6,320
2024-03-12 15:40:00,128,171,3,302
2024-03-12 15:50:00,104,161,10,275
2024-03-12 16:00:00,100,179,3,282
2024-03-12 16:10:00,93,170,6,269
2024-03-12 16:20:00,93,163,3,259
2024-03-12 16:30:00,130,179,3,312
2024-03-12 16:40:00,117,149,20,286
2024-03-12 16:50:00,118,188,3,309
2024-03-12 17:00:00,110,175,1,286
2024-03-12 17:10:00,111,168,9,288
2024-03-12 17:20:00,123,142,3,268
2024-03-12 17:30:00,113,188,4,305
2024-03-12 17:40:00,131,153,4,288
2024-03-12 17:50:00,98,154,6,258
2024-03-12 18:00:00,86,163,3,252
2024-03-12 18:10:00,99,161,4,264
2024-03-12 18:20:00,100,159,4,263
2024-03-12 18:30:00,91,158,3,252
2024-03-12 18:40:00,77,110,5,192
2024-03-12 18:50:00,84,103,6,193
2024-03-12 19:00:00,79,123,1,203
2024-03-12 19:10:00,77,100,5,182
2024-03-12 19:20:00,79,92,2,173
2024-03-12 19:30:00,61,75,1,137
2024-03-12 19:40:00,63,71,3,137
2024-03-12 19:50:00,73,79,2,154
2024-03-12 20:00:00,62,67,7,136
2024-03-12 20:10:00,45,73,0,118
2024-03-12 20:20:00,59,76,2,137
2024-03-12 20:30:00,42,62,1,105
2024-03-12 20:40:00,42,64,3,109
2024-03-12 20:50:00,39,74,8,121
2024-03-12 21:00:00,28,57,3,88
2024-03-12 21:10:00,42,68,0,110
2024-03-12 21:20:00,33,67,1,101
2024-03-12 21:30:00,29,63,2,94
2024-03-12 21:40:00,30,57,4,91
2024-03-12 21:50:00,26,52,5,83
2024-03-12 22:00:00,25,61,2,88
2024-03-12 22:10:00,28,64,1,93
2024-03-12 22:20:00,36,57,0,93
2024-03-12 22:30:00,27,49,0,76
2024-03-12 22:40:00,21,39,0,60
2024-03-12 22:50:00,15,47,1,63
2024-03-12 23:00:00,18,26,2,46
2024-03-12 23:10:00,18,29,0,47
2024-03-12 23:20:00,12,24,0,36
2024-03-12 23:30:00,8,22,0,30
2024-03-12 23:40:00,9,21,0,30
2024-03-12 23:50:00,9,13,1,23
2024-03-13 00:00:00,7,15,1,23
2024-03-13 00:10:00,3,12,0,15
2024-03-13 00:20:00,10,10,0,20
2024-03-13 00:30:00,11,6,0,17
2024-03-13 00:40:00,7,6,0,13
2024-03-13 00:50:00,4,9,0,13
2024-03-13 01:00:00,3,9,0,12
2024-03-13 01:10:00,6,4,0,10
2024-03-13 01:20:00,6,5,0,11
2024-03-13 01:30:00,4,4,0,8
2024-03-13 01:40:00,5,7,0,12
2024-03-13 01:50:00,6,3,0,9
2024-03-13 02:00:00,6,9,0,15
2024-03-13 02:10:00,5,3,0,8
2024-03-13 02:20:00,3,1,0,4
2024-03-13 02:30:00,2,5,0,7
2024-03-13 02:40:00,4,4,0,8
2024-03-13 02:50:00,2,3,0,5
2024-03-13 03:00:00,7,4,0,11
2024-03-13 03:10:00,3,3,0,6
2024-03-13 03:20:00,1,3,0,4
2024-03-13 03:30:00,6,3,0,9
2024-03-13 03:40:00,7,4,0,11
2024-03-13 03:50:00,9,6,0,15
2024-03-13 04:00:00,11,9,0,20
2024-03-13 04:10:00,9,7,1,17
2024-03-13 04:20:00,22,4,0,26
2024-03-13 04:30:00,23,3,0,26
2024-03-13 04:40:00,32,7,1,40
2024-03-13 04:50:00,46,5,1,52
2024-03-13 05:00:00,65,11,1,77
2024-03-13 05:10:00,63,15,0,78
2024-03-13 05:20:00,136,20,1,157
2024-03-13 05:30:00,159,26,2,187
2024-03-13 05:40:00,185,23,1,209
2024-03-13 05:50:00,191,26,1,218
2024-03-13 06:00:00,169,36,2,207
2024-03-13 06:10:00,183,33,2,218
2024-03-13 06:20:00,171,45,1,217
2024-03-13 06:30:00,172,61,4,237
2024-03-13 06:40:00,155,62,4,221
2024-03-13 06:50:00,168,78,3,249
2024-03-13 07:00:00,170,86,5,261
2024-03-13 07:10:00,156,75,6,237
2024-03-13 07:20:00,156,85,4,245
2024-03-13 07:30:00,150,81,4,235
2024-03-13 07:40:00,149,82,7,238
2024-03-13 07:50:00,141,67,6,214
2024-03-13 08:00:00,139,71,6,216
2024-03-13 08:10:00,136,80,3,219
2024-03-13 08:20:00,139,96,3,238
2024-03-13 08:30:00,153,64,4,221
2024-03-13 08:40:00,126,78,4,208
2024-03-13 08:50:00,135,71,1,207
2024-03-13 09:00:00,130,71,7,208
2024-03-13 09:10:00,141,64,3,208
2024-03-13 09:20:00,127,74,1,202
2024-03-13 09:30:00,159,69,4,232
2024-03-13 09:40:00,150,78,5,233
2024-03-13 09:50:00,137,75,2,214
2024-03-13 10:00:00,128,68,0,196
2024-03-13 10:10:00,113,56,2,171
2024-03-13 10:20:00,111,82,1,194
2024-03-13 10:30:00,102,74,1,177
2024-03-13 10:40:00,108,73,2,183
2024-03-13 10:50:00,100,76,6,182
2024-03-13 11:00:00,90,94,2,186
2024-03-13 11:10:00,123,96,1,220
2024-03-13 11:20:00,94,86,2,182
2024-03-13 11:30:00,101,86,2,189
2024-03-13 11:40:00,93,95,4,192
2024-03-13 11:50:00,112,118,5,235
2024-03-13 12:00:00,90,101,3,194
2024-03-13 12:10:00,96,120,1,217
2024-03-13 12:20:00,94,134,1,229
2024-03-13 12:30:00,130,103,1,234
2024-03-13 12:40:00,116,129,4,249
2024-03-13 12:50:00,104,121,5,230
2024-03-13 13:00:00,114,146,2,262
2024-03-13 13:10:00,129,136,1,266
2024-03-13 13:20:00,108,137,1,246
2024-03-13 13:30:00,103,109,0,212
2024-03-13 13:40:00,114,121,3,238
2024-03-13 13:50:00,101,108,3,212
2024-03-13 14:00:00,89,134,4,227
2024-03-13 14:10:00,94,165,2,261
2024-03-13 14:20:00,116,161,1,278
2024-03-13 14:30:00,131,157,4,292
2024-03-13 14:40:00,145,170,4,319
2024-03-13 14:50:00,125,165,6,296
2024-03-13 15:00:00,105,139,2,246
2024-03-13 15:10:00,116,167,4,287
2024-03-13 15:20:00,128,170,5,303
2024-03-13 15:30:00,118,169,3,290
2024-03-13 15:40:00,110,161,3,274
2024-03-13 15:50:00,138,146,5,289
2024-03-13 16:00:00,99,170,6,275
2024-03-13 16:10:00,123,181,4,308
2024-03-13 16:20:00,127,170,2,299
2024-03-13 16:30:00,117,165,3,285
2024-03-13 16:40:00,123,163,3,289
2024-03-13 16:50:00,131,150,3,284
2024-03-13 17:00:00,104,161,1,266
2024-03-13 17:10:00,158,167,2,327
2024-03-13 17:20:00,116,175,6,297
2024-03-13 17:30:00,108,179,5,292
2024-03-13 17:40:00,110,146,1,257
2024-03-13 17:50:00,112,155,4,271
2024-03-13 18:00:00,116,169,6,291
2024-03-13 18:10:00,100,155,3,258
2024-03-13 18:20:00,104,148,1,253
2024-03-13 18:30:00,88,124,2,214
2024-03-13 18:40:00,100,127,6,233
2024-03-13 18:50:00,79,123,5,207
2024-03-13 19:00:00,73,113,3,189
2024-03-13 19:10:00,82,108,3,193
2024-03-13 19:20:00,76,108,3,187
2024-03-13 19:30:00,65,92,3,160
2024-03-13 19:40:00,59,80,3,142
2024-03-13 19:50:00,64,82,2,148
2024-03-13 20:00:00,51,82,3,136
2024-03-13 20:10:00,42,75,3,120
2024-03-13 20:20:00,57,76,1,134
2024-03-13 20:30:00,46,57,0,103
2024-03-13 20:40:00,59,79,3,141
2024-03-13 20:50:00,50,73,2,125
2024-03-13 21:00:00,41,67,4,112
2024-03-13 21:10:00,40,81,0,121
2024-03-13 21:20:00,33,87,1,121
2024-03-13 21:30:00,38,72,1,111
2024-03-13 21:40:00,36,69,2,107
2024-03-13 21:50:00,25,53,3,81
2024-03-13 22:00:00,25,46,2,73
2024-03-13 22:10:00,38,63,0,101
2024-03-13 22:20:00,30,58,0,88
2024-03-13 22:30:00,14,55,0,69
2024-03-13 22:40:00,18,45,1,64
2024-03-13 22:50:00,24,49,2,75
2024-03-13 23:00:00,12,42,1,55
2024-03-13 23:10:00,16,36,0,52
2024-03-13 23:20:00,9,22,0,31
2024-03-13 23:30:00,14,16,0,30
2024-03-13 23:40:00,9,22,0,31
2024-03-13 23:50:00,9,19,1,29
2024-03-14 00:00:00,6,17,1,24
2024-03-14 00:10:00,11,21,0,32
2024-03-14 00:20:00,14,14,0,28
2024-03-14 00:30:00,4,9,0,13
2024-03-14 00:40:00,6,5,0,11
2024-03-14 00:50:00,5,15,1,21
2024-03-14 01:00:00,6,8,0,14
2024-03-14 01:10:00,4,7,0,11
2024-03-14 01:20:00,5,7,0,12
2024-03-14 01:30:00,6,6,0,12
2024-03-14 01:40:00,3,5,0,8
2024-03-14 01:50:00,7,5,0,12
2024-03-14 02:00:00,4,3,0,7
2024-03-14 02:10:00,2,5,0,7
2024-03-14 02:20:00,6,3,0,9
2024-03-14 02:30:00,5,1,0,6
2024-03-14 02:40:00,6,2,0,8
2024-03-14 02:50:00,5,6,0,11
2024-03-14 03:00:00,5,3,0,8
2024-03-14 03:10:00,3,3,0,6
2024-03-14 03:20:00,8,7,0,15
2024-03-14 03:30:00,5,2,0,7
2024-03-14 03:40:00,3,3,0,6
2024-03-14 03:50:00,4,5,0,9
2024-03-14 04:00:00,11,6,0,17
2024-03-14 04:10:00,18,6,1,25
2024-03-14 04:20:00,22,6,0,28
2024-03-14 04:30:00,23,4,1,28
2024-03-14 04:40:00,38,7,1,46
2024-03-14 04:50:00,50,3,1,54
2024-03-14 05:00:00,58,6,1,65
2024-03-14 05:10:00,80,20,0,100
2024-03-14 05:20:00,110,22,1,133
2024-03-14 05:30:00,152,29,1,182
2024-03-14 05:40:00,189,28,2,219
2024-03-14 05:50:00,173,26,1,200
2024-03-14 06:00:00,188,25,1,214
2024-03-14 06:10:00,153,44,2,199
2024-03-14 06:20:00,188,53,1,242
2024-03-14 06:30:00,166,68,6,240
2024-03-14 06:40:00,175,74,3,252
2024-03-14 06:50:00,172,54,2,228
2024-03-14 07:00:00,171,72,5,248
2024-03-14 07:10:00,164,71,3,238
2024-03-14 07:20:00,158,81,4,243
2024-03-14 07:30:00,164,76,3,243
2024-03-14 07:40:00,136,78,7,221
2024-03-14 07:50:00,160,104,7,271
2024-03-14 08:00:00,148,76,6,230
2024-03-14 08:10:00,128,71,6,205
2024-03-14 08:20:00,154,79,3,236
2024-03-14 08:30:00,164,85,5,254
2024-03-14 08:40:00,160,73,2,235
2024-03-14 08:50:00,140,75,4,219
2024-03-14 09:00:00,130,59,2,191
2024-03-14 09:10:00,144,81,6,231
2024-03-14 09:20:00,125,80,2,207
2024-03-14 09:30:00,119,83,3,205
2024-03-14 09:40:00,150,77,5,232
2024-03-14 09:50:00,132,75,4,211
2024-03-14 10:00:00,114,76,2,192
2024-03-14 10:10:00,95,64,1,160
2024-03-14 10:20:00,94,72,3,169
2024-03-14 10:30:00,93,94,1,188
2024-03-14 10:40:00,121,61,3,185
2024-03-14 10:50:00,116,76,2,194
2024-03-14 11:00:00,111,80,3,194
2024-03-14 11:10:00,88,88,0,176
2024-03-14 11:20:00,115,88,2,205
2024-03-14 11:30:00,94,99,3,196
2024-03-14 11:40:00,103,85,6,194
2024-03-14 11:50:00,103,100,5,208
2024-03-14 12:00:00,99,106,3,208
2024-03-14 12:10:00,152,121,3,276
2024-03-14 12:20:00,127,118,2,247
2024-03-14 12:30:00,79,127,3,209
2024-03-14 12:40:00,138,119,3,260
2024-03-14 12:50:00,110,114,4,228
2024-03-14 13:00:00,106,140,3,249
2024-03-14 13:10:00,136,137,5,278
2024-03-14 13:20:00,126,140,3,269
2024-03-14 13:30:00,116,127,0,243
2024-03-14 13:40:00,112,139,5,256
2024-03-14 13:50:00,119,120,3,242
2024-03-14 14:00:00,106,146,4,256
2024-03-14 14:10:00,113,153,1,267
2024-03-14 14:20:00,110,134,1,245
2024-03-14 14:30:00,103,166,2,271
2024-03-14 14:40:00,117,140,4,261
2024-03-14 14:50:00,133,166,6,305
2024-03-14 15:00:00,110,163,2,275
2024-03-14 15:10:00,116,170,4,290
2024-03-14 15:20:00,118,160,2,280
2024-03-14 15:30:00,96,170,1,267
2024-03-14 15:40:00,121,164,6,291
2024-03-14 15:50:00,127,165,5,297
2024-03-14 16:00:00,127,182,30,339
2024-03-14 16:10:00,124,178,5,307
2024-03-14 16:20:00,121,149,2,272
2024-03-14 16:30:00,133,171,2,306
2024-03-14 16:40:00,99,171,4,274
2024-03-14 16:50:00,106,156,3,265
2024-03-14 17:00:00,98,185,6,289
2024-03-14 17:10:00,143,178,1,322
2024-03-14 17:20:00,117,177,2,296
2024-03-14 17:30:00,126,173,5,304
2024-03-14 17:40:00,130,166,3,299
2024-03-14 17:50:00,123,156,6,285
2024-03-14 18:00:00,116,155,11,282
2024-03-14 18:10:00,109,141,2,252
2024-03-14 18:20:00,101,169,2,272
2024-03-14 18:30:00,101,163,8,272
2024-03-14 18:40:00,101,114,3,218
2024-03-14 18:50:00,72,131,4,207
2024-03-14 19:00:00,78,91,6,175
2024-03-14 19:10:00,70,115,2,187
2024-03-14 19:20:00,54,84,4,142
2024-03-14 19:30:00,92,103,0,195
2024-03-14 19:40:00,74,63,3,140
2024-03-14 19:50:00,80,81,3,164
2024-03-14 20:00:00,72,92,7,171
2024-03-14 20:10:00,41,80,2,123
2024-03-14 20:20:00,63,86,2,151
2024-03-14 20:30:00,57,58,0,115
2024-03-14 20:40:00,30,64,4,98
2024-03-14 20:50:00,39,63,4,106
2024-03-14 21:00:00,54,65,3,122
2024-03-14 21:10:00,27,74,1,102
2024-03-14 21:20:00,26,75,0,101
2024-03-14 21:30:00,30,57,1,88
2024-03-14 21:40:00,29,62,3,94
2024-03-14 21:50:00,27,41,2,70
2024-03-14 22:00:00,48,58,1,107
2024-03-14 22:10:00,35,58,0,93
2024-03-14 22:20:00,25,50,1,76
2024-03-14 22:30:00,27,57,0,84
2024-03-14 22:40:00,14,59,1,74
2024-03-14 22:50:00,15,45,0,60
2024-03-14 23:00:00,13,27,2,42
2024-03-14 23:10:00,20,47,0,67
2024-03-14 23:20:00,18,37,0,55
2024-03-14 23:30:00,16,21,0,37
2024-03-14 23:40:00,13,25,0,38
2024-03-14 23:50:00,8,15,1,24
2024-03-15 00:00:00,9,15,1,25
2024-03-15 00:10:00,9,20,0,29
2024-03-15 00:20:00,9,12,0,21
2024-03-15 00:30:00,5,12,1,18
2024-03-15 00:40:00,8,12,0,20
2024-03-15 00:50:00,6,9,0,15
2024-03-15 01:00:00,5,9,0,14
2024-03-15 01:10:00,5,8,0,13
2024-03-15 01:20:00,7,6,0,13
2024-03-15 01:30:00,8,8,0,16
2024-03-15 01:40:00,3,2,0,5
2024-03-15 01:50:00,8,3,0,11
2024-03-15 02:00:00,4,9,0,13
2024-03-15 02:10:00,8,4,0,12
2024-03-15 02:20:00,2,8,0,10
2024-03-15 02:30:00,3,5,0,8
2024-03-15 02:40:00,8,4,0,12
2024-03-15 02:50:00,5,3,0,8
2024-03-15 03:00:00,5,6,0,11
2024-03-15 03:10:00,2,7,0,9
2024-03-15 03:20:00,6,8,0,14
2024-03-15 03:30:00,3,6,0,9
2024-03-15 03:40:00,11,4,0,15
2024-03-15 03:50:00,8,4,0,12
2024-03-15 04:00:00,13,3,1,17
2024-03-15 04:10:00,13,3,0,16
2024-03-15 04:20:00,16,6,0,22
2024-03-15 04:30:00,21,7,1,29
2024-03-15 04:40:00,32,8,1,41
2024-03-15 04:50:00,51,13,1,65
2024-03-15 05:00:00,42,8,1,51
2024-03-15 05:10:00,80,10,1,91
2024-03-15 05:20:00,108,22,1,131
2024-03-15 05:30:00,137,23,1,161
2024-03-15 05:40:00,191,24,2,217
2024-03-15 05:50:00,148,26,1,175
2024-03-15 06:00:00,136,35,2,173
2024-03-15 06:10:00,155,41,2,198
2024-03-15 06:20:00,175,60,0,235
2024-03-15 06:30:00,169,62,5,236
2024-03-15 06:40:00,163,57,4,224
2024-03-15 06:50:00,174,62,4,240
2024-03-15 07:00:00,156,77,5,238
2024-03-15 07:10:00,161,61,5,227
2024-03-15 07:20:00,158,81,3,242
2024-03-15 07:30:00,178,76,5,259
2024-03-15 07:40:00,161,73,7,241
2024-03-15 07:50:00,150,75,3,228
2024-03-15 08:00:00,126,60,6,192
2024-03-15 08:10:00,132,81,2,215
2024-03-15 08:20:00,139,72,1,212
2024-03-15 08:30:00,155,66,3,224
2024-03-15 08:40:00,144,74,4,222
2024-03-15 08:50:00,121,81,4,206
2024-03-15 09:00:00,102,66,2,170
2024-03-15 09:10:00,94,75,3,172
2024-03-15 09:20:00,107,83,4,194
2024-03-15 09:30:00,144,67,2,213
2024-03-15 09:40:00,131,70,4,205
2024-03-15 09:50:00,126,79,2,207
2024-03-15 10:00:00,114,75,1,190
2024-03-15 10:10:00,106,76,2,184
2024-03-15 10:20:00,114,73,1,188
2024-03-15 10:30:00,113,76,4,193
2024-03-15 10:40:00,110,96,3,209
2024-03-15 10:50:00,113,88,2,203
2024-03-15 11:00:00,108,80,5,193
2024-03-15 11:10:00,95,111,3,209
2024-03-15 11:20:00,112,83,0,195
2024-03-15 11:30:00,103,93,2,198
2024-03-15 11:40:00,106,105,5,216
2024-03-15 11:50:00,120,116,3,239
2024-03-15 12:00:00,94,144,2,240
2024-03-15 12:10:00,100,136,1,237
2024-03-15 12:20:00,114,155,4,273
2024-03-15 12:30:00,113,127,1,241
2024-03-15 12:40:00,100,125,3,228
2024-03-15 12:50:00,95,153,2,250
2024-03-15 13:00:00,67,175,3,245
2024-03-15 13:10:00,138,139,5,282
2024-03-15 13:20:00,153,137,3,293
2024-03-15 13:30:00,103,151,4,258
2024-03-15 13:40:00,122,166,4,292
2024-03-15 13:50:00,114,125,4,243
2024-03-15 14:00:00,99,163,7,269
2024-03-15 14:10:00,100,159,2,261
2024-03-15 14:20:00,108,149,5,262
2024-03-15 14:30:00,129,183,2,314
2024-03-15 14:40:00,131,143,2,276
2024-03-15 14:50:00,108,148,5,261
2024-03-15 15:00:00,112,183,2,297
2024-03-15 15:10:00,110,166,3,279
2024-03-15 15:20:00,113,141,2,256
2024-03-15 15:30:00,124,164,4,292
2024-03-15 15:40:00,131,148,1,280
2024-03-15 15:50:00,122,164,4,290
2024-03-15 16:00:00,118,127,3,248
2024-03-15 16:10:00,115,145,1,261
2024-03-15 16:20:00,90,152,1,243
2024-03-15 16:30:00,137,137,2,276
2024-03-15 16:40:00,143,136,3,282
2024-03-15 16:50:00,107,159,3,269
2024-03-15 17:00:00,118,139,3,260
2024-03-15 17:10:00,158,142,3,303
2024-03-15 17:20:00,130,148,2,280
2024-03-15 17:30:00,140,156,3,299
2024-03-15 17:40:00,118,129,3,250
2024-03-15 17:50:00,124,140,7,271
2024-03-15 18:00:00,133,140,2,275
2024-03-15 18:10:00,120,128,3,251
2024-03-15 18:20:00,114,132,2,248
2024-03-15 18:30:00,98,135,5,238
2024-03-15 18:40:00,89,116,5,210
2024-03-15 18:50:00,102,126,2,230
2024-03-15 19:00:00,79,119,2,200
2024-03-15 19:10:00,100,103,1,204
2024-03-15 19:20:00,94,119,1,214
2024-03-15 19:30:00,79,82,0,161
2024-03-15 19:40:00,83,79,2,164
2024-03-15 19:50:00,81,84,3,168
2024-03-15 20:00:00,83,87,5,175
2024-03-15 20:10:00,57,97,2,156
2024-03-15 20:20:00,51,85,2,138
2024-03-15 20:30:00,62,70,2,134
2024-03-15 20:40:00,59,76,1,136
2024-03-15 20:50:00,47,83,2,132
2024-03-15 21:00:00,56,64,3,123
2024-03-15 21:10:00,42,74,0,116
2024-03-15 21:20:00,49,83,2,134
2024-03-15 21:30:00,32,57,1,90
2024-03-15 21:40:00,43,76,1,120
2024-03-15 21:50:00,43,65,1,109
2024-03-15 22:00:00,41,59,2,102
2024-03-15 22:10:00,47,71,1,119
2024-03-15 22:20:00,37,57,1,95
2024-03-15 22:30:00,43,70,0,113
2024-03-15 22:40:00,46,59,1,106
2024-03-15 22:50:00,27,60,0,87
2024-03-15 23:00:00,23,65,2,90
2024-03-15 23:10:00,33,47,1,81
2024-03-15 23:20:00,32,47,0,79
2024-03-15 23:30:00,20,43,0,63
2024-03-15 23:40:00,20,43,1,64
2024-03-15 23:50:00,19,38,0,57
2024-03-16 00:00:00,18,31,1,50
2024-03-16 00:10:00,16,47,0,63
2024-03-16 00:20:00,15,32,0,47
2024-03-16 00:30:00,12,26,0,38
2024-03-16 00:40:00,18,28,0,46
2024-03-16 00:50:00,8,20,2,30
2024-03-16 01:00:00,10,13,0,23
2024-03-16 01:10:00,11,23,0,34
2024-03-16 01:20:00,9,23,0,32
2024-03-16 01:30:00,6,19,0,25
2024-03-16 01:40:00,10,14,1,25
2024-03-16 01:50:00,11,10,1,22
2024-03-16 02:00:00,5,19,0,24
2024-03-16 02:10:00,3,14,0,17
2024-03-16 02:20:00,7,11,0,18
2024-03-16 02:30:00,6,14,0,20
2024-03-16 02:40:00,7,10,0,17
2024-03-16 02:50:00,6,7,0,13
2024-03-16 03:00:00,1,11,0,12
2024-03-16 03:10:00,5,12,1,18
2024-03-16 03:20:00,2,5,0,7
2024-03-16 03:30:00,9,11,0,20
2024-03-16 03:40:00,4,8,0,12
2024-03-16 03:50:00,11,6,0,17
2024-03-16 04:00:00,5,5,0,10
2024-03-16 04:10:00,9,8,0,17
2024-03-16 04:20:00,11,7,0,18
2024-03-16 04:30:00,6,7,1,14
2024-03-16 04:40:00,12,9,1,22
2024-03-16 04:50:00,16,7,0,23
2024-03-16 05:00:00,24,3,0,27
2024-03-16 05:10:00,24,8,1,33
2024-03-16 05:20:00,35,12,0,47
2024-03-16 05:30:00,40,13,0,53
2024-03-16 05:40:00,36,15,0,51
2024-03-16 05:50:00,25,17,0,42
2024-03-16 06:00:00,25,12,1,38
2024-03-16 06:10:00,26,17,1,44
2024-03-16 06:20:00,41,23,1,65
2024-03-16 06:30:00,31,27,0,58
2024-03-16 06:40:00,31,30,0,61
2024-03-16 06:50:00,26,23,1,50
2024-03-16 07:00:00,24,19,1,44
2024-03-16 07:10:00,36,18,0,54
2024-03-16 07:20:00,66,25,2,93
2024-03-16 07:30:00,69,30,1,100
2024-03-16 07:40:00,65,12,5,82
2024-03-16 07:50:00,66,24,0,90
2024-03-16 08:00:00,52,27,2,81
2024-03-16 08:10:00,57,35,0,92
2024-03-16 08:20:00,88,34,1,123
2024-03-16 08:30:00,66,38,1,105
2024-03-16 08:40:00,84,54,2,140
2024-03-16 08:50:00,88,34,3,125
2024-03-16 09:00:00,92,48,2,142
2024-03-16 09:10:00,91,61,0,152
2024-03-16 09:20:00,99,51,1,151
2024-03-16 09:30:00,117,61,2,180
2024-03-16 09:40:00,129,60,6,195
2024-03-16 09:50:00,131,53,0,184
2024-03-16 10:00:00,126,61,1,188
2024-03-16 10:10:00,114,50,0,164
2024-03-16 10:20:00,132,79,2,213
2024-03-16 10:30:00,120,92,2,214
2024-03-16 10:40:00,140,84,2,226
2024-03-16 10:50:00,144,75,9,228
2024-03-16 11:00:00,132,83,3,218
2024-03-16 11:10:00,137,79,1,217
2024-03-16 11:20:00,119,92,2,213
2024-03-16 11:30:00,121,102,2,225
2024-03-16 11:40:00,123,84,1,208
2024-03-16 11:50:00,133,95,2,230
2024-03-16 12:00:00,128,123,4,255
2024-03-16 12:10:00,144,111,1,256
2024-03-16 12:20:00,131,117,2,250
2024-03-16 12:30:00,141,95,2,238
2024-03-16 12:40:00,137,86,1,224
2024-03-16 12:50:00,122,95,3,220
2024-03-16 13:00:00,144,123,3,270
2024-03-16 13:10:00,138,127,2,267
2024-03-16 13:20:00,143,115,2,260
2024-03-16 13:30:00,136,106,6,248
2024-03-16 13:40:00,163,130,2,295
2024-03-16 13:50:00,143,131,4,278
2024-03-16 14:00:00,153,153,1,307
2024-03-16 14:10:00,143,135,3,281
2024-03-16 14:20:00,160,141,1,302
2024-03-16 14:30:00,150,133,1,284
2024-03-16 14:40:00,149,123,1,273
2024-03-16 14:50:00,146,139,2,287
2024-03-16 15:00:00,111,131,1,243
2024-03-16 15:10:00,134,129,3,266
2024-03-16 15:20:00,135,117,3,255
2024-03-16 15:30:00,118,127,4,249
2024-03-16 15:40:00,111,113,5,229
2024-03-16 15:50:00,122,98,4,224
2024-03-16 16:00:00,112,115,4,231
2024-03-16 16:10:00,96,123,0,219
2024-03-16 16:20:00,108,118,4,230
2024-03-16 16:30:00,114,121,1,236
2024-03-16 16:40:00,139,105,4,248
2024-03-16 16:50:00,101,116,0,217
2024-03-16 17:00:00,120,123,1,244
2024-03-16 17:10:00,104,136,0,240
2024-03-16 17:20:00,93,120,0,213
2024-03-16 17:30:00,116,129,4,249
2024-03-16 17:40:00,114,120,1,235
2024-03-16 17:50:00,135,124,1,260
2024-03-16 18:00:00,146,186,3,335
2024-03-16 18:10:00,147,164,2,313
2024-03-16 18:20:00,146,155,0,301
2024-03-16 18:30:00,96,140,4,240
2024-03-16 18:40:00,124,118,1,243
2024-03-16 18:50:00,94,119,3,216
2024-03-16 19:00:00,83,109,0,192
2024-03-16 19:10:00,103,86,0,189
2024-03-16 19:20:00,87,82,1,170
2024-03-16 19:30:00,70,108,1,179
2024-03-16 19:40:00,93,90,3,186
2024-03-16 19:50:00,95,83,2,180
2024-03-16 20:00:00,82,80,2,164
2024-03-16 20:10:00,72,96,5,173
2024-03-16 20:20:00,48,78,2,128
2024-03-16 20:30:00,58,66,1,125
2024-03-16 20:40:00,57,60,0,117
2024-03-16 20:50:00,53,71,1,125
2024-03-16 21:00:00,50,67,0,117
2024-03-16 21:10:00,72,65,1,138
2024-03-16 21:20:00,50,56,0,106
2024-03-16 21:30:00,45,46,1,92
2024-03-16 21:40:00,40,72,1,113
2024-03-16 21:50:00,43,75,1,119
2024-03-16 22:00:00,44,70,1,115
2024-03-16 22:10:00,49,76,1,126
2024-03-16 22:20:00,40,64,1,105
2024-03-16 22:30:00,54,65,1,120
2024-03-16 22:40:00,47,67,0,114
2024-03-16 22:50:00,28,72,1,101
2024-03-16 23:00:00,39,70,3,112
2024-03-16 23:10:00,32,64,0,96
2024-03-16 23:20:00,34,58,0,92
2024-03-16 23:30:00,31,41,0,72
2024-03-16 23:40:00,30,50,0,80
2024-03-16 23:50:00,28,44,3,75
2024-03-17 00:00:00,29,39,1,69
2024-03-17 00:10:00,31,43,0,74
2024-03-17 00:20:00,16,44,0,60
2024-03-17 00:30:00,23,34,0,57
2024-03-17 00:40:00,21,34,1,56
2024-03-17 00:50:00,20,25,0,45
2024-03-17 01:00:00,7,32,0,39
2024-03-17 01:10:00,8,29,1,38
2024-03-17 01:20:00,17,28,1,46
2024-03-17 01:30:00,10,21,0,31
2024-03-17 01:40:00,10,17,2,29
2024-03-17 01:50:00,13,26,1,40
2024-03-17 02:00:00,17,20,0,37
2024-03-17 02:10:00,16,17,0,33
2024-03-17 02:20:00,14,13,0,27
2024-03-17 02:30:00,11,9,0,20
2024-03-17 02:40:00,12,12,0,24
2024-03-17 02:50:00,7,15,0,22
2024-03-17 03:00:00,6,16,1,23
2024-03-17 03:10:00,6,13,0,19
2024-03-17 03:20:00,10,14,0,24
2024-03-17 03:30:00,12,16,0,28
2024-03-17 03:40:00,11,12,1,24
2024-03-17 03:50:00,10,12,0,22
2024-03-17 04:00:00,9,15,0,24
2024-03-17 04:10:00,8,7,2,17
2024-03-17 04:20:00,13,9,0,22
2024-03-17 04:30:00,9,5,0,14
2024-03-17 04:40:00,19,1,0,20
2024-03-17 04:50:00,11,10,0,21
2024-03-17 05:00:00,21,10,1,32
2024-03-17 05:10:00,16,7,0,23
2024-03-17 05:20:00,23,10,2,35
2024-03-17 05:30:00,27,8,0,35
2024-03-17 05:40:00,29,13,0,42
2024-03-17 05:50:00,14,8,0,22
2024-03-17 06:00:00,15,12,0,27
2024-03-17 06:10:00,17,18,1,36
2024-03-17 06:20:00,20,11,0,31
2024-03-17 06:30:00,13,16,0,29
2024-03-17 06:40:00,11,9,0,20
2024-03-17 06:50:00,13,14,0,27
2024-03-17 07:00:00,19,8,0,27
2024-03-17 07:10:00,14,8,0,22
2024-03-17 07:20:00,14,10,0,24
2024-03-17 07:30:00,20,10,0,30
2024-03-17 07:40:00,38,10,1,49
2024-03-17 07:50:00,20,14,0,34
2024-03-17 08:00:00,18,10,1,29
2024-03-17 08:10:00,32,23,0,55
2024-03-17 08:20:00,37,26,0,63
2024-03-17 08:30:00,33,28,0,61
2024-03-17 08:40:00,38,19,0,57
2024-03-17 08:50:00,47,23,2,72
2024-03-17 09:00:00,35,22,0,57
2024-03-17 09:10:00,55,35,0,90
2024-03-17 09:20:00,60,23,2,85
2024-03-17 09:30:00,57,44,0,101
2024-03-17 09:40:00,63,41,0,104
2024-03-17 09:50:00,78,51,2,131
2024-03-17 10:00:00,73,47,2,122
2024-03-17 10:10:00,84,52,1,137
2024-03-17 10:20:00,85,50,0,135
2024-03-17 10:30:00,67,49,2,118
2024-03-17 10:40:00,76,46,3,125
2024-03-17 10:50:00,87,57,3,147
2024-03-17 11:00:00,73,54,1,128
2024-03-17 11:10:00,68,69,2,139
2024-03-17 11:20:00,77,76,1,154
2024-03-17 11:30:00,67,78,2,147
2024-03-17 11:40:00,89,79,1,169
2024-03-17 11:50:00,76,51,2,129
2024-03-17 12:00:00,89,82,2,173
2024-03-17 12:10:00,82,95,1,178
2024-03-17 12:20:00,94,83,3,180
2024-03-17 12:30:00,100,93,0,193
2024-03-17 12:40:00,88,84,0,172
2024-03-17 12:50:00,88,96,2,186
2024-03-17 13:00:00,80,82,1,163
2024-03-17 13:10:00,100,70,0,170
2024-03-17 13:20:00,99,92,0,191
2024-03-17 13:30:00,73,85,2,160
2024-03-17 13:40:00,104,93,4,201
2024-03-17 13:50:00,129,111,4,244
2024-03-17 14:00:00,98,75,2,175
2024-03-17 14:10:00,100,107,1,208
2024-03-17 14:20:00,106,96,1,203
2024-03-17 14:30:00,97,117,2,216
2024-03-17 14:40:00,122,96,2,220
2024-03-17 14:50:00,96,97,1,194
2024-03-17 15:00:00,84,96,1,181
2024-03-17 15:10:00,111,96,1,208
2024-03-17 15:20:00,97,77,0,174
2024-03-17 15:30:00,101,85,1,187
2024-03-17 15:40:00,82,80,4,166
2024-03-17 15:50:00,100,72,2,174
2024-03-17 16:00:00,87,58,1,146
2024-03-17 16:10:00,102,83,4,189
2024-03-17 16:20:00,109,60,0,169
2024-03-17 16:30:00,111,73,1,185
2024-03-17 16:40:00,91,74,0,165
2024-03-17 16:50:00,92,87,3,182
2024-03-17 17:00:00,90,82,6,178
2024-03-17 17:10:00,101,81,4,186
2024-03-17 17:20:00,113,76,5,194
2024-03-17 17:30:00,125,80,1,206
2024-03-17 17:40:00,122,77,2,201
2024-03-17 17:50:00,101,75,3,179
2024-03-17 18:00:00,106,77,4,187
2024-03-17 18:10:00,87,88,1,176
2024-03-17 18:20:00,105,64,0,169
2024-03-17 18:30:00,91,58,1,150
2024-03-17 18:40:00,64,72,0,136
2024-03-17 18:50:00,65,47,5,117
2024-03-17 19:00:00,60,80,1,141
2024-03-17 19:10:00,72,54,1,127
2024-03-17 19:20:00,55,73,0,128
2024-03-17 19:30:00,74,75,1,150
2024-03-17 19:40:00,95,48,1,144
2024-03-17 19:50:00,84,40,2,126
2024-03-17 20:00:00,61,57,2,120
2024-03-17 20:10:00,60,51,1,112
2024-03-17 20:20:00,65,48,1,114
2024-03-17 20:30:00,54,49,0,103
2024-03-17 20:40:00,55,55,0,110
2024-03-17 20:50:00,40,47,3,90
2024-03-17 21:00:00,50,48,0,98
2024-03-17 21:10:00,46,51,0,97
2024-03-17 21:20:00,34,41,1,76
2024-03-17 21:30:00,43,43,0,86
2024-03-17 21:40:00,39,40,1,80
2024-03-17 21:50:00,27,50,2,79
2024-03-17 22:00:00,29,38,1,68
2024-03-17 22:10:00,23,47,1,71
2024-03-17 22:20:00,23,40,0,63
2024-03-17 22:30:00,17,40,0,57
2024-03-17 22:40:00,23,32,0,55
2024-03-17 22:50:00,16,30,1,47
2024-03-17 23:00:00,20,28,0,48
2024-03-17 23:10:00,12,22,0,34
2024-03-17 23:20:00,9,23,0,32
2024-03-17 23:30:00,7,23,0,30
2024-03-17 23:40:00,22,13,0,35
2024-03-17 23:50:00,2,9,1,12
2024-03-18 00:00:00,5,14,1,20
2024-03-18 00:10:00,11,13,0,24
2024-03-18 00:20:00,6,13,3,22
2024-03-18 00:30:00,11,7,1,19
2024-03-18 00:40:00,3,6,0,9
2024-03-18 00:50:00,3,8,0,11
2024-03-18 01:00:00,0,2,0,2
2024-03-18 01:10:00,5,5,0,10
2024-03-18 01:20:00,9,3,0,12
2024-03-18 01:30:00,3,5,0,8
2024-03-18 01:40:00,8,8,0,16
2024-03-18 01:50:00,5,5,0,10
2024-03-18 02:00:00,1,8,0,9
2024-03-18 02:10:00,8,2,0,10
2024-03-18 02:20:00,7,3,0,10
2024-03-18 02:30:00,8,3,0,11
2024-03-18 02:40:00,2,3,0,5
2024-03-18 02:50:00,5,8,0,13
2024-03-18 03:00:00,3,4,0,7
2024-03-18 03:10:00,8,4,0,12
2024-03-18 03:20:00,9,6,0,15
2024-03-18 03:30:00,8,3,0,11
2024-03-18 03:40:00,8,4,0,12
2024-03-18 03:50:00,8,4,0,12
2024-03-18 04:00:00,13,6,0,19
2024-03-18 04:10:00,15,5,4,24
2024-03-18 04:20:00,18,4,0,22
2024-03-18 04:30:00,26,10,0,36
2024-03-18 04:40:00,33,7,1,41
2024-03-18 04:50:00,43,7,1,51
2024-03-18 05:00:00,73,6,1,80
2024-03-18 05:10:00,79,13,1,93
2024-03-18 05:20:00,118,33,1,152
2024-03-18 05:30:00,152,31,1,184
2024-03-18 05:40:00,214,18,2,234
2024-03-18 05:50:00,175,19,1,195
2024-03-18 06:00:00,172,26,2,200
2024-03-18 06:10:00,160,31,2,193
2024-03-18 06:20:00,191,42,2,235
2024-03-18 06:30:00,167,70,4,241
2024-03-18 06:40:00,181,77,6,264
2024-03-18 06:50:00,162,72,3,237
2024-03-18 07:00:00,174,79,3,256
2024-03-18 07:10:00,165,79,4,248
2024-03-18 07:20:00,142,92,4,238
2024-03-18 07:30:00,170,66,2,238
2024-03-18 07:40:00,140,64,7,211
2024-03-18 07:50:00,147,92,5,244
2024-03-18 08:00:00,155,78,7,240
2024-03-18 08:10:00,139,78,4,221
2024-03-18 08:20:00,151,70,2,223
2024-03-18 08:30:00,140,90,5,235
2024-03-18 08:40:00,152,78,2,232
2024-03-18 08:50:00,144,63,4,211
2024-03-18 09:00:00,117,65,5,187
2024-03-18 09:10:00,157,70,1,228
2024-03-18 09:20:00,149,79,3,231
2024-03-18 09:30:00,157,67,3,227
2024-03-18 09:40:00,107,81,4,192
2024-03-18 09:50:00,140,81,1,222
2024-03-18 10:00:00,90,83,2,175
2024-03-18 10:10:00,83,79,1,163
2024-03-18 10:20:00,114,74,1,189
2024-03-18 10:30:00,122,94,2,218
2024-03-18 10:40:00,123,91,1,215
2024-03-18 10:50:00,129,98,3,230
2024-03-18 11:00:00,138,78,1,217
2024-03-18 11:10:00,113,70,3,186
2024-03-18 11:20:00,110,81,2,193
2024-03-18 11:30:00,99,106,3,208
2024-03-18 11:40:00,42,116,2,160
2024-03-18 11:50:00,112,88,1,201
2024-03-18 12:00:00,74,104,2,180
2024-03-18 12:10:00,122,105,1,228
2024-03-18 12:20:00,129,120,2,251
2024-03-18 12:30:00,129,108,4,241
2024-03-18 12:40:00,144,121,3,268
2024-03-18 12:50:00,112,107,2,221
2024-03-18 13:00:00,115,120,1,236
2024-03-18 13:10:00,116,130,5,251
2024-03-18 13:20:00,113,130,0,243
2024-03-18 13:30:00,103,139,3,245
2024-03-18 13:40:00,124,92,4,220
2024-03-18 13:50:00,123,119,4,246
2024-03-18 14:00:00,106,124,0,230
2024-03-18 14:10:00,100,138,5,243
2024-03-18 14:20:00,116,156,3,275
2024-03-18 14:30:00,105,155,1,261
2024-03-18 14:40:00,111,158,4,273
2024-03-18 14:50:00,100,156,7,263
2024-03-18 15:00:00,107,181,5,293
2024-03-18 15:10:00,118,176,5,299
2024-03-18 15:20:00,90,158,1,249
2024-03-18 15:30:00,103,195,3,301
2024-03-18 15:40:00,117,163,4,284
2024-03-18 15:50:00,103,178,5,286
2024-03-18 16:00:00,106,161,3,270
2024-03-18 16:10:00,105,176,3,284
2024-03-18 16:20:00,113,180,3,296
2024-03-18 16:30:00,121,182,4,307
2024-03-18 16:40:00,139,162,6,307
2024-03-18 16:50:00,108,160,2,270
2024-03-18 17:00:00,101,177,4,282
2024-03-18 17:10:00,133,157,9,299
2024-03-18 17:20:00,121,142,2,265
2024-03-18 17:30:00,118,165,2,285
2024-03-18 17:40:00,94,145,7,246
2024-03-18 17:50:00,93,158,3,254
2024-03-18 18:00:00,96,168,7,271
2024-03-18 18:10:00,111,152,1,264
2024-03-18 18:20:00,104,142,2,248
2024-03-18 18:30:00,103,142,3,248
2024-03-18 18:40:00,105,108,7,220
2024-03-18 18:50:00,64,109,5,178
2024-03-18 19:00:00,83,90,3,176
2024-03-18 19:10:00,68,99,1,168
2024-03-18 19:20:00,72,117,1,190
2024-03-18 19:30:00,65,104,4,173
2024-03-18 19:40:00,60,83,2,145
2024-03-18 19:50:00,65,78,6,149
2024-03-18 20:00:00,38,77,2,117
2024-03-18 20:10:00,46,76,4,126
2024-03-18 20:20:00,45,81,1,127
2024-03-18 20:30:00,46,65,1,112
2024-03-18 20:40:00,49,54,3,106
2024-03-18 20:50:00,44,54,4,102
2024-03-18 21:00:00,47,48,2,97
2024-03-18 21:10:00,35,56,1,92
2024-03-18 21:20:00,43,60,0,103
2024-03-18 21:30:00,26,39,0,65
2024-03-18 21:40:00,22,52,1,75
2024-03-18 21:50:00,22,49,1,72
2024-03-18 22:00:00,34,54,2,90
2024-03-18 22:10:00,24,58,0,82
2024-03-18 22:20:00,22,54,0,76
2024-03-18 22:30:00,19,45,0,64
2024-03-18 22:40:00,18,34,1,53
2024-03-18 22:50:00,15,37,1,53
2024-03-18 23:00:00,9,20,1,30
2024-03-18 23:10:00,9,30,0,39
2024-03-18 23:20:00,13,21,0,34
2024-03-18 23:30:00,16,12,0,28
2024-03-18 23:40:00,10,25,0,35
2024-03-18 23:50:00,11,15,1,27
2024-03-19 00:00:00,13,16,2,31
2024-03-19 00:10:00,8,6,0,14
2024-03-19 00:20:00,6,8,1,15
2024-03-19 00:30:00,8,1,0,9
2024-03-19 00:40:00,7,7,0,14
2024-03-19 00:50:00,2,7,0,9
2024-03-19 01:00:00,10,0,0,10
2024-03-19 01:10:00,4,3,0,7
2024-03-19 01:20:00,3,4,0,7
2024-03-19 01:30:00,8,4,0,12
2024-03-19 01:40:00,6,3,0,9
2024-03-19 01:50:00,7,7,0,14
2024-03-19 02:00:00,4,5,0,9
2024-03-19 02:10:00,2,1,0,3
2024-03-19 02:20:00,5,2,0,7
2024-03-19 02:30:00,3,5,0,8
2024-03-19 02:40:00,5,3,0,8
2024-03-19 02:50:00,3,1,0,4
2024-03-19 03:00:00,4,9,0,13
2024-03-19 03:10:00,6,4,0,10
2024-03-19 03:20:00,5,4,0,9
2024-03-19 03:30:00,2,1,0,3
2024-03-19 03:40:00,3,7,0,10
2024-03-19 03:50:00,9,4,0,13
2024-03-19 04:00:00,6,7,0,13
2024-03-19 04:10:00,11,1,1,13
2024-03-19 04:20:00,28,3,0,31
2024-03-19 04:30:00,26,9,0,35
2024-03-19 04:40:00,34,7,1,42
2024-03-19 04:50:00,53,9,1,63
2024-03-19 05:00:00,67,9,1,77
2024-03-19 05:10:00,76,11,0,87
2024-03-19 05:20:00,139,25,1,165
2024-03-19 05:30:00,164,28,1,193
2024-03-19 05:40:00,196,22,2,220
2024-03-19 05:50:00,182,21,1,204
2024-03-19 06:00:00,159,28,2,189
2024-03-19 06:10:00,183,47,2,232
2024-03-19 06:20:00,189,57,1,247
2024-03-19 06:30:00,182,71,6,259
2024-03-19 06:40:00,185,76,5,266
2024-03-19 06:50:00,179,76,3,258
2024-03-19 07:00:00,168,64,5,237
2024-03-19 07:10:00,171,93,3,267
2024-03-19 07:20:00,168,74,4,246
2024-03-19 07:30:00,131,89,5,225
2024-03-19 07:40:00,144,64,9,217
2024-03-19 07:50:00,132,71,5,208
2024-03-19 08:00:00,138,111,3,252
2024-03-19 08:10:00,132,72,5,209
2024-03-19 08:20:00,146,78,1,225
2024-03-19 08:30:00,154,67,5,226
2024-03-19 08:40:00,142,71,4,217
2024-03-19 08:50:00,159,74,3,236
2024-03-19 09:00:00,165,91,2,258
2024-03-19 09:10:00,144,85,5,234
2024-03-19 09:20:00,152,83,1,236
2024-03-19 09:30:00,130,69,2,201
2024-03-19 09:40:00,149,80,4,233
2024-03-19 09:50:00,119,82,3,204
2024-03-19 10:00:00,110,85,2,197
2024-03-19 10:10:00,101,79,3,183
2024-03-19 10:20:00,147,77,3,227
2024-03-19 10:30:00,100,90,1,191
2024-03-19 10:40:00,98,90,2,190
2024-03-19 10:50:00,99,87,3,189
2024-03-19 11:00:00,107,95,2,204
2024-03-19 11:10:00,101,91,3,195
2024-03-19 11:20:00,114,95,2,211
2024-03-19 11:30:00,101,111,3,215
2024-03-19 11:40:00,97,98,1,196
2024-03-19 11:50:00,111,90,2,203
2024-03-19 12:00:00,104,101,1,206
2024-03-19 12:10:00,110,128,2,240
2024-03-19 12:20:00,117,129,2,248
2024-03-19 12:30:00,106,122,4,232
2024-03-19 12:40:00,114,127,5,246
2024-03-19 12:50:00,116,112,4,232
2024-03-19 13:00:00,128,138,5,271
2024-03-19 13:10:00,113,125,2,240
2024-03-19 13:20:00,120,156,4,280
2024-03-19 13:30:00,101,143,5,249
2024-03-19 13:40:00,136,123,3,262
2024-03-19 13:50:00,105,127,3,235
2024-03-19 14:00:00,112,141,2,255
2024-03-19 14:10:00,119,128,3,250
2024-03-19 14:20:00,129,158,5,292
2024-03-19 14:30:00,108,178,2,288
2024-03-19 14:40:00,126,166,5,297
2024-03-19 14:50:00,199,171,6,376
2024-03-19 15:00:00,102,170,4,276
2024-03-19 15:10:00,107,181,2,290
2024-03-19 15:20:00,126,166,3,295
2024-03-19 15:30:00,122,193,2,317
2024-03-19 15:40:00,133,176,5,314
2024-03-19 15:50:00,115,156,5,276
2024-03-19 16:00:00,114,176,6,296
2024-03-19 16:10:00,116,182,4,302
2024-03-19 16:20:00,123,163,4,290
2024-03-19 16:30:00,145,208,5,358
2024-03-19 16:40:00,119,173,2,294
2024-03-19 16:50:00,119,185,6,310
2024-03-19 17:00:00,119,199,2,320
2024-03-19 17:10:00,100,162,4,266
2024-03-19 17:20:00,118,157,1,276
2024-03-19 17:30:00,117,191,4,312
2024-03-19 17:40:00,139,181,6,326
2024-03-19 17:50:00,107,165,8,280
2024-03-19 18:00:00,119,163,10,292
2024-03-19 18:10:00,119,174,6,299
2024-03-19 18:20:00,101,140,1,242
2024-03-19 18:30:00,106,155,5,266
2024-03-19 18:40:00,92,147,5,244
2024-03-19 18:50:00,86,128,5,219
2024-03-19 19:00:00,82,117,3,202
2024-03-19 19:10:00,77,104,2,183
2024-03-19 19:20:00,64,119,1,184
2024-03-19 19:30:00,70,86,1,157
2024-03-19 19:40:00,67,79,2,148
2024-03-19 19:50:00,74,78,6,158
2024-03-19 20:00:00,63,65,3,131
2024-03-19 20:10:00,48,83,2,133
2024-03-19 20:20:00,52,69,2,123
2024-03-19 20:30:00,55,79,0,134
2024-03-19 20:40:00,53,79,2,134
2024-03-19 20:50:00,43,78,1,122
2024-03-19 21:00:00,51,59,2,112
2024-03-19 21:10:00,47,64,0,111
2024-03-19 21:20:00,42,73,1,116
2024-03-19 21:30:00,37,56,1,94
2024-03-19 21:40:00,46,43,2,91
2024-03-19 21:50:00,27,68,2,97
2024-03-19 22:00:00,28,42,3,73
2024-03-19 22:10:00,19,64,1,84
2024-03-19 22:20:00,26,52,0,78
2024-03-19 22:30:00,25,52,0,77
2024-03-19 22:40:00,27,53,2,82
2024-03-19 22:50:00,17,48,0,65
2024-03-19 23:00:00,26,38,2,66
2024-03-19 23:10:00,13,32,0,45
2024-03-19 23:20:00,11,27,0,38
2024-03-19 23:30:00,9,16,0,25
2024-03-19 23:40:00,18,12,1,31
2024-03-19 23:50:00,6,20,1,27
2024-03-20 00:00:00,8,15,1,24
2024-03-20 00:10:00,8,9,1,18
2024-03-20 00:20:00,9,16,0,25
2024-03-20 00:30:00,6,11,0,17
2024-03-20 00:40:00,6,5,0,11
2024-03-20 00:50:00,5,7,0,12
2024-03-20 01:00:00,9,4,1,14
2024-03-20 01:10:00,7,2,0,9
2024-03-20 01:20:00,5,7,1,13
2024-03-20 01:30:00,6,2,0,8
2024-03-20 01:40:00,4,8,0,12
2024-03-20 01:50:00,7,5,0,12
2024-03-20 02:00:00,6,7,0,13
2024-03-20 02:10:00,6,5,0,11
2024-03-20 02:20:00,4,2,0,6
2024-03-20 02:30:00,7,2,0,9
2024-03-20 02:40:00,4,2,0,6
2024-03-20 02:50:00,4,4,0,8
2024-03-20 03:00:00,4,6,0,10
2024-03-20 03:10:00,6,5,0,11
2024-03-20 03:20:00,8,8,0,16
2024-03-20 03:30:00,4,2,0,6
2024-03-20 03:40:00,4,4,0,8
2024-03-20 03:50:00,6,5,0,11
2024-03-20 04:00:00,11,5,0,16
2024-03-20 04:10:00,15,5,1,21
2024-03-20 04:20:00,16,9,0,25
2024-03-20 04:30:00,21,5,0,26
2024-03-20 04:40:00,32,4,1,37
2024-03-20 04:50:00,57,10,1,68
2024-03-20 05:00:00,70,12,1,83
2024-03-20 05:10:00,83,17,0,100
2024-03-20 05:20:00,128,26,1,155
2024-03-20 05:30:00,166,35,1,202
2024-03-20 05:40:00,171,15,2,188
2024-03-20 05:50:00,192,30,1,223
2024-03-20 06:00:00,174,25,1,200
2024-03-20 06:10:00,173,34,6,213
2024-03-20 06:20:00,197,71,0,268
2024-03-20 06:30:00,186,69,6,261
2024-03-20 06:40:00,184,66,5,255
2024-03-20 06:50:00,187,71,2,260
2024-03-20 07:00:00,180,67,4,251
2024-03-20 07:10:00,152,89,5,246
2024-03-20 07:20:00,169,91,4,264
2024-03-20 07:30:00,149,71,3,223
2024-03-20 07:40:00,160,68,6,234
2024-03-20 07:50:00,133,76,4,213
2024-03-20 08:00:00,147,53,3,203
2024-03-20 08:10:00,132,87,8,227
2024-03-20 08:20:00,151,101,4,256
2024-03-20 08:30:00,168,62,4,234
2024-03-20 08:40:00,147,64,4,215
2024-03-20 08:50:00,168,72,2,242
2024-03-20 09:00:00,161,75,5,241
2024-03-20 09:10:00,146,71,1,218
2024-03-20 09:20:00,156,90,1,247
2024-03-20 09:30:00,152,102,4,258
2024-03-20 09:40:00,143,76,3,222
2024-03-20 09:50:00,132,79,3,214
2024-03-20 10:00:00,133,82,2,217
2024-03-20 10:10:00,124,81,1,206
2024-03-20 10:20:00,116,88,1,205
2024-03-20 10:30:00,104,95,2,201
2024-03-20 10:40:00,105,101,2,208
2024-03-20 10:50:00,109,82,3,194
2024-03-20 11:00:00,97,89,3,189
2024-03-20 11:10:00,126,110,6,242
2024-03-20 11:20:00,104,119,0,223
2024-03-20 11:30:00,114,106,4,224
2024-03-20 11:40:00,103,118,1,222
2024-03-20 11:50:00,98,96,5,199
2024-03-20 12:00:00,108,96,4,208
2024-03-20 12:10:00,114,99,2,215
2024-03-20 12:20:00,122,123,6,251
2024-03-20 12:30:00,121,115,3,239
2024-03-20 12:40:00,169,124,2,295
2024-03-20 12:50:00,119,129,1,249
2024-03-20 13:00:00,108,113,6,227
2024-03-20 13:10:00,131,144,5,280
2024-03-20 13:20:00,108,141,3,252
2024-03-20 13:30:00,106,140,2,248
2024-03-20 13:40:00,106,121,1,228
2024-03-20 13:50:00,104,137,5,246
2024-03-20 14:00:00,113,141,4,258
2024-03-20 14:10:00,111,158,1,270
2024-03-20 14:20:00,117,157,3,277
2024-03-20 14:30:00,106,173,3,282
2024-03-20 14:40:00,128,168,4,300
2024-03-20 14:50:00,119,162,4,285
2024-03-20 15:00:00,120,186,3,309
2024-03-20 15:10:00,125,175,4,304
2024-03-20 15:20:00,127,154,2,283
2024-03-20 15:30:00,140,185,3,328
2024-03-20 15:40:00,109,171,5,285
2024-03-20 15:50:00,122,163,6,291
2024-03-20 16:00:00,100,169,16,285
2024-03-20 16:10:00,124,168,2,294
2024-03-20 16:20:00,127,169,5,301
2024-03-20 16:30:00,145,182,5,332
2024-03-20 16:40:00,123,138,2,263
2024-03-20 16:50:00,127,162,2,291
2024-03-20 17:00:00,146,184,3,333
2024-03-20 17:10:00,137,171,3,311
2024-03-20 17:20:00,118,173,1,292
2024-03-20 17:30:00,119,179,4,302
2024-03-20 17:40:00,132,160,4,296
2024-03-20 17:50:00,141,148,3,292
2024-03-20 18:00:00,128,127,6,261
2024-03-20 18:10:00,115,167,2,284
2024-03-20 18:20:00,107,155,2,264
2024-03-20 18:30:00,114,158,2,274
2024-03-20 18:40:00,99,133,5,237
2024-03-20 18:50:00,92,110,2,204
2024-03-20 19:00:00,83,103,7,193
2024-03-20 19:10:00,78,119,3,200
2024-03-20 19:20:00,84,102,3,189
2024-03-20 19:30:00,65,106,0,171
2024-03-20 19:40:00,59,103,2,164
2024-03-20 19:50:00,70,92,1,163
2024-03-20 20:00:00,67,98,4,169
2024-03-20 20:10:00,66,78,1,145
2024-03-20 20:20:00,50,77,2,129
2024-03-20 20:30:00,62,74,3,139
2024-03-20 20:40:00,52,63,3,118
2024-03-20 20:50:00,46,73,6,125
2024-03-20 21:00:00,57,86,4,147
2024-03-20 21:10:00,38,70,0,108
2024-03-20 21:20:00,33,84,1,118
2024-03-20 21:30:00,49,64,0,113
2024-03-20 21:40:00,22,71,3,96
2024-03-20 21:50:00,36,62,1,99
2024-03-20 22:00:00,27,59,3,89
2024-03-20 22:10:00,33,65,0,98
2024-03-20 22:20:00,33,65,0,98
2024-03-20 22:30:00,31,62,0,93
2024-03-20 22:40:00,26,40,3,69
2024-03-20 22:50:00,23,49,0,72
2024-03-20 23:00:00,24,33,3,60
2024-03-20 23:10:00,8,23,0,31
2024-03-20 23:20:00,16,33,0,49
2024-03-20 23:30:00,13,19,0,32
2024-03-20 23:40:00,9,18,0,27
2024-03-20 23:50:00,10,25,2,37
2024-03-21 00:00:00,5,19,1,25
2024-03-21 00:10:00,9,10,0,19
2024-03-21 00:20:00,9,13,0,22
2024-03-21 00:30:00,15,11,0,26
2024-03-21 00:40:00,8,11,0,19
2024-03-21 00:50:00,7,7,0,14
2024-03-21 01:00:00,7,10,0,17
2024-03-21 01:10:00,5,13,0,18
2024-03-21 01:20:00,4,14,0,18
2024-03-21 01:30:00,7,4,0,11
2024-03-21 01:40:00,2,5,0,7
2024-03-21 01:50:00,4,4,0,8
2024-03-21 02:00:00,9,6,0,15
2024-03-21 02:10:00,6,7,0,13
2024-03-21 02:20:00,4,3,0,7
2024-03-21 02:30:00,5,5,0,10
2024-03-21 02:40:00,1,6,0,7
2024-03-21 02:50:00,5,3,0,8
2024-03-21 03:00:00,6,8,0,14
2024-03-21 03:10:00,6,6,0,12
2024-03-21 03:20:00,6,4,0,10
2024-03-21 03:30:00,5,5,0,10
2024-03-21 03:40:00,3,7,0,10
2024-03-21 03:50:00,10,8,0,18
2024-03-21 04:00:00,9,3,0,12
2024-03-21 04:10:00,17,7,1,25
2024-03-21 04:20:00,19,3,0,22
2024-03-21 04:30:00,27,7,0,34
2024-03-21 04:40:00,38,1,1,40
2024-03-21 04:50:00,48,14,1,63
2024-03-21 05:00:00,50,11,1,62
2024-03-21 05:10:00,88,13,0,101
2024-03-21 05:20:00,112,33,1,146
2024-03-21 05:30:00,157,25,1,183
2024-03-21 05:40:00,194,16,2,212
2024-03-21 05:50:00,192,22,1,215
2024-03-21 06:00:00,156,35,1,192
2024-03-21 06:10:00,192,37,5,234
2024-03-21 06:20:00,180,49,0,229
2024-03-21 06:30:00,179,74,5,258
2024-03-21 06:40:00,176,72,3,251
2024-03-21 06:50:00,182,70,2,254
2024-03-21 07:00:00,184,70,4,258
2024-03-21 07:10:00,145,76,5,226
2024-03-21 07:20:00,162,90,4,256
2024-03-21 07:30:00,138,78,3,219
2024-03-21 07:40:00,142,77,11,230
2024-03-21 07:50:00,151,87,4,242
2024-03-21 08:00:00,152,81,6,239
2024-03-21 08:10:00,153,75,5,233
2024-03-21 08:20:00,151,87,2,240
2024-03-21 08:30:00,161,106,4,271
2024-03-21 08:40:00,161,77,2,240
2024-03-21 08:50:00,156,77,3,236
2024-03-21 09:00:00,152,77,4,233
2024-03-21 09:10:00,129,87,2,218
2024-03-21 09:20:00,148,59,1,208
2024-03-21 09:30:00,151,66,5,222
2024-03-21 09:40:00,121,83,6,210
2024-03-21 09:50:00,110,84,1,195
2024-03-21 10:00:00,141,70,4,215
2024-03-21 10:10:00,116,65,1,182
2024-03-21 10:20:00,112,85,1,198
2024-03-21 10:30:00,105,90,1,196
2024-03-21 10:40:00,121,78,3,202
2024-03-21 10:50:00,114,87,2,203
2024-03-21 11:00:00,108,98,3,209
2024-03-21 11:10:00,117,94,1,212
2024-03-21 11:20:00,120,89,2,211
2024-03-21 11:30:00,108,124,3,235
2024-03-21 11:40:00,80,93,2,175
2024-03-21 11:50:00,122,102,2,226
2024-03-21 12:00:00,108,124,2,234
2024-03-21 12:10:00,130,123,2,255
2024-03-21 12:20:00,127,129,4,260
2024-03-21 12:30:00,128,131,1,260
2024-03-21 12:40:00,131,129,3,263
2024-03-21 12:50:00,121,119,6,246
2024-03-21 13:00:00,123,146,3,272
2024-03-21 13:10:00,118,136,4,258
2024-03-21 13:20:00,105,146,1,252
2024-03-21 13:30:00,112,141,0,253
2024-03-21 13:40:00,121,129,5,255
2024-03-21 13:50:00,131,131,3,265
2024-03-21 14:00:00,116,142,1,259
2024-03-21 14:10:00,123,146,6,275
2024-03-21 14:20:00,112,167,3,282
2024-03-21 14:30:00,108,159,1,268
2024-03-21 14:40:00,130,152,2,284
2024-03-21 14:50:00,107,139,4,250
2024-03-21 15:00:00,119,164,3,286
2024-03-21 15:10:00,121,183,3,307
2024-03-21 15:20:00,114,169,3,286
2024-03-21 15:30:00,96,187,3,286
2024-03-21 15:40:00,125,180,3,308
2024-03-21 15:50:00,152,163,3,318
2024-03-21 16:00:00,137,158,4,299
2024-03-21 16:10:00,107,166,3,276
2024-03-21 16:20:00,130,165,2,297
2024-03-21 16:30:00,145,182,4,331
2024-03-21 16:40:00,125,183,3,311
2024-03-21 16:50:00,142,162,2,306
2024-03-21 17:00:00,125,153,5,283
2024-03-21 17:10:00,132,177,6,315
2024-03-21 17:20:00,109,175,3,287
2024-03-21 17:30:00,121,189,1,311
2024-03-21 17:40:00,126,165,13,304
2024-03-21 17:50:00,111,145,4,260
2024-03-21 18:00:00,125,170,5,300
2024-03-21 18:10:00,123,180,1,304
2024-03-21 18:20:00,109,150,1,260
2024-03-21 18:30:00,106,158,2,266
2024-03-21 18:40:00,109,139,3,251
2024-03-21 18:50:00,93,133,8,234
2024-03-21 19:00:00,64,106,6,176
2024-03-21 19:10:00,81,117,1,199
2024-03-21 19:20:00,56,116,2,174
2024-03-21 19:30:00,56,104,4,164
2024-03-21 19:40:00,76,61,2,139
2024-03-21 19:50:00,54,94,5,153
2024-03-21 20:00:00,68,91,2,161
2024-03-21 20:10:00,54,86,1,141
2024-03-21 20:20:00,56,111,1,168
2024-03-21 20:30:00,54,72,1,127
2024-03-21 20:40:00,55,79,2,136
2024-03-21 20:50:00,52,71,2,125
2024-03-21 21:00:00,50,66,3,119
2024-03-21 21:10:00,39,69,0,108
2024-03-21 21:20:00,45,64,1,110
2024-03-21 21:30:00,24,66,1,91
2024-03-21 21:40:00,30,62,2,94
2024-03-21 21:50:00,35,47,5,87
2024-03-21 22:00:00,35,79,1,115
2024-03-21 22:10:00,39,73,0,112
2024-03-21 22:20:00,29,55,0,84
2024-03-21 22:30:00,28,46,0,74
2024-03-21 22:40:00,33,54,1,88
2024-03-21 22:50:00,27,48,0,75
2024-03-21 23:00:00,20,44,1,65
2024-03-21 23:10:00,17,48,0,65
2024-03-21 23:20:00,14,28,0,42
2024-03-21 23:30:00,13,25,2,40
2024-03-21 23:40:00,15,19,1,35
2024-03-21 23:50:00,9,23,1,33
2024-03-22 00:00:00,6,21,3,30
2024-03-22 00:10:00,16,19,1,36
2024-03-22 00:20:00,9,15,0,24
2024-03-22 00:30:00,8,8,0,16
2024-03-22 00:40:00,8,8,0,16
2024-03-22 00:50:00,5,13,0,18
2024-03-22 01:00:00,6,5,0,11
2024-03-22 01:10:00,6,13,0,19
2024-03-22 01:20:00,3,2,0,5
2024-03-22 01:30:00,6,3,0,9
2024-03-22 01:40:00,6,5,0,11
2024-03-22 01:50:00,8,6,0,14
2024-03-22 02:00:00,4,2,0,6
2024-03-22 02:10:00,4,5,0,9
2024-03-22 02:20:00,5,6,0,11
2024-03-22 02:30:00,3,8,0,11
2024-03-22 02:40:00,7,4,0,11
2024-03-22 02:50:00,5,5,0,10
2024-03-22 03:00:00,4,1,0,5
2024-03-22 03:10:00,3,4,1,8
2024-03-22 03:20:00,7,2,0,9
2024-03-22 03:30:00,5,4,0,9
2024-03-22 03:40:00,7,10,2,19
2024-03-22 03:50:00,11,4,0,15
2024-03-22 04:00:00,6,3,0,9
2024-03-22 04:10:00,18,9,0,27
2024-03-22 04:20:00,17,9,0,26
2024-03-22 04:30:00,25,3,0,28
2024-03-22 04:40:00,25,6,1,32
2024-03-22 04:50:00,49,8,1,58
2024-03-22 05:00:00,61,13,1,75
2024-03-22 05:10:00,85,12,0,97
2024-03-22 05:20:00,99,24,1,124
2024-03-22 05:30:00,141,24,1,166
2024-03-22 05:40:00,179,19,3,201
2024-03-22 05:50:00,154,23,1,178
2024-03-22 06:00:00,142,32,2,176
2024-03-22 06:10:00,166,46,2,214
2024-03-22 06:20:00,180,43,1,224
2024-03-22 06:30:00,137,69,5,211
2024-03-22 06:40:00,191,66,4,261
2024-03-22 06:50:00,166,70,2,238
2024-03-22 07:00:00,155,76,5,236
2024-03-22 07:10:00,165,68,4,237
2024-03-22 07:20:00,164,88,3,255
2024-03-22 07:30:00,169,73,7,249
2024-03-22 07:40:00,147,78,4,229
2024-03-22 07:50:00,156,78,4,238
2024-03-22 08:00:00,116,88,10,214
2024-03-22 08:10:00,134,49,2,185
2024-03-22 08:20:00,156,77,1,234
2024-03-22 08:30:00,134,73,4,211
2024-03-22 08:40:00,151,76,4,231
2024-03-22 08:50:00,128,79,5,212
2024-03-22 09:00:00,129,62,5,196
2024-03-22 09:10:00,112,78,0,190
2024-03-22 09:20:00,114,80,2,196
2024-03-22 09:30:00,139,91,1,231
2024-03-22 09:40:00,159,81,5,245
2024-03-22 09:50:00,116,86,4,206
2024-03-22 10:00:00,121,90,2,213
2024-03-22 10:10:00,106,77,2,185
2024-03-22 10:20:00,138,75,2,215
2024-03-22 10:30:00,127,81,3,211
2024-03-22 10:40:00,112,87,3,202
2024-03-22 10:50:00,125,83,3,211
2024-03-22 11:00:00,121,89,1,211
2024-03-22 11:10:00,136,100,6,242
2024-03-22 11:20:00,126,99,3,228
2024-03-22 11:30:00,99,139,3,241
2024-03-22 11:40:00,133,132,3,268
2024-03-22 11:50:00,109,117,3,229
2024-03-22 12:00:00,111,118,1,230
2024-03-22 12:10:00,116,144,2,262
2024-03-22 12:20:00,122,163,2,287
2024-03-22 12:30:00,118,142,0,260
2024-03-22 12:40:00,140,123,6,269
2024-03-22 12:50:00,111,165,3,279
2024-03-22 13:00:00,113,153,4,270
2024-03-22 13:10:00,119,155,3,277
2024-03-22 13:20:00,115,169,6,290
2024-03-22 13:30:00,115,148,1,264
2024-03-22 13:40:00,130,144,2,276
2024-03-22 13:50:00,106,144,5,255
2024-03-22 14:00:00,118,177,6,301
2024-03-22 14:10:00,119,155,2,276
2024-03-22 14:20:00,141,172,1,314
2024-03-22 14:30:00,135,177,1,313
2024-03-22 14:40:00,120,176,4,300
2024-03-22 14:50:00,133,163,4,300
2024-03-22 15:00:00,133,184,3,320
2024-03-22 15:10:00,125,167,4,296
2024-03-22 15:20:00,94,151,1,246
2024-03-22 15:30:00,143,180,3,326
2024-03-22 15:40:00,119,176,4,299
2024-03-22 15:50:00,141,177,5,323
2024-03-22 16:00:00,109,150,3,262
2024-03-22 16:10:00,137,177,2,316
2024-03-22 16:20:00,126,159,2,287
2024-03-22 16:30:00,125,184,3,312
2024-03-22 16:40:00,131,150,1,282
2024-03-22 16:50:00,106,135,4,245
2024-03-22 17:00:00,108,159,3,270
2024-03-22 17:10:00,115,137,4,256
2024-03-22 17:20:00,130,145,2,277
2024-03-22 17:30:00,115,155,3,273
2024-03-22 17:40:00,108,109,2,219
2024-03-22 17:50:00,141,130,5,276
2024-03-22 18:00:00,105,125,2,232
2024-03-22 18:10:00,113,113,2,228
2024-03-22 18:20:00,112,139,2,253
2024-03-22 18:30:00,52,60,1,113
2024-03-22 18:40:00,45,49,0,94
2024-03-22 18:50:00,73,52,1,126
2024-03-22 19:00:00,94,112,5,211
2024-03-22 19:10:00,73,111,2,186
2024-03-22 19:20:00,89,108,1,198
2024-03-22 19:30:00,77,90,2,169
2024-03-22 19:40:00,82,71,3,156
2024-03-22 19:50:00,63,81,2,146
2024-03-22 20:00:00,68,97,2,167
2024-03-22 20:10:00,59,82,4,145
2024-03-22 20:20:00,72,72,3,147
2024-03-22 20:30:00,60,69,0,129
2024-03-22 20:40:00,52,67,2,121
2024-03-22 20:50:00,63,62,1,126
2024-03-22 21:00:00,55,65,6,126
2024-03-22 21:10:00,46,65,0,111
2024-03-22 21:20:00,66,68,2,136
2024-03-22 21:30:00,43,54,0,97
2024-03-22 21:40:00,37,55,1,93
2024-03-22 21:50:00,38,66,2,106
2024-03-22 22:00:00,47,66,3,116
2024-03-22 22:10:00,40,63,3,106
2024-03-22 22:20:00,35,59,1,95
2024-03-22 22:30:00,31,62,0,93
2024-03-22 22:40:00,34,45,3,82
2024-03-22 22:50:00,32,59,2,93
2024-03-22 23:00:00,25,39,1,65
2024-03-22 23:10:00,31,42,1,74
2024-03-22 23:20:00,24,35,0,59
2024-03-22 23:30:00,29,39,0,68
2024-03-22 23:40:00,19,50,1,70
2024-03-22 23:50:00,16,30,4,50
2024-03-23 00:00:00,12,45,1,58
2024-03-23 00:10:00,17,31,0,48
2024-03-23 00:20:00,22,31,0,53
2024-03-23 00:30:00,15,21,0,36
2024-03-23 00:40:00,14,35,0,49
2024-03-23 00:50:00,14,27,2,43
2024-03-23 01:00:00,11,25,0,36
2024-03-23 01:10:00,6,20,0,26
2024-03-23 01:20:00,9,24,0,33
2024-03-23 01:30:00,13,16,1,30
2024-03-23 01:40:00,12,17,2,31
2024-03-23 01:50:00,7,17,0,24
2024-03-23 02:00:00,8,20,0,28
2024-03-23 02:10:00,8,5,0,13
2024-03-23 02:20:00,13,16,0,29
2024-03-23 02:30:00,9,18,0,27
2024-03-23 02:40:00,7,15,1,23
2024-03-23 02:50:00,5,13,0,18
2024-03-23 03:00:00,7,14,1,22
2024-03-23 03:10:00,5,11,1,17
2024-03-23 03:20:00,4,10,0,14
2024-03-23 03:30:00,5,5,0,10
2024-03-23 03:40:00,7,10,0,17
2024-03-23 03:50:00,7,13,0,20
2024-03-23 04:00:00,9,11,0,20
2024-03-23 04:10:00,6,8,1,15
2024-03-23 04:20:00,15,6,0,21
2024-03-23 04:30:00,10,4,0,14
2024-03-23 04:40:00,20,3,1,24
2024-03-23 04:50:00,16,9,0,25
2024-03-23 05:00:00,28,9,1,38
2024-03-23 05:10:00,21,9,0,30
2024-03-23 05:20:00,27,14,0,41
2024-03-23 05:30:00,44,9,0,53
2024-03-23 05:40:00,49,7,0,56
2024-03-23 05:50:00,30,12,0,42
2024-03-23 06:00:00,22,12,1,35
2024-03-23 06:10:00,44,17,0,61
2024-03-23 06:20:00,39,15,3,57
2024-03-23 06:30:00,27,25,0,52
2024-03-23 06:40:00,44,35,0,79
2024-03-23 06:50:00,35,21,0,56
2024-03-23 07:00:00,32,21,1,54
2024-03-23 07:10:00,35,22,0,57
2024-03-23 07:20:00,44,24,2,70
2024-03-23 07:30:00,49,20,0,69
2024-03-23 07:40:00,58,18,1,77
2024-03-23 07:50:00,35,29,0,64
2024-03-23 08:00:00,58,32,3,93
2024-03-23 08:10:00,50,29,0,79
2024-03-23 08:20:00,55,32,2,89
2024-03-23 08:30:00,73,42,2,117
2024-03-23 08:40:00,74,53,1,128
2024-03-23 08:50:00,75,53,1,129
2024-03-23 09:00:00,89,34,1,124
2024-03-23 09:10:00,86,53,2,141
2024-03-23 09:20:00,104,51,3,158
2024-03-23 09:30:00,103,55,1,159
2024-03-23 09:40:00,123,54,2,179
2024-03-23 09:50:00,131,59,2,192
2024-03-23 10:00:00,116,70,1,187
2024-03-23 10:10:00,138,75,2,215
2024-03-23 10:20:00,116,57,2,175
2024-03-23 10:30:00,127,72,3,202
2024-03-23 10:40:00,107,76,0,183
2024-03-23 10:50:00,121,68,3,192
2024-03-23 11:00:00,123,75,2,200
2024-03-23 11:10:00,147,79,2,228
2024-03-23 11:20:00,143,77,3,223
2024-03-23 11:30:00,121,100,2,223
2024-03-23 11:40:00,117,93,0,210
2024-03-23 11:50:00,123,103,3,229
2024-03-23 12:00:00,129,98,3,230
2024-03-23 12:10:00,136,100,1,237
2024-03-23 12:20:00,140,110,4,254
2024-03-23 12:30:00,148,95,4,247
2024-03-23 12:40:00,128,119,1,248
2024-03-23 12:50:00,132,102,4,238
2024-03-23 13:00:00,103,112,5,220
2024-03-23 13:10:00,120,114,1,235
2024-03-23 13:20:00,133,125,0,258
2024-03-23 13:30:00,126,98,2,226
2024-03-23 13:40:00,148,105,2,255
2024-03-23 13:50:00,117,137,5,259
2024-03-23 14:00:00,121,114,1,236
2024-03-23 14:10:00,145,127,2,274
2024-03-23 14:20:00,150,134,2,286
2024-03-23 14:30:00,121,125,6,252
2024-03-23 14:40:00,148,111,2,261
2024-03-23 14:50:00,124,125,4,253
2024-03-23 15:00:00,125,111,5,241
2024-03-23 15:10:00,123,132,0,255
2024-03-23 15:20:00,103,102,2,207
2024-03-23 15:30:00,127,106,1,234
2024-03-23 15:40:00,127,116,2,245
2024-03-23 15:50:00,107,118,0,225
2024-03-23 16:00:00,134,126,27,287
2024-03-23 16:10:00,104,100,3,207
2024-03-23 16:20:00,95,120,3,218
2024-03-23 16:30:00,118,114,2,234
2024-03-23 16:40:00,102,114,3,219
2024-03-23 16:50:00,101,137,4,242
2024-03-23 17:00:00,89,129,4,222
2024-03-23 17:10:00,109,111,0,220
2024-03-23 17:20:00,117,96,2,215
2024-03-23 17:30:00,110,122,4,236
2024-03-23 17:40:00,138,107,2,247
2024-03-23 17:50:00,106,116,2,224
2024-03-23 18:00:00,105,94,3,202
2024-03-23 18:10:00,105,102,0,207
2024-03-23 18:20:00,114,115,3,232
2024-03-23 18:30:00,93,123,0,216
2024-03-23 18:40:00,94,86,4,184
2024-03-23 18:50:00,94,98,1,193
2024-03-23 19:00:00,77,74,0,151
2024-03-23 19:10:00,83,67,0,150
2024-03-23 19:20:00,81,89,1,171
2024-03-23 19:30:00,78,86,1,165
2024-03-23 19:40:00,79,63,2,144
2024-03-23 19:50:00,88,107,2,197
2024-03-23 20:00:00,82,87,3,172
2024-03-23 20:10:00,69,84,1,154
2024-03-23 20:20:00,62,68,1,131
2024-03-23 20:30:00,62,82,0,144
2024-03-23 20:40:00,61,52,1,114
2024-03-23 20:50:00,54,52,1,107
2024-03-23 21:00:00,55,55,0,110
2024-03-23 21:10:00,42,54,0,96
2024-03-23 21:20:00,44,61,0,105
2024-03-23 21:30:00,48,59,0,107
2024-03-23 21:40:00,37,53,1,91
2024-03-23 21:50:00,37,75,1,113
2024-03-23 22:00:00,38,58,1,97
2024-03-23 22:10:00,39,62,2,103
2024-03-23 22:20:00,47,39,0,86
2024-03-23 22:30:00,31,53,0,84
2024-03-23 22:40:00,50,72,1,123
2024-03-23 22:50:00,36,65,0,101
2024-03-23 23:00:00,27,72,1,100
2024-03-23 23:10:00,50,72,0,122
2024-03-23 23:20:00,31,71,1,103
2024-03-23 23:30:00,46,57,0,103
2024-03-23 23:40:00,30,62,0,92
2024-03-23 23:50:00,30,59,2,91
2024-03-24 00:00:00,28,38,2,68
2024-03-24 00:10:00,41,26,0,67
2024-03-24 00:20:00,21,30,0,51
2024-03-24 00:30:00,22,29,0,51
2024-03-24 00:40:00,12,43,1,56
2024-03-24 00:50:00,19,32,0,51
2024-03-24 01:00:00,15,34,0,49
2024-03-24 01:10:00,16,18,0,34
2024-03-24 01:20:00,16,26,0,42
2024-03-24 01:30:00,12,22,0,34
2024-03-24 01:40:00,13,25,1,39
2024-03-24 01:50:00,11,22,1,34
2024-03-24 02:00:00,17,26,0,43
2024-03-24 02:10:00,5,21,0,26
2024-03-24 02:20:00,12,11,0,23
2024-03-24 02:30:00,5,10,0,15
2024-03-24 02:40:00,7,10,0,17
2024-03-24 02:50:00,10,8,0,18
2024-03-24 03:00:00,5,8,1,14
2024-03-24 03:10:00,4,5,0,9
2024-03-24 03:20:00,4,14,0,18
2024-03-24 03:30:00,2,11,2,15
2024-03-24 03:40:00,8,7,0,15
2024-03-24 03:50:00,3,6,0,9
2024-03-24 04:00:00,10,9,0,19
2024-03-24 04:10:00,5,8,1,14
2024-03-24 04:20:00,7,6,0,13
2024-03-24 04:30:00,11,7,0,18
2024-03-24 04:40:00,17,6,0,23
2024-03-24 04:50:00,18,9,0,27
2024-03-24 05:00:00,22,6,0,28
2024-03-24 05:10:00,15,12,0,27
2024-03-24 05:20:00,19,8,1,28
2024-03-24 05:30:00,22,6,0,28
2024-03-24 05:40:00,25,8,0,33
2024-03-24 05:50:00,15,4,0,19
2024-03-24 06:00:00,20,12,0,32
2024-03-24 06:10:00,22,21,0,43
2024-03-24 06:20:00,14,14,0,28
2024-03-24 06:30:00,20,14,1,35
2024-03-24 06:40:00,10,16,0,26
2024-03-24 06:50:00,12,9,0,21
2024-03-24 07:00:00,7,14,0,21
2024-03-24 07:10:00,10,14,0,24
2024-03-24 07:20:00,12,20,0,32
2024-03-24 07:30:00,16,11,0,27
2024-03-24 07:40:00,25,11,1,37
2024-03-24 07:50:00,20,18,0,38
2024-03-24 08:00:00,20,9,1,30
2024-03-24 08:10:00,17,10,0,27
2024-03-24 08:20:00,22,20,0,42
2024-03-24 08:30:00,21,6,2,29
2024-03-24 08:40:00,37,18,0,55
2024-03-24 08:50:00,33,18,3,54
2024-03-24 09:00:00,34,22,1,57
2024-03-24 09:10:00,51,22,0,73
2024-03-24 09:20:00,69,29,1,99
2024-03-24 09:30:00,70,26,0,96
2024-03-24 09:40:00,64,42,1,107
2024-03-24 09:50:00,61,32,2,95
2024-03-24 10:00:00,51,37,3,91
2024-03-24 10:10:00,71,40,0,111
2024-03-24 10:20:00,58,44,1,103
2024-03-24 10:30:00,50,48,1,99
2024-03-24 10:40:00,74,54,1,129
2024-03-24 10:50:00,88,50,6,144
2024-03-24 11:00:00,56,48,2,106
2024-03-24 11:10:00,68,39,0,107
2024-03-24 11:20:00,55,48,2,105
2024-03-24 11:30:00,74,59,1,134
2024-03-24 11:40:00,67,47,3,117
2024-03-24 11:50:00,69,79,1,149
2024-03-24 12:00:00,81,80,2,163
2024-03-24 12:10:00,83,84,3,170
2024-03-24 12:20:00,73,60,1,134
2024-03-24 12:30:00,80,68,0,148
2024-03-24 12:40:00,94,72,1,167
2024-03-24 12:50:00,83,61,4,148
2024-03-24 13:00:00,81,68,1,150
2024-03-24 13:10:00,75,65,2,142
2024-03-24 13:20:00,79,65,2,146
2024-03-24 13:30:00,97,75,2,174
2024-03-24 13:40:00,80,67,1,148
2024-03-24 13:50:00,88,66,1,155
2024-03-24 14:00:00,78,79,4,161
2024-03-24 14:10:00,107,78,2,187
2024-03-24 14:20:00,101,82,0,183
2024-03-24 14:30:00,93,75,0,168
2024-03-24 14:40:00,89,78,0,167
2024-03-24 14:50:00,104,75,1,180
2024-03-24 15:00:00,71,86,0,157
2024-03-24 15:10:00,75,77,0,152
2024-03-24 15:20:00,77,58,1,136
2024-03-24 15:30:00,70,75,3,148
2024-03-24 15:40:00,71,71,3,145
2024-03-24 15:50:00,69,57,3,129
2024-03-24 16:00:00,90,69,1,160
2024-03-24 16:10:00,91,68,1,160
2024-03-24 16:20:00,103,76,0,179
2024-03-24 16:30:00,101,81,2,184
2024-03-24 16:40:00,86,81,0,167
2024-03-24 16:50:00,89,82,3,174
2024-03-24 17:00:00,87,67,0,154
2024-03-24 17:10:00,109,93,0,202
2024-03-24 17:20:00,90,85,3,178
2024-03-24 17:30:00,79,96,0,175
2024-03-24 17:40:00,89,100,1,190
2024-03-24 17:50:00,99,78,1,178
2024-03-24 18:00:00,85,66,4,155
2024-03-24 18:10:00,79,84,1,164
2024-03-24 18:20:00,85,73,1,159
2024-03-24 18:30:00,61,76,1,138
2024-03-24 18:40:00,85,66,0,151
2024-03-24 18:50:00,74,63,1,138
2024-03-24 19:00:00,70,65,1,136
2024-03-24 19:10:00,62,56,0,118
2024-03-24 19:20:00,62,51,0,113
2024-03-24 19:30:00,68,50,1,119
2024-03-24 19:40:00,69,57,3,129
2024-03-24 19:50:00,71,48,0,119
2024-03-24 20:00:00,63,54,1,118
2024-03-24 20:10:00,66,73,1,140
2024-03-24 20:20:00,68,46,0,114
2024-03-24 20:30:00,60,66,0,126
2024-03-24 20:40:00,49,31,0,80
2024-03-24 20:50:00,28,46,1,75
2024-03-24 21:00:00,37,34,0,71
2024-03-24 21:10:00,29,40,1,70
2024-03-24 21:20:00,34,38,0,72
2024-03-24 21:30:00,36,43,0,79
2024-03-24 21:40:00,33,46,1,80
2024-03-24 21:50:00,24,21,2,47
2024-03-24 22:00:00,30,33,1,64
2024-03-24 22:10:00,28,45,0,73
2024-03-24 22:20:00,19,43,0,62
2024-03-24 22:30:00,14,40,0,54
2024-03-24 22:40:00,15,39,0,54
2024-03-24 22:50:00,20,34,1,55
2024-03-24 23:00:00,17,31,0,48
2024-03-24 23:10:00,12,16,1,29
2024-03-24 23:20:00,18,24,0,42
2024-03-24 23:30:00,18,20,1,39
2024-03-24 23:40:00,13,19,0,32
2024-03-24 23:50:00,14,16,1,31
2024-03-25 00:00:00,6,13,1,20
2024-03-25 00:10:00,8,9,0,17
2024-03-25 00:20:00,5,16,0,21
2024-03-25 00:30:00,12,13,1,26
2024-03-25 00:40:00,15,6,0,21
2024-03-25 00:50:00,6,9,0,15
2024-03-25 01:00:00,4,14,0,18
2024-03-25 01:10:00,7,11,0,18
2024-03-25 01:20:00,4,4,0,8
2024-03-25 01:30:00,4,5,0,9
2024-03-25 01:40:00,2,3,0,5
2024-03-25 01:50:00,1,8,0,9
2024-03-25 02:00:00,7,8,0,15
2024-03-25 02:10:00,6,4,0,10
2024-03-25 02:20:00,6,3,0,9
2024-03-25 02:30:00,5,5,0,10
2024-03-25 02:40:00,7,4,0,11
2024-03-25 02:50:00,3,2,0,5
2024-03-25 03:00:00,1,8,0,9
2024-03-25 03:10:00,7,2,0,9
2024-03-25 03:20:00,7,4,0,11
2024-03-25 03:30:00,5,2,0,7
2024-03-25 03:40:00,8,8,0,16
2024-03-25 03:50:00,14,1,0,15
2024-03-25 04:00:00,8,9,0,17
2024-03-25 04:10:00,17,9,1,27
2024-03-25 04:20:00,18,3,0,21
2024-03-25 04:30:00,16,4,0,20
2024-03-25 04:40:00,28,8,1,37
2024-03-25 04:50:00,52,7,1,60
2024-03-25 05:00:00,44,9,1,54
2024-03-25 05:10:00,69,13,0,82
2024-03-25 05:20:00,109,18,1,128
2024-03-25 05:30:00,140,22,1,163
2024-03-25 05:40:00,157,23,2,182
2024-03-25 05:50:00,178,25,1,204
2024-03-25 06:00:00,155,22,3,180
2024-03-25 06:10:00,185,47,3,235
2024-03-25 06:20:00,209,38,1,248
2024-03-25 06:30:00,173,61,4,238
2024-03-25 06:40:00,169,63,6,238
2024-03-25 06:50:00,177,60,3,240
2024-03-25 07:00:00,147,53,5,205
2024-03-25 07:10:00,151,69,3,223
2024-03-25 07:20:00,158,78,5,241
2024-03-25 07:30:00,171,58,5,234
2024-03-25 07:40:00,162,62,6,230
2024-03-25 07:50:00,140,88,4,232
2024-03-25 08:00:00,131,80,6,217
2024-03-25 08:10:00,122,69,3,194
2024-03-25 08:20:00,146,69,0,215
2024-03-25 08:30:00,134,63,5,202
2024-03-25 08:40:00,156,73,1,230
2024-03-25 08:50:00,147,61,3,211
2024-03-25 09:00:00,148,74,5,227
2024-03-25 09:10:00,158,68,2,228
2024-03-25 09:20:00,127,79,0,206
2024-03-25 09:30:00,139,84,4,227
2024-03-25 09:40:00,141,78,2,221
2024-03-25 09:50:00,145,68,0,213
2024-03-25 10:00:00,123,70,2,195
2024-03-25 10:10:00,144,85,2,231
2024-03-25 10:20:00,149,79,1,229
2024-03-25 10:30:00,149,92,1,242
2024-03-25 10:40:00,143,86,4,233
2024-03-25 10:50:00,138,97,3,238
2024-03-25 11:00:00,98,89,1,188
2024-03-25 11:10:00,118,85,4,207
2024-03-25 11:20:00,119,102,0,221
2024-03-25 11:30:00,122,105,3,230
2024-03-25 11:40:00,103,108,1,212
2024-03-25 11:50:00,114,105,3,222
2024-03-25 12:00:00,85,111,2,198
2024-03-25 12:10:00,105,109,2,216
2024-03-25 12:20:00,123,92,2,217
2024-03-25 12:30:00,123,117,2,242
2024-03-25 12:40:00,130,106,3,239
2024-03-25 12:50:00,124,109,3,236
2024-03-25 13:00:00,128,103,1,232
2024-03-25 13:10:00,101,115,1,217
2024-03-25 13:20:00,107,110,2,219
2024-03-25 13:30:00,120,134,2,256
2024-03-25 13:40:00,103,124,5,232
2024-03-25 13:50:00,103,136,1,240
2024-03-25 14:00:00,113,132,3,248
2024-03-25 14:10:00,118,137,3,258
2024-03-25 14:20:00,115,145,1,261
2024-03-25 14:30:00,94,154,2,250
2024-03-25 14:40:00,114,157,6,277
2024-03-25 14:50:00,104,141,3,248
2024-03-25 15:00:00,116,135,5,256
2024-03-25 15:10:00,116,154,1,271
2024-03-25 15:20:00,118,146,2,266
2024-03-25 15:30:00,119,175,2,296
2024-03-25 15:40:00,112,171,7,290
2024-03-25 15:50:00,99,151,3,253
2024-03-25 16:00:00,103,173,3,279
2024-03-25 16:10:00,114,180,0,294
2024-03-25 16:20:00,112,172,6,290
2024-03-25 16:30:00,109,184,6,299
2024-03-25 16:40:00,120,152,4,276
2024-03-25 16:50:00,115,152,4,271
2024-03-25 17:00:00,108,165,3,276
2024-03-25 17:10:00,123,160,1,284
2024-03-25 17:20:00,106,158,4,268
2024-03-25 17:30:00,118,174,2,294
2024-03-25 17:40:00,116,142,6,264
2024-03-25 17:50:00,112,154,7,273
2024-03-25 18:00:00,99,139,2,240
2024-03-25 18:10:00,115,136,2,253
2024-03-25 18:20:00,108,124,4,236
2024-03-25 18:30:00,95,148,2,245
2024-03-25 18:40:00,107,96,4,207
2024-03-25 18:50:00,91,103,1,195
2024-03-25 19:00:00,76,108,5,189
2024-03-25 19:10:00,68,91,3,162
2024-03-25 19:20:00,75,114,2,191
2024-03-25 19:30:00,52,102,5,159
2024-03-25 19:40:00,64,75,3,142
2024-03-25 19:50:00,56,83,4,143
2024-03-25 20:00:00,65,76,4,145
2024-03-25 20:10:00,51,64,0,115
2024-03-25 20:20:00,52,74,1,127
2024-03-25 20:30:00,62,45,2,109
2024-03-25 20:40:00,46,45,2,93
2024-03-25 20:50:00,42,48,1,91
2024-03-25 21:00:00,38,53,2,93
2024-03-25 21:10:00,40,52,3,95
2024-03-25 21:20:00,35,78,2,115
2024-03-25 21:30:00,28,43,1,72
2024-03-25 21:40:00,32,40,1,73
2024-03-25 21:50:00,25,56,4,85
2024-03-25 22:00:00,27,61,1,89
2024-03-25 22:10:00,27,65,1,93
2024-03-25 22:20:00,20,67,0,87
2024-03-25 22:30:00,18,53,0,71
2024-03-25 22:40:00,21,49,1,71
2024-03-25 22:50:00,11,45,0,56
2024-03-25 23:00:00,22,41,1,64
2024-03-25 23:10:00,13,56,2,71
2024-03-25 23:20:00,15,34,1,50
2024-03-25 23:30:00,9,27,0,36
2024-03-25 23:40:00,10,17,0,27
2024-03-25 23:50:00,4,21,1,26
2024-03-26 00:00:00,10,13,1,24
2024-03-26 00:10:00,13,23,0,36
2024-03-26 00:20:00,11,16,0,27
2024-03-26 00:30:00,9,11,0,20
2024-03-26 00:40:00,8,9,0,17
2024-03-26 00:50:00,3,10,0,13
2024-03-26 01:00:00,4,6,0,10
2024-03-26 01:10:00,6,8,0,14
2024-03-26 01:20:00,4,8,0,12
2024-03-26 01:30:00,10,6,1,17
2024-03-26 01:40:00,5,5,0,10
2024-03-26 01:50:00,7,3,0,10
2024-03-26 02:00:00,6,4,0,10
2024-03-26 02:10:00,3,10,0,13
2024-03-26 02:20:00,6,3,1,10
2024-03-26 02:30:00,4,8,1,13
2024-03-26 02:40:00,4,3,0,7
2024-03-26 02:50:00,2,4,0,6
2024-03-26 03:00:00,7,2,0,9
2024-03-26 03:10:00,4,7,0,11
2024-03-26 03:20:00,2,11,0,13
2024-03-26 03:30:00,4,2,0,6
2024-03-26 03:40:00,6,4,0,10
2024-03-26 03:50:00,8,2,0,10
2024-03-26 04:00:00,9,6,1,16
2024-03-26 04:10:00,14,4,0,18
2024-03-26 04:20:00,19,8,0,27
2024-03-26 04:30:00,26,9,0,35
2024-03-26 04:40:00,22,9,1,32
2024-03-26 04:50:00,43,2,1,46
2024-03-26 05:00:00,60,13,1,74
2024-03-26 05:10:00,79,9,0,88
2024-03-26 05:20:00,94,23,1,118
2024-03-26 05:30:00,148,29,1,178
2024-03-26 05:40:00,182,23,2,207
2024-03-26 05:50:00,186,23,1,210
2024-03-26 06:00:00,138,23,2,163
2024-03-26 06:10:00,187,54,2,243
2024-03-26 06:20:00,198,39,1,238
2024-03-26 06:30:00,169,70,5,244
2024-03-26 06:40:00,183,62,3,248
2024-03-26 06:50:00,185,65,2,252
2024-03-26 07:00:00,177,70,5,252
2024-03-26 07:10:00,156,64,2,222
2024-03-26 07:20:00,169,76,5,250
2024-03-26 07:30:00,154,81,8,243
2024-03-26 07:40:00,161,75,4,240
2024-03-26 07:50:00,125,84,4,213
2024-03-26 08:00:00,150,72,8,230
2024-03-26 08:10:00,165,66,2,233
2024-03-26 08:20:00,147,65,2,214
2024-03-26 08:30:00,149,85,6,240
2024-03-26 08:40:00,158,59,1,218
2024-03-26 08:50:00,151,84,3,238
2024-03-26 09:00:00,136,80,5,221
2024-03-26 09:10:00,175,65,2,242
2024-03-26 09:20:00,150,102,3,255
2024-03-26 09:30:00,159,66,6,231
2024-03-26 09:40:00,148,70,3,221
2024-03-26 09:50:00,150,80,1,231
2024-03-26 10:00:00,118,87,6,211
2024-03-26 10:10:00,126,82,1,209
2024-03-26 10:20:00,142,82,4,228
2024-03-26 10:30:00,119,70,3,192
2024-03-26 10:40:00,149,94,2,245
2024-03-26 10:50:00,134,98,2,234
2024-03-26 11:00:00,141,100,0,241
2024-03-26 11:10:00,111,81,3,195
2024-03-26 11:20:00,118,128,1,247
2024-03-26 11:30:00,128,72,3,203
2024-03-26 11:40:00,107,100,2,209
2024-03-26 11:50:00,112,94,3,209
2024-03-26 12:00:00,111,106,2,219
2024-03-26 12:10:00,95,114,2,211
2024-03-26 12:20:00,122,116,2,240
2024-03-26 12:30:00,84,118,3,205
2024-03-26 12:40:00,127,97,2,226
2024-03-26 12:50:00,125,117,3,245
2024-03-26 13:00:00,118,137,3,258
2024-03-26 13:10:00,108,149,4,261
2024-03-26 13:20:00,122,124,2,248
2024-03-26 13:30:00,126,125,2,253
2024-03-26 13:40:00,134,125,4,263
2024-03-26 13:50:00,122,130,3,255
2024-03-26 14:00:00,103,117,4,224
2024-03-26 14:10:00,114,164,2,280
2024-03-26 14:20:00,107,151,2,260
2024-03-26 14:30:00,127,160,3,290
2024-03-26 14:40:00,123,152,1,276
2024-03-26 14:50:00,105,159,5,269
2024-03-26 15:00:00,106,164,4,274
2024-03-26 15:10:00,108,178,1,287
2024-03-26 15:20:00,101,138,2,241
2024-03-26 15:30:00,106,199,3,308
2024-03-26 15:40:00,98,172,3,273
2024-03-26 15:50:00,136,162,4,302
2024-03-26 16:00:00,117,160,4,281
2024-03-26 16:10:00,124,202,5,331
2024-03-26 16:20:00,128,153,1,282
2024-03-26 16:30:00,105,191,6,302
2024-03-26 16:40:00,112,179,4,295
2024-03-26 16:50:00,109,176,3,288
2024-03-26 17:00:00,127,171,3,301
2024-03-26 17:10:00,108,156,3,267
2024-03-26 17:20:00,91,160,4,255
2024-03-26 17:30:00,125,183,2,310
2024-03-26 17:40:00,105,160,3,268
2024-03-26 17:50:00,115,151,7,273
2024-03-26 18:00:00,128,149,6,283
2024-03-26 18:10:00,115,137,6,258
2024-03-26 18:20:00,92,144,3,239
2024-03-26 18:30:00,109,148,3,260
2024-03-26 18:40:00,87,119,6,212
2024-03-26 18:50:00,80,122,3,205
2024-03-26 19:00:00,84,102,7,193
2024-03-26 19:10:00,59,109,1,169
2024-03-26 19:20:00,67,81,0,148
2024-03-26 19:30:00,52,96,2,150
2024-03-26 19:40:00,55,83,4,142
2024-03-26 19:50:00,59,90,4,153
2024-03-26 20:00:00,51,78,2,131
2024-03-26 20:10:00,64,63,0,127
2024-03-26 20:20:00,59,77,2,138
2024-03-26 20:30:00,48,72,2,122
2024-03-26 20:40:00,52,73,2,127
2024-03-26 20:50:00,61,54,3,118
2024-03-26 21:00:00,47,74,3,124
2024-03-26 21:10:00,34,60,1,95
2024-03-26 21:20:00,45,59,1,105
2024-03-26 21:30:00,39,44,0,83
2024-03-26 21:40:00,27,48,5,80
2024-03-26 21:50:00,28,55,1,84
2024-03-26 22:00:00,27,58,2,87
2024-03-26 22:10:00,29,66,1,96
2024-03-26 22:20:00,32,68,0,100
2024-03-26 22:30:00,18,53,0,71
2024-03-26 22:40:00,26,39,1,66
2024-03-26 22:50:00,22,42,0,64
2024-03-26 23:00:00,11,28,2,41
2024-03-26 23:10:00,23,50,0,73
2024-03-26 23:20:00,16,29,1,46
2024-03-26 23:30:00,10,28,0,38
2024-03-26 23:40:00,12,26,0,38
2024-03-26 23:50:00,9,21,5,35
2024-03-27 00:00:00,13,18,0,31
2024-03-27 00:10:00,12,21,0,33
2024-03-27 00:20:00,10,18,0,28
2024-03-27 00:30:00,10,14,1,25
2024-03-27 00:40:00,5,12,0,17
2024-03-27 00:50:00,7,9,0,16
2024-03-27 01:00:00,6,6,0,12
2024-03-27 01:10:00,9,8,0,17
2024-03-27 01:20:00,6,6,0,12
2024-03-27 01:30:00,7,3,0,10
2024-03-27 01:40:00,5,6,0,11
2024-03-27 01:50:00,2,6,0,8
2024-03-27 02:00:00,5,3,0,8
2024-03-27 02:10:00,7,6,0,13
2024-03-27 02:20:00,7,9,0,16
2024-03-27 02:30:00,4,8,0,12
2024-03-27 02:40:00,9,3,0,12
2024-03-27 02:50:00,5,6,0,11
2024-03-27 03:00:00,6,6,0,12
2024-03-27 03:10:00,4,3,0,7
2024-03-27 03:20:00,4,5,0,9
2024-03-27 03:30:00,2,6,0,8
2024-03-27 03:40:00,4,7,0,11
2024-03-27 03:50:00,6,5,0,11
2024-03-27 04:00:00,4,8,0,12
2024-03-27 04:10:00,14,4,1,19
2024-03-27 04:20:00,15,11,0,26
2024-03-27 04:30:00,15,4,0,19
2024-03-27 04:40:00,29,8,0,37
2024-03-27 04:50:00,57,6,1,64
2024-03-27 05:00:00,52,11,2,65
2024-03-27 05:10:00,74,13,0,87
2024-03-27 05:20:00,100,23,1,124
2024-03-27 05:30:00,136,21,0,157
2024-03-27 05:40:00,183,20,2,205
2024-03-27 05:50:00,182,24,1,207
2024-03-27 06:00:00,168,25,3,196
2024-03-27 06:10:00,170,52,2,224
2024-03-27 06:20:00,171,52,1,224
2024-03-27 06:30:00,179,70,5,254
2024-03-27 06:40:00,161,62,4,227
2024-03-27 06:50:00,170,66,3,239
2024-03-27 07:00:00,170,65,6,241
2024-03-27 07:10:00,169,78,0,247
2024-03-27 07:20:00,171,55,6,232
2024-03-27 07:30:00,175,89,9,273
2024-03-27 07:40:00,152,84,3,239
2024-03-27 07:50:00,155,90,3,248
2024-03-27 08:00:00,131,67,9,207
2024-03-27 08:10:00,144,57,1,202
2024-03-27 08:20:00,144,72,2,218
2024-03-27 08:30:00,165,57,4,226
2024-03-27 08:40:00,151,73,3,227
2024-03-27 08:50:00,146,72,4,222
2024-03-27 09:00:00,148,78,6,232
2024-03-27 09:10:00,118,69,2,189
2024-03-27 09:20:00,165,76,4,245
2024-03-27 09:30:00,138,83,3,224
2024-03-27 09:40:00,147,68,4,219
2024-03-27 09:50:00,148,87,0,235
2024-03-27 10:00:00,138,80,2,220
2024-03-27 10:10:00,121,85,3,209
2024-03-27 10:20:00,154,91,3,248
2024-03-27 10:30:00,123,109,3,235
2024-03-27 10:40:00,127,97,2,226
2024-03-27 10:50:00,101,90,0,191
2024-03-27 11:00:00,131,89,2,222
2024-03-27 11:10:00,106,79,2,187
2024-03-27 11:20:00,125,122,2,249
2024-03-27 11:30:00,108,113,2,223
2024-03-27 11:40:00,112,93,2,207
2024-03-27 11:50:00,121,103,2,226
2024-03-27 12:00:00,103,105,2,210
2024-03-27 12:10:00,111,99,4,214
2024-03-27 12:20:00,115,148,3,266
2024-03-27 12:30:00,125,117,3,245
2024-03-27 12:40:00,126,108,2,236
2024-03-27 12:50:00,143,128,1,272
2024-03-27 13:00:00,114,116,3,233
2024-03-27 13:10:00,119,124,4,247
2024-03-27 13:20:00,128,142,1,271
2024-03-27 13:30:00,117,113,3,233
2024-03-27 13:40:00,121,120,4,245
2024-03-27 13:50:00,106,142,2,250
2024-03-27 14:00:00,113,138,2,253
2024-03-27 14:10:00,113,153,3,269
2024-03-27 14:20:00,108,161,3,272
2024-03-27 14:30:00,125,157,1,283
2024-03-27 14:40:00,125,156,4,285
2024-03-27 14:50:00,106,158,3,267
2024-03-27 15:00:00,119,179,3,301
2024-03-27 15:10:00,115,177,6,298
2024-03-27 15:20:00,113,152,1,266
2024-03-27 15:30:00,153,203,3,359
2024-03-27 15:40:00,111,168,2,281
2024-03-27 15:50:00,142,156,2,300
2024-03-27 16:00:00,115,190,2,307
2024-03-27 16:10:00,105,182,2,289
2024-03-27 16:20:00,133,159,5,297
2024-03-27 16:30:00,118,197,3,318
2024-03-27 16:40:00,147,164,4,315
2024-03-27 16:50:00,111,166,0,277
2024-03-27 17:00:00,119,183,7,309
2024-03-27 17:10:00,110,142,3,255
2024-03-27 17:20:00,121,152,5,278
2024-03-27 17:30:00,118,174,4,296
2024-03-27 17:40:00,135,147,2,284
2024-03-27 17:50:00,104,155,6,265
2024-03-27 18:00:00,104,154,5,263
2024-03-27 18:10:00,113,141,4,258
2024-03-27 18:20:00,101,152,3,256
2024-03-27 18:30:00,97,158,1,256
2024-03-27 18:40:00,95,142,4,241
2024-03-27 18:50:00,82,136,3,221
2024-03-27 19:00:00,82,115,1,198
2024-03-27 19:10:00,65,107,2,174
2024-03-27 19:20:00,67,100,1,168
2024-03-27 19:30:00,70,89,1,160
2024-03-27 19:40:00,58,92,2,152
2024-03-27 19:50:00,75,93,4,172
2024-03-27 20:00:00,71,75,2,148
2024-03-27 20:10:00,78,76,2,156
2024-03-27 20:20:00,57,75,1,133
2024-03-27 20:30:00,65,61,1,127
2024-03-27 20:40:00,51,67,4,122
2024-03-27 20:50:00,45,60,4,109
2024-03-27 21:00:00,34,72,3,109
2024-03-27 21:10:00,38,68,2,108
2024-03-27 21:20:00,38,63,0,101
2024-03-27 21:30:00,29,62,0,91
2024-03-27 21:40:00,43,62,1,106
2024-03-27 21:50:00,31,64,3,98
2024-03-27 22:00:00,24,62,1,87
2024-03-27 22:10:00,38,67,1,106
2024-03-27 22:20:00,38,67,0,105
2024-03-27 22:30:00,15,60,0,75
2024-03-27 22:40:00,15,44,0,59
2024-03-27 22:50:00,22,36,1,59
2024-03-27 23:00:00,19,40,2,61
2024-03-27 23:10:00,22,27,0,49
2024-03-27 23:20:00,23,33,0,56
2024-03-27 23:30:00,16,28,0,44
2024-03-27 23:40:00,13,25,1,39
2024-03-27 23:50:00,10,18,2,30
2024-03-28 00:00:00,17,16,2,35
2024-03-28 00:10:00,9,20,0,29
2024-03-28 00:20:00,14,15,0,29
2024-03-28 00:30:00,9,10,0,19
2024-03-28 00:40:00,12,10,0,22
2024-03-28 00:50:00,5,8,1,14
2024-03-28 01:00:00,6,15,0,21
2024-03-28 01:10:00,4,11,1,16
2024-03-28 01:20:00,7,12,0,19
2024-03-28 01:30:00,7,7,0,14
2024-03-28 01:40:00,3,6,0,9
2024-03-28 01:50:00,4,7,0,11
2024-03-28 02:00:00,5,6,0,11
2024-03-28 02:10:00,4,7,0,11
2024-03-28 02:20:00,4,6,0,10
2024-03-28 02:30:00,5,3,0,8
2024-03-28 02:40:00,7,9,1,17
2024-03-28 02:50:00,6,6,0,12
2024-03-28 03:00:00,5,3,0,8
2024-03-28 03:10:00,4,9,0,13
2024-03-28 03:20:00,1,7,0,8
2024-03-28 03:30:00,4,7,0,11
2024-03-28 03:40:00,5,5,0,10
2024-03-28 03:50:00,6,6,0,12
2024-03-28 04:00:00,8,8,0,16
2024-03-28 04:10:00,13,4,1,18
2024-03-28 04:20:00,16,4,0,20
2024-03-28 04:30:00,18,9,0,27
2024-03-28 04:40:00,33,9,0,42
2024-03-28 04:50:00,52,8,1,61
2024-03-28 05:00:00,60,6,1,67
2024-03-28 05:10:00,71,14,0,85
2024-03-28 05:20:00,94,21,1,116
2024-03-28 05:30:00,153,29,0,182
2024-03-28 05:40:00,169,17,2,188
2024-03-28 05:50:00,146,25,0,171
2024-03-28 06:00:00,123,35,3,161
2024-03-28 06:10:00,165,43,1,209
2024-03-28 06:20:00,172,48,1,221
2024-03-28 06:30:00,178,54,5,237
2024-03-28 06:40:00,147,65,4,216
2024-03-28 06:50:00,194,57,3,254
2024-03-28 07:00:00,150,55,4,209
2024-03-28 07:10:00,147,60,2,209
2024-03-28 07:20:00,188,69,4,261
2024-03-28 07:30:00,151,63,6,220
2024-03-28 07:40:00,172,66,3,241
2024-03-28 07:50:00,153,87,7,247
2024-03-28 08:00:00,128,79,7,214
2024-03-28 08:10:00,132,75,2,209
2024-03-28 08:20:00,145,57,1,203
2024-03-28 08:30:00,140,79,4,223
2024-03-28 08:40:00,154,86,3,243
2024-03-28 08:50:00,137,61,5,203
2024-03-28 09:00:00,130,72,2,204
2024-03-28 09:10:00,139,67,4,210
2024-03-28 09:20:00,153,85,1,239
2024-03-28 09:30:00,121,70,3,194
2024-03-28 09:40:00,143,86,6,235
2024-03-28 09:50:00,159,64,1,224
2024-03-28 10:00:00,136,86,1,223
2024-03-28 10:10:00,113,85,3,201
2024-03-28 10:20:00,129,85,2,216
2024-03-28 10:30:00,142,83,1,226
2024-03-28 10:40:00,117,88,3,208
2024-03-28 10:50:00,135,96,0,231
2024-03-28 11:00:00,138,109,5,252
2024-03-28 11:10:00,122,98,3,223
2024-03-28 11:20:00,125,113,2,240
2024-03-28 11:30:00,126,102,1,229
2024-03-28 11:40:00,103,109,2,214
2024-03-28 11:50:00,126,125,2,253
2024-03-28 12:00:00,120,111,3,234
2024-03-28 12:10:00,177,133,2,312
2024-03-28 12:20:00,134,122,1,257
2024-03-28 12:30:00,124,136,7,267
2024-03-28 12:40:00,144,138,2,284
2024-03-28 12:50:00,113,116,5,234
2024-03-28 13:00:00,118,117,1,236
2024-03-28 13:10:00,112,149,4,265
2024-03-28 13:20:00,114,126,2,242
2024-03-28 13:30:00,110,154,3,267
2024-03-28 13:40:00,153,136,3,292
2024-03-28 13:50:00,91,116,4,211
2024-03-28 14:00:00,114,151,3,268
2024-03-28 14:10:00,115,156,2,273
2024-03-28 14:20:00,153,152,2,307
2024-03-28 14:30:00,108,166,2,276
2024-03-28 14:40:00,126,184,4,314
2024-03-28 14:50:00,130,164,2,296
2024-03-28 15:00:00,111,167,4,282
2024-03-28 15:10:00,141,160,1,302
2024-03-28 15:20:00,135,156,3,294
2024-03-28 15:30:00,106,178,7,291
2024-03-28 15:40:00,110,158,4,272
2024-03-28 15:50:00,130,159,3,292
2024-03-28 16:00:00,132,176,2,310
2024-03-28 16:10:00,124,157,3,284
2024-03-28 16:20:00,110,172,2,284
2024-03-28 16:30:00,131,192,3,326
2024-03-28 16:40:00,124,155,2,281
2024-03-28 16:50:00,121,149,8,278
2024-03-28 17:00:00,118,179,1,298
2024-03-28 17:10:00,119,175,4,298
2024-03-28 17:20:00,128,160,3,291
2024-03-28 17:30:00,110,179,4,293
2024-03-28 17:40:00,113,152,4,269
2024-03-28 17:50:00,108,140,3,251
2024-03-28 18:00:00,107,147,0,254
2024-03-28 18:10:00,116,153,4,273
2024-03-28 18:20:00,136,147,5,288
2024-03-28 18:30:00,151,149,4,304
2024-03-28 18:40:00,134,131,4,269
2024-03-28 18:50:00,106,129,2,237
2024-03-28 19:00:00,91,122,6,219
2024-03-28 19:10:00,97,117,1,215
2024-03-28 19:20:00,92,112,1,205
2024-03-28 19:30:00,69,95,0,164
2024-03-28 19:40:00,62,84,4,150
2024-03-28 19:50:00,75,79,8,162
2024-03-28 20:00:00,66,92,2,160
2024-03-28 20:10:00,58,105,4,167
2024-03-28 20:20:00,71,89,1,161
2024-03-28 20:30:00,71,58,2,131
2024-03-28 20:40:00,46,75,2,123
2024-03-28 20:50:00,52,52,2,106
2024-03-28 21:00:00,60,64,3,127
2024-03-28 21:10:00,39,86,0,125
2024-03-28 21:20:00,38,98,1,137
2024-03-28 21:30:00,40,75,0,115
2024-03-28 21:40:00,38,74,1,113
2024-03-28 21:50:00,36,58,3,97
2024-03-28 22:00:00,37,58,2,97
2024-03-28 22:10:00,42,69,0,111
2024-03-28 22:20:00,36,60,0,96
2024-03-28 22:30:00,30,64,0,94
2024-03-28 22:40:00,33,47,1,81
2024-03-28 22:50:00,25,54,0,79
2024-03-28 23:00:00,19,46,2,67
2024-03-28 23:10:00,24,53,0,77
2024-03-28 23:20:00,27,30,0,57
2024-03-28 23:30:00,17,42,0,59
2024-03-28 23:40:00,20,25,0,45
2024-03-28 23:50:00,17,37,1,55
2024-03-29 00:00:00,13,29,1,43
2024-03-29 00:10:00,18,27,0,45
2024-03-29 00:20:00,15,17,0,32
2024-03-29 00:30:00,8,21,1,30
2024-03-29 00:40:00,19,19,1,39
2024-03-29 00:50:00,16,17,1,34
2024-03-29 01:00:00,6,28,0,34
2024-03-29 01:10:00,5,19,0,24
2024-03-29 01:20:00,4,16,0,20
2024-03-29 01:30:00,7,14,0,21
2024-03-29 01:40:00,13,19,0,32
2024-03-29 01:50:00,8,14,1,23
2024-03-29 02:00:00,8,14,0,22
2024-03-29 02:10:00,8,13,1,22
2024-03-29 02:20:00,11,12,0,23
2024-03-29 02:30:00,4,4,0,8
2024-03-29 02:40:00,2,4,2,8
2024-03-29 02:50:00,7,11,0,18
2024-03-29 03:00:00,4,5,1,10
2024-03-29 03:10:00,1,14,0,15
2024-03-29 03:20:00,6,11,0,17
2024-03-29 03:30:00,4,12,0,16
2024-03-29 03:40:00,5,9,0,14
2024-03-29 03:50:00,5,7,0,12
2024-03-29 04:00:00,7,8,0,15
2024-03-29 04:10:00,4,5,1,10
2024-03-29 04:20:00,13,5,0,18
2024-03-29 04:30:00,20,6,0,26
2024-03-29 04:40:00,12,11,0,23
2024-03-29 04:50:00,19,6,0,25
2024-03-29 05:00:00,32,9,0,41
2024-03-29 05:10:00,25,10,0,35
2024-03-29 05:20:00,29,8,0,37
2024-03-29 05:30:00,39,7,1,47
2024-03-29 05:40:00,27,10,0,37
2024-03-29 05:50:00,24,14,0,38
2024-03-29 06:00:00,16,15,0,31
2024-03-29 06:10:00,21,13,0,34
2024-03-29 06:20:00,20,26,0,46
2024-03-29 06:30:00,18,25,1,44
2024-03-29 06:40:00,12,15,0,27
2024-03-29 06:50:00,14,14,1,29
2024-03-29 07:00:00,13,14,0,27
2024-03-29 07:10:00,11,18,0,29
2024-03-29 07:20:00,18,16,0,34
2024-03-29 07:30:00,17,8,1,26
2024-03-29 07:40:00,16,15,1,32
2024-03-29 07:50:00,21,10,0,31
2024-03-29 08:00:00,18,11,0,29
2024-03-29 08:10:00,25,13,0,38
2024-03-29 08:20:00,21,14,2,37
2024-03-29 08:30:00,20,17,0,37
2024-03-29 08:40:00,23,22,0,45
2024-03-29 08:50:00,22,28,1,51
2024-03-29 09:00:00,22,34,0,56
2024-03-29 09:10:00,42,37,1,80
2024-03-29 09:20:00,58,19,0,77
2024-03-29 09:30:00,47,28,0,75
2024-03-29 09:40:00,56,21,1,78
2024-03-29 09:50:00,51,34,2,87
2024-03-29 10:00:00,56,42,1,99
2024-03-29 10:10:00,55,25,1,81
2024-03-29 10:20:00,71,38,1,110
2024-03-29 10:30:00,48,41,1,90
2024-03-29 10:40:00,72,51,1,124
2024-03-29 10:50:00,54,37,3,94
2024-03-29 11:00:00,49,40,1,90
2024-03-29 11:10:00,66,46,1,113
2024-03-29 11:20:00,46,47,0,93
2024-03-29 11:30:00,62,59,0,121
2024-03-29 11:40:00,56,61,1,118
2024-03-29 11:50:00,84,59,0,143
2024-03-29 12:00:00,85,83,1,169
2024-03-29 12:10:00,67,64,2,133
2024-03-29 12:20:00,58,61,2,121
2024-03-29 12:30:00,80,52,1,133
2024-03-29 12:40:00,71,67,3,141
2024-03-29 12:50:00,87,54,2,143
2024-03-29 13:00:00,92,44,3,139
2024-03-29 13:10:00,67,47,1,115
2024-03-29 13:20:00,68,57,1,126
2024-03-29 13:30:00,77,64,2,143
2024-03-29 13:40:00,68,57,1,126
2024-03-29 13:50:00,68,50,3,121
2024-03-29 14:00:00,69,66,1,136
2024-03-29 14:10:00,71,71,1,143
2024-03-29 14:20:00,85,92,2,179
2024-03-29 14:30:00,58,102,0,160
2024-03-29 14:40:00,72,74,1,147
2024-03-29 14:50:00,75,64,1,140
2024-03-29 15:00:00,79,60,1,140
2024-03-29 15:10:00,74,72,0,146
2024-03-29 15:20:00,71,81,1,153
2024-03-29 15:30:00,67,62,1,130
2024-03-29 15:40:00,52,62,3,117
2024-03-29 15:50:00,67,56,4,127
2024-03-29 16:00:00,71,57,2,130
2024-03-29 16:10:00,73,54,1,128
2024-03-29 16:20:00,82,58,0,140
2024-03-29 16:30:00,98,53,3,154
2024-03-29 16:40:00,50,61,2,113
2024-03-29 16:50:00,74,62,5,141
2024-03-29 17:00:00,67,60,2,129
2024-03-29 17:10:00,69,62,1,132
2024-03-29 17:20:00,77,66,2,145
2024-03-29 17:30:00,71,71,0,142
2024-03-29 17:40:00,73,48,1,122
2024-03-29 17:50:00,75,47,0,122
2024-03-29 18:00:00,86,47,3,136
2024-03-29 18:10:00,71,58,0,129
2024-03-29 18:20:00,83,37,0,120
2024-03-29 18:30:00,75,47,0,122
2024-03-29 18:40:00,77,67,2,146
2024-03-29 18:50:00,66,40,3,109
2024-03-29 19:00:00,54,58,1,113
2024-03-29 19:10:00,69,60,0,129
2024-03-29 19:20:00,59,62,0,121
2024-03-29 19:30:00,46,53,0,99
2024-03-29 19:40:00,52,37,3,92
2024-03-29 19:50:00,62,29,1,92
2024-03-29 20:00:00,54,51,3,108
2024-03-29 20:10:00,61,51,0,112
2024-03-29 20:20:00,63,52,0,115
2024-03-29 20:30:00,52,58,1,111
2024-03-29 20:40:00,52,37,0,89
2024-03-29 20:50:00,60,39,1,100
2024-03-29 21:00:00,41,51,0,92
2024-03-29 21:10:00,38,54,0,92
2024-03-29 21:20:00,41,40,0,81
2024-03-29 21:30:00,36,38,2,76
2024-03-29 21:40:00,36,55,1,92
2024-03-29 21:50:00,42,39,0,81
2024-03-29 22:00:00,33,61,2,96
2024-03-29 22:10:00,35,63,0,98
2024-03-29 22:20:00,28,47,0,75
2024-03-29 22:30:00,35,62,0,97
2024-03-29 22:40:00,28,46,0,74
2024-03-29 22:50:00,38,32,1,71
2024-03-29 23:00:00,33,39,0,72
2024-03-29 23:10:00,29,36,0,65
2024-03-29 23:20:00,30,36,0,66
2024-03-29 23:30:00,28,31,0,59
2024-03-29 23:40:00,19,25,0,44
2024-03-29 23:50:00,20,26,1,47
2024-03-30 00:00:00,18,28,1,47
2024-03-30 00:10:00,9,28,0,37
2024-03-30 00:20:00,12,27,0,39
2024-03-30 00:30:00,10,17,0,27
2024-03-30 00:40:00,19,9,0,28
2024-03-30 00:50:00,14,14,1,29
2024-03-30 01:00:00,7,21,0,28
2024-03-30 01:10:00,18,22,0,40
2024-03-30 01:20:00,14,11,0,25
2024-03-30 01:30:00,13,15,0,28
2024-03-30 01:40:00,11,15,0,26
2024-03-30 01:50:00,7,7,1,15
2024-03-30 02:00:00,13,10,0,23
2024-03-30 02:10:00,9,10,0,19
2024-03-30 02:20:00,8,13,0,21
2024-03-30 02:30:00,6,11,0,17
2024-03-30 02:40:00,1,6,0,7
2024-03-30 02:50:00,1,10,0,11
2024-03-30 03:00:00,1,11,1,13
2024-03-30 03:10:00,6,7,0,13
2024-03-30 03:20:00,9,7,0,16
2024-03-30 03:30:00,6,5,0,11
2024-03-30 03:40:00,6,16,0,22
2024-03-30 03:50:00,7,6,0,13
2024-03-30 04:00:00,8,4,0,12
2024-03-30 04:10:00,6,12,2,20
2024-03-30 04:20:00,10,6,0,16
2024-03-30 04:30:00,12,4,0,16
2024-03-30 04:40:00,12,9,0,21
2024-03-30 04:50:00,21,6,0,27
2024-03-30 05:00:00,31,4,0,35
2024-03-30 05:10:00,27,10,0,37
2024-03-30 05:20:00,28,6,0,34
2024-03-30 05:30:00,29,13,0,42
2024-03-30 05:40:00,34,5,0,39
2024-03-30 05:50:00,30,9,0,39
2024-03-30 06:00:00,20,20,1,41
2024-03-30 06:10:00,21,9,0,30
2024-03-30 06:20:00,28,26,2,56
2024-03-30 06:30:00,36,17,0,53
2024-03-30 06:40:00,30,18,0,48
2024-03-30 06:50:00,24,13,0,37
2024-03-30 07:00:00,29,26,0,55
2024-03-30 07:10:00,34,18,0,52
2024-03-30 07:20:00,22,15,2,39
2024-03-30 07:30:00,37,21,0,58
2024-03-30 07:40:00,43,19,0,62
2024-03-30 07:50:00,32,27,1,60
2024-03-30 08:00:00,44,21,1,66
2024-03-30 08:10:00,35,21,1,57
2024-03-30 08:20:00,51,22,1,74
2024-03-30 08:30:00,50,35,1,86
2024-03-30 08:40:00,69,28,0,97
2024-03-30 08:50:00,78,28,2,108
2024-03-30 09:00:00,64,35,1,100
2024-03-30 09:10:00,87,45,1,133
2024-03-30 09:20:00,117,40,2,159
2024-03-30 09:30:00,93,55,2,150
2024-03-30 09:40:00,112,60,2,174
2024-03-30 09:50:00,131,53,1,185
2024-03-30 10:00:00,118,63,0,181
2024-03-30 10:10:00,121,47,1,169
2024-03-30 10:20:00,130,68,1,199
2024-03-30 10:30:00,146,76,4,226
2024-03-30 10:40:00,147,89,2,238
2024-03-30 10:50:00,148,56,0,204
2024-03-30 11:00:00,135,68,4,207
2024-03-30 11:10:00,110,74,2,186
2024-03-30 11:20:00,151,84,3,238
2024-03-30 11:30:00,136,116,2,254
2024-03-30 11:40:00,135,105,0,240
2024-03-30 11:50:00,129,106,3,238
2024-03-30 12:00:00,145,102,1,248
2024-03-30 12:10:00,124,103,3,230
2024-03-30 12:20:00,117,91,1,209
2024-03-30 12:30:00,151,106,4,261
2024-03-30 12:40:00,132,88,1,221
2024-03-30 12:50:00,167,110,1,278
2024-03-30 13:00:00,119,104,2,225
2024-03-30 13:10:00,153,108,0,261
2024-03-30 13:20:00,119,106,2,227
2024-03-30 13:30:00,120,112,2,234
2024-03-30 13:40:00,130,145,5,280
2024-03-30 13:50:00,111,121,1,233
2024-03-30 14:00:00,105,108,2,215
2024-03-30 14:10:00,143,110,0,253
2024-03-30 14:20:00,135,142,3,280
2024-03-30 14:30:00,142,143,2,287
2024-03-30 14:40:00,135,127,1,263
2024-03-30 14:50:00,122,121,1,244
2024-03-30 15:00:00,107,149,4,260
2024-03-30 15:10:00,105,122,4,231
2024-03-30 15:20:00,116,117,2,235
2024-03-30 15:30:00,148,94,4,246
2024-03-30 15:40:00,126,102,1,229
2024-03-30 15:50:00,110,107,2,219
2024-03-30 16:00:00,97,104,2,203
2024-03-30 16:10:00,89,127,1,217
2024-03-30 16:20:00,122,107,4,233
2024-03-30 16:30:00,93,122,3,218
2024-03-30 16:40:00,105,110,1,216
2024-03-30 16:50:00,107,124,4,235
2024-03-30 17:00:00,91,115,2,208
2024-03-30 17:10:00,103,103,1,207
2024-03-30 17:20:00,92,103,2,197
2024-03-30 17:30:00,97,116,3,216
2024-03-30 17:40:00,107,97,2,206
2024-03-30 17:50:00,96,97,2,195
2024-03-30 18:00:00,96,95,1,192
2024-03-30 18:10:00,107,87,1,195
2024-03-30 18:20:00,85,96,2,183
2024-03-30 18:30:00,83,86,1,170
2024-03-30 18:40:00,97,95,3,195
2024-03-30 18:50:00,78,88,1,167
2024-03-30 19:00:00,74,68,1,143
2024-03-30 19:10:00,62,88,1,151
2024-03-30 19:20:00,58,81,2,141
2024-03-30 19:30:00,60,84,3,147
2024-03-30 19:40:00,69,72,2,143
2024-03-30 19:50:00,66,57,4,127
2024-03-30 20:00:00,58,78,1,137
2024-03-30 20:10:00,54,80,0,134
2024-03-30 20:20:00,61,72,4,137
2024-03-30 20:30:00,56,66,0,122
2024-03-30 20:40:00,53,46,1,100
2024-03-30 20:50:00,44,58,0,102
2024-03-30 21:00:00,58,56,0,114
2024-03-30 21:10:00,51,60,0,111
2024-03-30 21:20:00,37,44,0,81
2024-03-30 21:30:00,55,53,2,110
2024-03-30 21:40:00,43,44,0,87
2024-03-30 21:50:00,39,65,3,107
2024-03-30 22:00:00,43,55,1,99
2024-03-30 22:10:00,41,51,0,92
2024-03-30 22:20:00,31,50,0,81
2024-03-30 22:30:00,30,41,0,71
2024-03-30 22:40:00,30,57,1,88
2024-03-30 22:50:00,34,56,0,90
2024-03-30 23:00:00,29,32,1,62
2024-03-30 23:10:00,34,58,0,92
2024-03-30 23:20:00,34,40,0,74
2024-03-30 23:30:00,27,44,0,71
2024-03-30 23:40:00,22,24,0,46
2024-03-30 23:50:00,23,23,1,47
2024-03-31 00:00:00,24,33,1,58
2024-03-31 00:10:00,19,30,0,49
2024-03-31 00:20:00,20,35,0,55
2024-03-31 00:30:00,11,25,0,36
2024-03-31 00:40:00,16,22,1,39
2024-03-31 00:50:00,14,32,0,46
2024-03-31 01:00:00,11,39,0,50
2024-03-31 01:10:00,16,17,0,33
2024-03-31 01:20:00,14,12,0,26
2024-03-31 01:30:00,12,15,1,28
2024-03-31 01:40:00,11,21,0,32
2024-03-31 01:50:00,6,19,1,26
2024-03-31 02:00:00,0,0,0,0
2024-03-31 02:10:00,0,0,0,0
2024-03-31 02:20:00,0,0,0,0
2024-03-31 02:30:00,0,0,0,0
2024-03-31 02:40:00,0,0,0,0
2024-03-31 02:50:00,0,0,0,0
2024-03-31 03:00:00,6,13,0,19
2024-03-31 03:10:00,9,16,0,25
2024-03-31 03:20:00,18,14,0,32
2024-03-31 03:30:00,12,20,0,32
2024-03-31 03:40:00,7,13,0,20
2024-03-31 03:50:00,18,24,0,42
2024-03-31 04:00:00,8,16,0,24
2024-03-31 04:10:00,13,16,1,30
2024-03-31 04:20:00,11,12,0,23
2024-03-31 04:30:00,10,11,0,21
2024-03-31 04:40:00,14,12,0,26
2024-03-31 04:50:00,26,10,0,36
2024-03-31 05:00:00,18,11,0,29
2024-03-31 05:10:00,17,10,0,27
2024-03-31 05:20:00,29,8,1,38
2024-03-31 05:30:00,27,11,0,38
2024-03-31 05:40:00,25,12,0,37
2024-03-31 05:50:00,26,12,0,38
2024-03-31 06:00:00,19,20,0,39
2024-03-31 06:10:00,18,12,0,30
2024-03-31 06:20:00,14,19,0,33
2024-03-31 06:30:00,6,16,1,23
2024-03-31 06:40:00,11,19,0,30
2024-03-31 06:50:00,14,16,0,30
2024-03-31 07:00:00,11,14,0,25
2024-03-31 07:10:00,9,12,0,21
2024-03-31 07:20:00,5,11,0,16
2024-03-31 07:30:00,15,7,0,22
2024-03-31 07:40:00,19,6,1,26
2024-03-31 07:50:00,20,11,0,31
2024-03-31 08:00:00,22,11,1,34
2024-03-31 08:10:00,29,6,0,35
2024-03-31 08:20:00,27,12,0,39
2024-03-31 08:30:00,22,15,0,37
2024-03-31 08:40:00,40,18,0,58
2024-03-31 08:50:00,31,17,2,50
2024-03-31 09:00:00,39,19,0,58
2024-03-31 09:10:00,41,23,0,64
2024-03-31 09:20:00,81,25,1,107
2024-03-31 09:30:00,58,28,0,86
2024-03-31 09:40:00,37,38,0,75
2024-03-31 09:50:00,57,41,1,99
2024-03-31 10:00:00,52,36,1,89
2024-03-31 10:10:00,68,52,2,122
2024-03-31 10:20:00,60,39,0,99
2024-03-31 10:30:00,74,59,1,134
2024-03-31 10:40:00,80,54,1,135
2024-03-31 10:50:00,62,53,2,117
2024-03-31 11:00:00,65,51,1,117
2024-03-31 11:10:00,81,47,1,129
2024-03-31 11:20:00,69,87,0,156
2024-03-31 11:30:00,89,100,1,190
2024-03-31 11:40:00,91,94,2,187
2024-03-31 11:50:00,76,94,1,171
2024-03-31 12:00:00,81,87,3,171
2024-03-31 12:10:00,86,90,0,176
2024-03-31 12:20:00,95,84,0,179
2024-03-31 12:30:00,75,103,0,178
2024-03-31 12:40:00,86,80,1,167
2024-03-31 12:50:00,85,90,2,177
2024-03-31 13:00:00,95,71,1,167
2024-03-31 13:10:00,67,70,1,138
2024-03-31 13:20:00,71,61,2,134
2024-03-31 13:30:00,71,86,0,157
2024-03-31 13:40:00,73,83,1,157
2024-03-31 13:50:00,75,64,3,142
2024-03-31 14:00:00,83,86,1,170
2024-03-31 14:10:00,64,72,0,136
2024-03-31 14:20:00,85,83,1,169
2024-03-31 14:30:00,94,77,1,172
2024-03-31 14:40:00,91,102,0,193
2024-03-31 14:50:00,74,87,2,163
2024-03-31 15:00:00,67,85,0,152
2024-03-31 15:10:00,71,64,1,136
2024-03-31 15:20:00,76,62,0,138
2024-03-31 15:30:00,79,79,0,158
2024-03-31 15:40:00,95,59,1,155
2024-03-31 15:50:00,91,68,1,160
2024-03-31 16:00:00,101,63,1,165
2024-03-31 16:10:00,85,71,2,158
2024-03-31 16:20:00,104,63,2,169
2024-03-31 16:30:00,144,57,0,201
2024-03-31 16:40:00,100,58,0,158
2024-03-31 16:50:00,92,76,4,172
2024-03-31 17:00:00,86,85,0,171
2024-03-31 17:10:00,112,67,0,179
2024-03-31 17:20:00,105,70,2,177
2024-03-31 17:30:00,98,62,1,161
2024-03-31 17:40:00,96,71,3,170
2024-03-31 17:50:00,113,69,0,182
2024-03-31 18:00:00,82,69,2,153
2024-03-31 18:10:00,106,84,1,191
2024-03-31 18:20:00,89,68,0,157
2024-03-31 18:30:00,82,49,1,132
2024-03-31 18:40:00,74,76,0,150
2024-03-31 18:50:00,97,65,1,163
2024-03-31 19:00:00,83,68,0,151
2024-03-31 19:10:00,102,76,1,179
2024-03-31 19:20:00,104,64,0,168
2024-03-31 19:30:00,88,64,1,153
2024-03-31 19:40:00,97,57,1,155
2024-03-31 19:50:00,75,45,2,122
2024-03-31 20:00:00,82,55,1,138
2024-03-31 20:10:00,58,63,0,121
2024-03-31 20:20:00,75,49,1,125
2024-03-31 20:30:00,76,40,0,116
2024-03-31 20:40:00,66,49,1,116
2024-03-31 20:50:00,57,45,1,103
2024-03-31 21:00:00,82,41,0,123
2024-03-31 21:10:00,60,47,1,108
2024-03-31 21:20:00,56,43,0,99
2024-03-31 21:30:00,46,57,0,103
2024-03-31 21:40:00,49,51,1,101
2024-03-31 21:50:00,39,46,0,85
2024-03-31 22:00:00,54,40,1,95
2024-03-31 22:10:00,50,44,0,94
2024-03-31 22:20:00,32,43,0,75
2024-03-31 22:30:00,52,44,0,96
2024-03-31 22:40:00,42,41,0,83
2024-03-31 22:50:00,26,54,1,81
2024-03-31 23:00:00,24,51,1,76
2024-03-31 23:10:00,33,46,0,79
2024-03-31 23:20:00,16,37,1,54
2024-03-31 23:30:00,15,27,1,43
2024-03-31 23:40:00,22,23,0,45
2024-03-31 23:50:00,17,22,1,40
2024-04-01 00:00:00,24,24,1,49
2024-04-01 00:10:00,20,33,0,53
2024-04-01 00:20:00,24,19,0,43
2024-04-01 00:30:00,11,22,0,33
2024-04-01 00:40:00,14,19,0,33
2024-04-01 00:50:00,17,22,1,40
2024-04-01 01:00:00,12,12,0,24
2024-04-01 01:10:00,16,16,0,32
2024-04-01 01:20:00,9,20,0,29
2024-04-01 01:30:00,15,17,0,32
2024-04-01 01:40:00,7,16,0,23
2024-04-01 01:50:00,10,9,1,20
2024-04-01 02:00:00,13,16,0,29
2024-04-01 02:10:00,15,15,0,30
2024-04-01 02:20:00,10,13,1,24
2024-04-01 02:30:00,2,12,0,14
2024-04-01 02:40:00,5,15,0,20
2024-04-01 02:50:00,10,10,0,20
2024-04-01 03:00:00,6,10,1,17
2024-04-01 03:10:00,8,7,0,15
2024-04-01 03:20:00,15,4,0,19
2024-04-01 03:30:00,4,9,0,13
2024-04-01 03:40:00,3,8,0,11
2024-04-01 03:50:00,5,11,0,16
2024-04-01 04:00:00,5,7,0,12
2024-04-01 04:10:00,9,6,1,16
2024-04-01 04:20:00,6,6,0,12
2024-04-01 04:30:00,14,6,0,20
2024-04-01 04:40:00,17,10,0,27
2024-04-01 04:50:00,17,7,0,24
2024-04-01 05:00:00,21,6,0,27
2024-04-01 05:10:00,17,6,0,23
2024-04-01 05:20:00,32,4,1,37
2024-04-01 05:30:00,28,2,1,31
2024-04-01 05:40:00,19,3,1,23
2024-04-01 05:50:00,29,14,0,43
2024-04-01 06:00:00,14,11,0,25
2024-04-01 06:10:00,21,14,0,35
2024-04-01 06:20:00,11,15,0,26
2024-04-01 06:30:00,10,19,1,30
2024-04-01 06:40:00,7,16,0,23
2024-04-01 06:50:00,5,15,0,20
2024-04-01 07:00:00,10,8,0,18
2024-04-01 07:10:00,16,11,0,27
2024-04-01 07:20:00,12,6,0,18
2024-04-01 07:30:00,13,7,0,20
2024-04-01 07:40:00,12,4,1,17
2024-04-01 07:50:00,16,8,0,24
2024-04-01 08:00:00,10,9,1,20
2024-04-01 08:10:00,15,10,0,25
2024-04-01 08:20:00,12,16,0,28
2024-04-01 08:30:00,29,11,0,40
2024-04-01 08:40:00,21,11,0,32
2024-04-01 08:50:00,30,12,1,43
2024-04-01 09:00:00,29,17,0,46
2024-04-01 09:10:00,33,12,0,45
2024-04-01 09:20:00,58,20,0,78
2024-04-01 09:30:00,53,18,0,71
2024-04-01 09:40:00,63,24,1,88
2024-04-01 09:50:00,45,36,1,82
2024-04-01 10:00:00,48,23,1,72
2024-04-01 10:10:00,32,32,1,65
2024-04-01 10:20:00,46,28,2,76
2024-04-01 10:30:00,47,28,1,76
2024-04-01 10:40:00,72,39,0,111
2024-04-01 10:50:00,79,40,1,120
2024-04-01 11:00:00,67,49,1,117
2024-04-01 11:10:00,66,49,0,115
2024-04-01 11:20:00,78,56,0,134
2024-04-01 11:30:00,65,66,1,132
2024-04-01 11:40:00,79,71,5,155
2024-04-01 11:50:00,87,73,1,161
2024-04-01 12:00:00,80,79,2,161
2024-04-01 12:10:00,74,84,3,161
2024-04-01 12:20:00,78,68,1,147
2024-04-01 12:30:00,96,65,3,164
2024-04-01 12:40:00,94,71,0,165
2024-04-01 12:50:00,76,57,1,134
2024-04-01 13:00:00,85,65,2,152
2024-04-01 13:10:00,79,50,2,131
2024-04-01 13:20:00,99,65,0,164
2024-04-01 13:30:00,69,64,0,133
2024-04-01 13:40:00,80,69,1,150
2024-04-01 13:50:00,90,74,0,164
2024-04-01 14:00:00,81,62,2,145
2024-04-01 14:10:00,72,91,0,163
2024-04-01 14:20:00,94,83,0,177
2024-04-01 14:30:00,99,92,2,193
2024-04-01 14:40:00,132,88,1,221
2024-04-01 14:50:00,104,90,5,199
2024-04-01 15:00:00,98,78,1,177
2024-04-01 15:10:00,81,70,0,151
2024-04-01 15:20:00,92,66,3,161
2024-04-01 15:30:00,100,70,1,171
2024-04-01 15:40:00,89,49,1,139
2024-04-01 15:50:00,99,49,2,150
2024-04-01 16:00:00,97,64,5,166
2024-04-01 16:10:00,76,75,2,153
2024-04-01 16:20:00,121,51,0,172
2024-04-01 16:30:00,107,70,3,180
2024-04-01 16:40:00,109,62,2,173
2024-04-01 16:50:00,105,70,1,176
2024-04-01 17:00:00,99,61,1,161
2024-04-01 17:10:00,84,72,1,157
2024-04-01 17:20:00,114,69,0,183
2024-04-01 17:30:00,118,81,0,199
2024-04-01 17:40:00,98,80,2,180
2024-04-01 17:50:00,99,71,1,171
2024-04-01 18:00:00,102,78,3,183
2024-04-01 18:10:00,98,62,1,161
2024-04-01 18:20:00,104,59,1,164
2024-04-01 18:30:00,78,54,0,132
2024-04-01 18:40:00,100,65,0,165
2024-04-01 18:50:00,100,65,2,167
2024-04-01 19:00:00,90,77,1,168
2024-04-01 19:10:00,104,55,1,160
2024-04-01 19:20:00,90,83,1,174
2024-04-01 19:30:00,104,69,2,175
2024-04-01 19:40:00,99,45,1,145
2024-04-01 19:50:00,87,58,3,148
2024-04-01 20:00:00,69,49,4,122
2024-04-01 20:10:00,63,51,2,116
2024-04-01 20:20:00,58,54,0,112
2024-04-01 20:30:00,62,54,0,116
2024-04-01 20:40:00,79,44,1,124
2024-04-01 20:50:00,67,42,1,110
2024-04-01 21:00:00,57,44,1,102
2024-04-01 21:10:00,67,38,0,105
2024-04-01 21:20:00,43,36,2,81
2024-04-01 21:30:00,53,47,0,100
2024-04-01 21:40:00,32,50,2,84
2024-04-01 21:50:00,35,46,0,81
2024-04-01 22:00:00,24,44,2,70
2024-04-01 22:10:00,37,43,0,80
2024-04-01 22:20:00,29,40,0,69
2024-04-01 22:30:00,21,59,1,81
2024-04-01 22:40:00,30,33,1,64
2024-04-01 22:50:00,17,36,1,54
2024-04-01 23:00:00,21,32,0,53
2024-04-01 23:10:00,26,31,0,57
2024-04-01 23:20:00,19,31,1,51
2024-04-01 23:30:00,17,33,0,50
2024-04-01 23:40:00,13,36,0,49
2024-04-01 23:50:00,10,21,1,32
2024-04-02 00:00:00,13,16,1,30
2024-04-02 00:10:00,12,21,0,33
2024-04-02 00:20:00,12,11,0,23
2024-04-02 00:30:00,9,11,0,20
2024-04-02 00:40:00,7,9,0,16
2024-04-02 00:50:00,9,6,1,16
2024-04-02 01:00:00,5,6,0,11
2024-04-02 01:10:00,7,9,0,16
2024-04-02 01:20:00,6,7,0,13
2024-04-02 01:30:00,7,3,0,10
2024-04-02 01:40:00,10,5,0,15
2024-04-02 01:50:00,6,8,0,14
2024-04-02 02:00:00,7,5,1,13
2024-04-02 02:10:00,8,4,0,12
2024-04-02 02:20:00,10,4,0,14
2024-04-02 02:30:00,6,3,0,9
2024-04-02 02:40:00,9,6,0,15
2024-04-02 02:50:00,8,2,0,10
2024-04-02 03:00:00,7,6,0,13
2024-04-02 03:10:00,11,9,0,20
2024-04-02 03:20:00,8,4,0,12
2024-04-02 03:30:00,9,5,0,14
2024-04-02 03:40:00,2,5,0,7
2024-04-02 03:50:00,8,7,0,15
2024-04-02 04:00:00,4,8,2,14
2024-04-02 04:10:00,18,3,1,22
2024-04-02 04:20:00,17,9,0,26
2024-04-02 04:30:00,24,7,0,31
2024-04-02 04:40:00,38,11,1,50
2024-04-02 04:50:00,43,3,1,47
2024-04-02 05:00:00,58,7,1,66
2024-04-02 05:10:00,66,19,0,85
2024-04-02 05:20:00,117,14,1,132
2024-04-02 05:30:00,132,27,1,160
2024-04-02 05:40:00,172,26,1,199
2024-04-02 05:50:00,152,17,1,170
2024-04-02 06:00:00,132,31,2,165
2024-04-02 06:10:00,152,26,1,179
2024-04-02 06:20:00,190,48,2,240
2024-04-02 06:30:00,132,50,5,187
2024-04-02 06:40:00,171,53,4,228
2024-04-02 06:50:00,197,50,2,249
2024-04-02 07:00:00,137,58,3,198
2024-04-02 07:10:00,161,58,2,221
2024-04-02 07:20:00,169,59,5,233
2024-04-02 07:30:00,150,65,8,223
2024-04-02 07:40:00,152,64,3,219
2024-04-02 07:50:00,159,94,6,259
2024-04-02 08:00:00,135,70,5,210
2024-04-02 08:10:00,137,61,3,201
2024-04-02 08:20:00,130,80,1,211
2024-04-02 08:30:00,145,67,5,217
2024-04-02 08:40:00,167,71,4,242
2024-04-02 08:50:00,159,72,3,234
2024-04-02 09:00:00,126,54,5,185
2024-04-02 09:10:00,141,76,0,217
2024-04-02 09:20:00,126,72,2,200
2024-04-02 09:30:00,138,67,4,209
2024-04-02 09:40:00,133,64,3,200
2024-04-02 09:50:00,113,75,2,190
2024-04-02 10:00:00,117,56,4,177
2024-04-02 10:10:00,118,82,1,201
2024-04-02 10:20:00,125,73,0,198
2024-04-02 10:30:00,120,77,3,200
2024-04-02 10:40:00,128,71,4,203
2024-04-02 10:50:00,126,99,2,227
2024-04-02 11:00:00,126,71,1,198
2024-04-02 11:10:00,147,93,3,243
2024-04-02 11:20:00,140,81,1,222
2024-04-02 11:30:00,119,97,2,218
2024-04-02 11:40:00,108,77,4,189
2024-04-02 11:50:00,111,107,2,220
2024-04-02 12:00:00,125,80,2,207
2024-04-02 12:10:00,112,111,3,226
2024-04-02 12:20:00,100,92,2,194
2024-04-02 12:30:00,124,124,1,249
2024-04-02 12:40:00,144,117,2,263
2024-04-02 12:50:00,127,112,5,244
2024-04-02 13:00:00,124,99,2,225
2024-04-02 13:10:00,131,108,2,241
2024-04-02 13:20:00,118,128,3,249
2024-04-02 13:30:00,107,99,0,206
2024-04-02 13:40:00,135,105,3,243
2024-04-02 13:50:00,125,117,2,244
2024-04-02 14:00:00,110,119,1,230
2024-04-02 14:10:00,126,118,2,246
2024-04-02 14:20:00,113,130,2,245
2024-04-02 14:30:00,136,160,2,298
2024-04-02 14:40:00,112,154,6,272
2024-04-02 14:50:00,113,142,6,261
2024-04-02 15:00:00,125,154,2,281
2024-04-02 15:10:00,121,161,3,285
2024-04-02 15:20:00,116,144,2,262
2024-04-02 15:30:00,127,190,2,319
2024-04-02 15:40:00,131,168,3,302
2024-04-02 15:50:00,113,154,2,269
2024-04-02 16:00:00,109,172,3,284
2024-04-02 16:10:00,113,185,3,301
2024-04-02 16:20:00,118,168,5,291
2024-04-02 16:30:00,109,188,3,300
2024-04-02 16:40:00,134,161,3,298
2024-04-02 16:50:00,97,173,4,274
2024-04-02 17:00:00,104,167,7,278
2024-04-02 17:10:00,111,161,1,273
2024-04-02 17:20:00,103,151,4,258
2024-04-02 17:30:00,123,173,1,297
2024-04-02 17:40:00,98,148,7,253
2024-04-02 17:50:00,95,146,3,244
2024-04-02 18:00:00,96,145,5,246
2024-04-02 18:10:00,94,122,3,219
2024-04-02 18:20:00,105,141,4,250
2024-04-02 18:30:00,79,138,3,220
2024-04-02 18:40:00,79,116,1,196
2024-04-02 18:50:00,79,118,3,200
2024-04-02 19:00:00,74,105,2,181
2024-04-02 19:10:00,62,112,4,178
2024-04-02 19:20:00,59,103,4,166
2024-04-02 19:30:00,73,81,3,157
2024-04-02 19:40:00,54,80,3,137
2024-04-02 19:50:00,44,72,4,120
2024-04-02 20:00:00,75,74,3,152
2024-04-02 20:10:00,44,88,1,133
2024-04-02 20:20:00,41,67,2,110
2024-04-02 20:30:00,48,67,1,116
2024-04-02 20:40:00,55,52,1,108
2024-04-02 20:50:00,44,55,4,103
2024-04-02 21:00:00,40,56,2,98
2024-04-02 21:10:00,42,53,1,96
2024-04-02 21:20:00,49,67,1,117
2024-04-02 21:30:00,37,39,4,80
2024-04-02 21:40:00,27,54,1,82
2024-04-02 21:50:00,20,47,3,70
2024-04-02 22:00:00,31,55,1,87
2024-04-02 22:10:00,23,63,0,86
2024-04-02 22:20:00,19,37,0,56
2024-04-02 22:30:00,30,54,0,84
2024-04-02 22:40:00,24,43,2,69
2024-04-02 22:50:00,24,42,0,66
2024-04-02 23:00:00,15,36,3,54
2024-04-02 23:10:00,18,43,1,62
2024-04-02 23:20:00,10,22,0,32
2024-04-02 23:30:00,16,21,0,37
2024-04-02 23:40:00,11,22,2,35
2024-04-02 23:50:00,16,23,3,42
2024-04-03 00:00:00,12,22,1,35
2024-04-03 00:10:00,22,13,0,35
2024-04-03 00:20:00,5,14,0,19
2024-04-03 00:30:00,9,13,0,22
2024-04-03 00:40:00,9,9,0,18
2024-04-03 00:50:00,5,11,0,16
2024-04-03 01:00:00,7,8,0,15
2024-04-03 01:10:00,5,8,0,13
2024-04-03 01:20:00,6,8,0,14
2024-04-03 01:30:00,7,2,0,9
2024-04-03 01:40:00,2,6,0,8
2024-04-03 01:50:00,5,7,0,12
2024-04-03 02:00:00,7,4,0,11
2024-04-03 02:10:00,5,6,0,11
2024-04-03 02:20:00,7,3,0,10
2024-04-03 02:30:00,6,4,0,10
2024-04-03 02:40:00,7,6,0,13
2024-04-03 02:50:00,5,6,0,11
2024-04-03 03:00:00,2,3,0,5
2024-04-03 03:10:00,10,7,0,17
2024-04-03 03:20:00,4,4,1,9
2024-04-03 03:30:00,5,5,0,10
2024-04-03 03:40:00,8,4,0,12
2024-04-03 03:50:00,4,2,0,6
2024-04-03 04:00:00,9,8,0,17
2024-04-03 04:10:00,17,5,1,23
2024-04-03 04:20:00,14,8,0,22
2024-04-03 04:30:00,22,5,0,27
2024-04-03 04:40:00,30,5,1,36
2024-04-03 04:50:00,48,7,1,56
2024-04-03 05:00:00,58,12,1,71
2024-04-03 05:10:00,72,9,0,81
2024-04-03 05:20:00,93,15,1,109
2024-04-03 05:30:00,147,24,1,172
2024-04-03 05:40:00,177,29,2,208
2024-04-03 05:50:00,163,19,1,183
2024-04-03 06:00:00,140,35,2,177
2024-04-03 06:10:00,149,36,4,189
2024-04-03 06:20:00,170,45,1,216
2024-04-03 06:30:00,161,65,4,230
2024-04-03 06:40:00,151,58,3,212
2024-04-03 06:50:00,166,61,3,230
2024-04-03 07:00:00,156,56,5,217
2024-04-03 07:10:00,152,67,1,220
2024-04-03 07:20:00,167,62,4,233
2024-04-03 07:30:00,165,67,7,239
2024-04-03 07:40:00,167,61,2,230
2024-04-03 07:50:00,153,72,6,231
2024-04-03 08:00:00,126,70,5,201
2024-04-03 08:10:00,127,68,3,198
2024-04-03 08:20:00,143,64,2,209
2024-04-03 08:30:00,135,53,5,193
2024-04-03 08:40:00,148,70,2,220
2024-04-03 08:50:00,144,62,3,209
2024-04-03 09:00:00,121,57,5,183
2024-04-03 09:10:00,110,62,5,177
2024-04-03 09:20:00,135,61,2,198
2024-04-03 09:30:00,131,71,4,206
2024-04-03 09:40:00,145,64,3,212
2024-04-03 09:50:00,100,85,4,189
2024-04-03 10:00:00,149,75,3,227
2024-04-03 10:10:00,131,76,1,208
2024-04-03 10:20:00,105,81,3,189
2024-04-03 10:30:00,123,85,3,211
2024-04-03 10:40:00,133,76,2,211
2024-04-03 10:50:00,122,82,2,206
2024-04-03 11:00:00,117,75,3,195
2024-04-03 11:10:00,121,85,5,211
2024-04-03 11:20:00,125,89,3,217
2024-04-03 11:30:00,123,95,2,220
2024-04-03 11:40:00,108,92,3,203
2024-04-03 11:50:00,115,97,2,214
2024-04-03 12:00:00,114,107,3,224
2024-04-03 12:10:00,107,83,1,191
2024-04-03 12:20:00,122,106,3,231
2024-04-03 12:30:00,106,128,2,236
2024-04-03 12:40:00,120,120,5,245
2024-04-03 12:50:00,124,102,2,228
2024-04-03 13:00:00,119,108,6,233
2024-04-03 13:10:00,119,104,4,227
2024-04-03 13:20:00,106,121,5,232
2024-04-03 13:30:00,101,119,1,221
2024-04-03 13:40:00,108,110,4,222
2024-04-03 13:50:00,111,107,3,221
2024-04-03 14:00:00,107,124,4,235
2024-04-03 14:10:00,116,146,5,267
2024-04-03 14:20:00,130,130,3,263
2024-04-03 14:30:00,106,141,3,250
2024-04-03 14:40:00,126,120,3,249
2024-04-03 14:50:00,88,141,5,234
2024-04-03 15:00:00,88,154,1,243
2024-04-03 15:10:00,116,155,4,275
2024-04-03 15:20:00,104,156,2,262
2024-04-03 15:30:00,110,196,2,308
2024-04-03 15:40:00,103,166,2,271
2024-04-03 15:50:00,123,161,2,286
2024-04-03 16:00:00,115,163,6,284
2024-04-03 16:10:00,97,172,3,272
2024-04-03 16:20:00,124,168,3,295
2024-04-03 16:30:00,98,215,4,317
2024-04-03 16:40:00,92,152,4,248
2024-04-03 16:50:00,108,163,4,275
2024-04-03 17:00:00,115,179,7,301
2024-04-03 17:10:00,162,170,0,332
2024-04-03 17:20:00,97,176,4,277
2024-04-03 17:30:00,121,187,2,310
2024-04-03 17:40:00,120,161,3,284
2024-04-03 17:50:00,97,150,4,251
2024-04-03 18:00:00,85,151,2,238
2024-04-03 18:10:00,112,170,8,290
2024-04-03 18:20:00,102,165,1,268
2024-04-03 18:30:00,103,147,4,254
2024-04-03 18:40:00,88,129,5,222
2024-04-03 18:50:00,100,114,5,219
2024-04-03 19:00:00,73,113,5,191
2024-04-03 19:10:00,84,98,2,184
2024-04-03 19:20:00,74,108,0,182
2024-04-03 19:30:00,73,75,2,150
2024-04-03 19:40:00,60,76,3,139
2024-04-03 19:50:00,58,85,2,145
2024-04-03 20:00:00,51,80,1,132
2024-04-03 20:10:00,54,69,0,123
2024-04-03 20:20:00,46,44,1,91
2024-04-03 20:30:00,40,55,1,96
2024-04-03 20:40:00,41,58,3,102
2024-04-03 20:50:00,55,60,1,116
2024-04-03 21:00:00,38,57,2,97
2024-04-03 21:10:00,50,62,0,112
2024-04-03 21:20:00,55,59,2,116
2024-04-03 21:30:00,48,53,0,101
2024-04-03 21:40:00,27,48,1,76
2024-04-03 21:50:00,29,61,1,91
2024-04-03 22:00:00,36,52,1,89
2024-04-03 22:10:00,22,76,2,100
2024-04-03 22:20:00,29,49,0,78
2024-04-03 22:30:00,23,52,0,75
2024-04-03 22:40:00,30,48,1,79
2024-04-03 22:50:00,28,56,0,84
2024-04-03 23:00:00,21,53,1,75
2024-04-03 23:10:00,14,49,0,63
2024-04-03 23:20:00,21,27,1,49
2024-04-03 23:30:00,11,29,0,40
2024-04-03 23:40:00,10,20,0,30
2024-04-03 23:50:00,11,26,1,38
2024-04-04 00:00:00,10,17,0,27
2024-04-04 00:10:00,9,20,0,29
2024-04-04 00:20:00,10,18,0,28
2024-04-04 00:30:00,14,14,0,28
2024-04-04 00:40:00,7,9,1,17
2024-04-04 00:50:00,12,13,0,25
2024-04-04 01:00:00,4,13,0,17
2024-04-04 01:10:00,6,10,0,16
2024-04-04 01:20:00,3,6,0,9
2024-04-04 01:30:00,8,4,0,12
2024-04-04 01:40:00,4,8,0,12
2024-04-04 01:50:00,7,8,0,15
2024-04-04 02:00:00,4,5,0,9
2024-04-04 02:10:00,8,9,0,17
2024-04-04 02:20:00,9,5,0,14
2024-04-04 02:30:00,6,4,0,10
2024-04-04 02:40:00,8,7,0,15
2024-04-04 02:50:00,4,4,0,8
2024-04-04 03:00:00,6,6,0,12
2024-04-04 03:10:00,3,4,0,7
2024-04-04 03:20:00,9,4,0,13
2024-04-04 03:30:00,6,2,0,8
2024-04-04 03:40:00,4,3,0,7
2024-04-04 03:50:00,9,5,0,14
2024-04-04 04:00:00,7,6,0,13
2024-04-04 04:10:00,11,3,1,15
2024-04-04 04:20:00,21,8,0,29
2024-04-04 04:30:00,27,8,0,35
2024-04-04 04:40:00,32,10,1,43
2024-04-04 04:50:00,44,10,1,55
2024-04-04 05:00:00,49,6,1,56
2024-04-04 05:10:00,62,11,0,73
2024-04-04 05:20:00,93,15,1,109
2024-04-04 05:30:00,125,28,1,154
2024-04-04 05:40:00,172,29,2,203
2024-04-04 05:50:00,138,22,1,161
2024-04-04 06:00:00,135,22,1,158
2024-04-04 06:10:00,161,39,2,202
2024-04-04 06:20:00,169,40,2,211
2024-04-04 06:30:00,161,61,5,227
2024-04-04 06:40:00,156,63,4,223
2024-04-04 06:50:00,158,56,3,217
2024-04-04 07:00:00,144,57,6,207
2024-04-04 07:10:00,165,52,2,219
2024-04-04 07:20:00,146,69,3,218
2024-04-04 07:30:00,155,68,8,231
2024-04-04 07:40:00,154,59,3,216
2024-04-04 07:50:00,153,82,9,244
2024-04-04 08:00:00,137,61,5,203
2024-04-04 08:10:00,143,65,2,210
2024-04-04 08:20:00,153,61,1,215
2024-04-04 08:30:00,142,59,7,208
2024-04-04 08:40:00,169,63,2,234
2024-04-04 08:50:00,124,60,3,187
2024-04-04 09:00:00,118,62,4,184
2024-04-04 09:10:00,118,66,1,185
2024-04-04 09:20:00,112,80,1,193
2024-04-04 09:30:00,154,66,3,223
2024-04-04 09:40:00,137,76,2,215
2024-04-04 09:50:00,137,88,1,226
2024-04-04 10:00:00,118,70,3,191
2024-04-04 10:10:00,121,81,1,203
2024-04-04 10:20:00,118,82,1,201
2024-04-04 10:30:00,132,66,1,199
2024-04-04 10:40:00,143,73,4,220
2024-04-04 10:50:00,97,71,2,170
2024-04-04 11:00:00,115,86,0,201
2024-04-04 11:10:00,109,90,3,202
2024-04-04 11:20:00,115,80,2,197
2024-04-04 11:30:00,126,101,2,229
2024-04-04 11:40:00,99,89,6,194
2024-04-04 11:50:00,105,84,4,193
2024-04-04 12:00:00,116,109,2,227
2024-04-04 12:10:00,106,115,2,223
2024-04-04 12:20:00,124,113,1,238
2024-04-04 12:30:00,116,94,5,215
2024-04-04 12:40:00,122,95,6,223
2024-04-04 12:50:00,123,112,2,237
2024-04-04 13:00:00,128,99,0,227
2024-04-04 13:10:00,98,104,5,207
2024-04-04 13:20:00,91,136,2,229
2024-04-04 13:30:00,103,118,1,222
2024-04-04 13:40:00,106,102,2,210
2024-04-04 13:50:00,117,123,6,246
2024-04-04 14:00:00,105,118,0,223
2024-04-04 14:10:00,115,144,15,274
2024-04-04 14:20:00,124,135,1,260
2024-04-04 14:30:00,115,171,2,288
2024-04-04 14:40:00,137,151,2,290
2024-04-04 14:50:00,94,159,6,259
2024-04-04 15:00:00,103,157,1,261
2024-04-04 15:10:00,125,164,3,292
2024-04-04 15:20:00,98,155,2,255
2024-04-04 15:30:00,129,191,1,321
2024-04-04 15:40:00,121,154,1,276
2024-04-04 15:50:00,130,163,5,298
2024-04-04 16:00:00,98,170,3,271
2024-04-04 16:10:00,103,164,2,269
2024-04-04 16:20:00,131,159,3,293
2024-04-04 16:30:00,111,174,0,285
2024-04-04 16:40:00,109,156,8,273
2024-04-04 16:50:00,99,153,4,256
2024-04-04 17:00:00,123,153,6,282
2024-04-04 17:10:00,109,164,4,277
2024-04-04 17:20:00,108,162,1,271
2024-04-04 17:30:00,119,168,4,291
2024-04-04 17:40:00,101,151,5,257
2024-04-04 17:50:00,86,151,6,243
2024-04-04 18:00:00,69,155,8,232
2024-04-04 18:10:00,115,138,3,256
2024-04-04 18:20:00,80,146,5,231
2024-04-04 18:30:00,84,174,5,263
2024-04-04 18:40:00,93,113,3,209
2024-04-04 18:50:00,102,109,7,218
2024-04-04 19:00:00,60,106,5,171
2024-04-04 19:10:00,66,95,2,163
2024-04-04 19:20:00,76,112,3,191
2024-04-04 19:30:00,77,96,2,175
2024-04-04 19:40:00,64,97,7,168
2024-04-04 19:50:00,59,79,3,141
2024-04-04 20:00:00,55,70,3,128
2024-04-04 20:10:00,44,70,1,115
2024-04-04 20:20:00,30,64,2,96
2024-04-04 20:30:00,64,62,2,128
2024-04-04 20:40:00,40,65,0,105
2024-04-04 20:50:00,39,62,5,106
2024-04-04 21:00:00,45,55,3,103
2024-04-04 21:10:00,47,68,1,116
2024-04-04 21:20:00,44,63,0,107
2024-04-04 21:30:00,38,76,0,114
2024-04-04 21:40:00,37,52,0,89
2024-04-04 21:50:00,35,47,1,83
2024-04-04 22:00:00,28,46,2,76
2024-04-04 22:10:00,22,57,1,80
2024-04-04 22:20:00,37,63,1,101
2024-04-04 22:30:00,34,46,0,80
2024-04-04 22:40:00,33,53,4,90
2024-04-04 22:50:00,21,63,0,84
2024-04-04 23:00:00,26,42,1,69
2024-04-04 23:10:00,18,34,0,52
2024-04-04 23:20:00,18,27,1,46
2024-04-04 23:30:00,15,24,0,39
2024-04-04 23:40:00,7,34,0,41
2024-04-04 23:50:00,8,25,1,34
2024-04-05 00:00:00,13,19,2,34
2024-04-05 00:10:00,13,27,0,40
2024-04-05 00:20:00,13,22,0,35
2024-04-05 00:30:00,16,14,1,31
2024-04-05 00:40:00,7,15,0,22
2024-04-05 00:50:00,3,7,0,10
2024-04-05 01:00:00,6,16,0,22
2024-04-05 01:10:00,5,7,0,12
2024-04-05 01:20:00,8,9,0,17
2024-04-05 01:30:00,8,9,0,17
2024-04-05 01:40:00,2,5,0,7
2024-04-05 01:50:00,3,5,1,9
2024-04-05 02:00:00,0,0,0,0
